12, -382.78924262527676; 
12, -339.34552503907514; 
12, -321.19433089825077; 
13, -321.3252646464814; 
14, -211.95706176582325; 
15, -200.95308701311137; 
12, -296.8235384168802; 
14, -337.28358969119654; 
15, -240.66923208984235; 
15, -257.4885755402329; 
15, -233.27000789358408; 
14, -195.57046218763844; 
15, -254.69341570171582; 
13, -322.41636932679467; 
16, -219.82690187166463; 
15, -295.49435433946473; 
12, -330.8371158038226; 
12, -221.45338823164002; 
12, -261.9701678596293; 
14, -254.88025780034422; 
16, -236.25194586945508; 
15, -216.26496377165313; 
14, -244.71074725452854; 
14, -232.6363847530056; 
15, -205.5283657127775; 
16, -240.81270346347628; 
13, -325.48330547750356; 
15, -236.99951795681045; 
12, -271.09460086287436; 
12, -300.1918863690262; 
13, -295.5794740239353; 
12, -316.24463601977186; 
12, -194.7048865905508; 
12, -284.8708275941808; 
12, -287.8507063256402; 
14, -229.33974659585147; 
14, -231.60932654891076; 
12, -274.06148239591494; 
14, -260.4703234790941; 
14, -282.90058398012843; 
15, -227.13811424117557; 
14, -252.90683555631404; 
15, -213.48619060248348; 
12, -296.85837158152935; 
16, -231.9441862290514; 
15, -217.02188512743123; 
12, -314.0578009720248; 
14, -233.87784160615774; 
12, -305.06483517508786; 
12, -251.18167386354617; 
12, -244.1475433307569; 
14, -226.8604113184083; 
12, -300.48570742826996; 
15, -288.6712676335519; 
12, -263.53098498095824; 
16, -215.6824739627391; 
15, -202.9758121597588; 
12, -291.5178650822854; 
15, -260.6257089999981; 
12, -258.9306647726389; 
12, -276.5093381255374; 
12, -281.2254341515454; 
16, -169.0224083740468; 
15, -243.49777699762126; 
16, -286.27432880043125; 
16, -259.20866888040473; 
12, -280.6719993639381; 
12, -266.085171656945; 
12, -230.9096677105881; 
12, -228.98002616909798; 
15, -210.94830603568334; 
15, -216.59330074661193; 
15, -229.05110657829573; 
15, -260.1891341373557; 
16, -213.40437303256113; 
16, -264.1638341838916; 
12, -303.5865171987389; 
12, -229.3020502629297; 
12, -236.12072789659942; 
14, -188.85173498481163; 
13, -262.39529838386443; 
15, -247.46360596640807; 
16, -189.77009559898215; 
15, -183.78609723059708; 
12, -252.49304233831572; 
14, -210.10834855436406; 
12, -474.71105709582844; 
12, -495.1979054643016; 
12, -482.98741105267254; 
12, -460.4831006128188; 
12, -441.4510011248967; 
12, -446.15886096780014; 
12, -454.20708687696606; 
12, -458.1421915957253; 
12, -443.178502928371; 
12, -442.85347291835205; 
12, -453.3277318950604; 
12, -460.25579100193863; 
12, -444.76141848303087; 
12, -445.67323850574394; 
12, -447.72432226784804; 
12, -448.7118881160859; 
12, -424.3899244848835; 
12, -453.1308101206705; 
12, -427.4736286025909; 
12, -432.15628383277726; 
12, -434.6009364234451; 
12, -450.09566998425; 
12, -437.93298608029; 
12, -433.6568918742123; 
12, -414.71046747460787; 
12, -345.94061221681477; 
12, -307.4794557821442; 
12, -348.13951069763425; 
12, -350.09618019828486; 
12, -472.1632055735099; 
12, -458.34802414399746; 
12, -444.29413013614976; 
12, -433.21661918283644; 
12, -430.65043999190675; 
12, -451.72864728319837; 
12, -437.23124166554044; 
12, -429.89958803201444; 
12, -436.27858878859115; 
12, -429.8971991356884; 
12, -444.79949314355326; 
12, -447.2286098855111; 
12, -433.3340332146181; 
12, -438.38541603398335; 
12, -431.23082615782914; 
12, -422.4178403386031; 
12, -421.2912765170622; 
12, -436.3628580668592; 
12, -422.9172653782589; 
12, -434.39829559811915; 
12, -424.99060998253117; 
12, -437.3044584868476; 
12, -434.000603862085; 
12, -419.55013619927195; 
12, -435.9568394016678; 
12, -433.814264845445; 
12, -427.0442260312411; 
12, -418.8632308649758; 
12, -432.89488311085734; 
12, -419.27545440159156; 
12, -420.48934775900125; 
12, -433.687831471143; 
12, -428.59138897984667; 
12, -430.21001732797595; 
12, -421.84809965983004; 
12, -399.43036419403506; 
12, -407.18463553594484; 
12, -415.5252702206126; 
12, -398.9302449285824; 
12, -430.9973446827571; 
12, -377.6935498312014; 
12, -415.88131248500576; 
12, -374.06385424132895; 
12, -429.6541166550742; 
12, -423.23760250633495; 
12, -433.0389271274689; 
12, -422.19940983918787; 
12, -414.7858118946315; 
12, -426.02489838926704; 
12, -397.8530884644424; 
12, -426.11358252281934; 
12, -429.1964223687828; 
12, -418.78994155768305; 
12, -429.318868654962; 
12, -429.39340010707383; 
12, -425.30849434627453; 
12, -418.2532027070265; 
12, -414.5161413226451; 
12, -422.0756583461771; 
12, -427.5646155905997; 
12, -426.4336792813556; 
12, -415.5443198092835; 
12, -432.78308148004726; 
12, -421.5899562242339; 
12, -416.782047453853; 
12, -419.88115386162826; 
12, -415.27915605384624; 
12, -412.22131479311065; 
12, -402.4280191291691; 
12, -413.6951327628485; 
12, -424.7905376865165; 
12, -428.4031108750132; 
12, -392.34944520242425; 
12, -395.3664036403643; 
12, -409.4989265540353; 
12, -415.2148552031431; 
12, -424.2841153947229; 
12, -379.70895470958203; 
12, -399.64614553361025; 
12, -426.7292169112188; 
12, -419.37393785516906; 
12, -424.91021217792877; 
12, -419.9680518511741; 
12, -401.7388741049217; 
12, -418.94139132664714; 
