12, -382.7892426252768; 
12, -339.3455250390752; 
12, -321.1943308982509; 
13, -321.3252646464814; 
14, -211.9570617658237; 
15, -200.9530870131116; 
12, -296.8235384168802; 
14, -337.283589691197; 
15, -240.66923208984235; 
15, -257.4885755402329; 
15, -233.27000789358408; 
14, -195.570462187638; 
15, -254.6934157017149; 
13, -322.41636932679467; 
16, -219.8269018716651; 
15, -295.49435433946564; 
12, -330.8371158038226; 
12, -221.45338823164002; 
12, -261.9701678596284; 
14, -254.88025780034422; 
16, -236.25194586945508; 
15, -216.26496377165222; 
14, -244.7107472545258; 
14, -232.6363847530065; 
15, -205.5283657127784; 
16, -240.81270346347446; 
13, -325.48330547750356; 
15, -236.99951795680863; 
12, -271.09460086287254; 
12, -300.1918863690262; 
13, -295.5794740239362; 
12, -316.2446360197737; 
12, -194.70488659055263; 
12, -284.870827594179; 
12, -287.850706325642; 
14, -229.33974659584783; 
14, -231.60932654891258; 
12, -274.06148239591494; 
14, -260.47032347909044; 
14, -282.90058398012843; 
15, -227.13811424117557; 
14, -252.90683555631585; 
15, -213.4861906024853; 
12, -296.8583715815312; 
16, -231.9441862290514; 
15, -217.0218851274294; 
12, -314.05780097202296; 
14, -233.87784160615774; 
12, -305.0648351750842; 
12, -251.18167386354617; 
12, -244.1475433307587; 
14, -226.8604113184083; 
12, -300.48570742826996; 
15, -288.6712676335519; 
12, -263.53098498095824; 
16, -215.68247396274091; 
15, -202.9758121597606; 
12, -291.5178650822836; 
15, -260.6257089999999; 
12, -258.9306647726389; 
12, -276.5093381255374; 
12, -281.2254341515454; 
16, -169.0224083740468; 
15, -243.49777699762126; 
16, -286.27432880043125; 
16, -259.20866888040837; 
12, -280.67199936393445; 
12, -266.085171656945; 
12, -230.9096677105881; 
12, -228.98002616909798; 
15, -210.94830603568334; 
15, -216.59330074661557; 
15, -229.0511065782921; 
15, -260.1891341373557; 
16, -213.4043730325575; 
16, -264.16383418389523; 
12, -303.5865171987389; 
12, -229.30205026293334; 
12, -236.12072789659578; 
14, -188.85173498481163; 
13, -262.39529838386807; 
15, -247.46360596640807; 
16, -189.7700955989858; 
15, -183.78609723060072; 
12, -252.49304233831208; 
14, -210.10834855435678; 
12, -474.7110570958321; 
12, -495.1979054643016; 
12, -482.98741105267254; 
12, -460.4831006128188; 
12, -441.4510011248967; 
12, -446.15886096780014; 
12, -454.20708687697334; 
12, -458.14219159571803; 
12, -443.1785029283783; 
12, -442.8534729183448; 
12, -453.3277318950568; 
12, -460.2557910019459; 
12, -444.7614184830272; 
12, -445.67323850574394; 
12, -447.72432226784804; 
12, -448.7118881160859; 
12, -424.38992448487625; 
12, -453.1308101206778; 
12, -427.4736286025909; 
12, -432.1562838327809; 
12, -434.6009364234451; 
12, -450.0956699842427; 
12, -437.93298608029363; 
12, -433.6568918742123; 
12, -414.71046747460787; 
12, -345.94061221681477; 
12, -307.47945578213694; 
12, -348.1395106976415; 
12, -350.0961801982776; 
12, -472.1632055735099; 
12, -458.34802414400474; 
12, -444.29413013614976; 
12, -433.21661918283644; 
12, -430.650439991914; 
12, -451.7286472831911; 
12, -437.23124166554044; 
12, -429.89958803201444; 
12, -436.2785887885839; 
12, -429.8971991356884; 
12, -444.79949314355326; 
12, -447.2286098855184; 
12, -433.3340332146254; 
12, -438.38541603397607; 
12, -431.23082615782914; 
12, -422.4178403386031; 
12, -421.2912765170622; 
12, -436.3628580668592; 
12, -422.9172653782589; 
12, -434.39829559811915; 
12, -424.99060998253117; 
12, -437.3044584868476; 
12, -434.000603862085; 
12, -419.55013619927195; 
12, -435.9568394016678; 
12, -433.8142648454377; 
12, -427.0442260312484; 
12, -418.8632308649758; 
12, -432.8948831108646; 
12, -419.2754544015843; 
12, -420.48934775900125; 
12, -433.68783147115755; 
12, -428.59138897982484; 
12, -430.2100173279832; 
12, -421.84809965983004; 
12, -399.43036419403506; 
12, -407.18463553594484; 
12, -415.5252702206053; 
12, -398.9302449286042; 
12, -430.9973446827353; 
12, -377.6935498312014; 
12, -415.8813124850203; 
12, -374.06385424132895; 
12, -429.6541166550742; 
12, -423.23760250633495; 
12, -433.03892712746165; 
12, -422.1994098391733; 
12, -414.78581189464603; 
12, -426.02489838925976; 
12, -397.8530884644497; 
12, -426.1135825228266; 
12, -429.19642236876825; 
12, -418.7899415576758; 
12, -429.31886865497654; 
12, -429.39340010707383; 
12, -425.30849434627453; 
12, -418.2532027070265; 
12, -414.51614132263785; 
12, -422.07565834619163; 
12, -427.56461559059244; 
12, -426.4336792813556; 
12, -415.5443198092689; 
12, -432.7830814800618; 
12, -421.5899562242339; 
12, -416.78204745384573; 
12, -419.8811538616428; 
12, -415.27915605383896; 
12, -412.22131479311065; 
12, -402.42801912916184; 
12, -413.69513276286307; 
12, -424.7905376865092; 
12, -428.40311087500595; 
12, -392.3494452024315; 
12, -395.3664036403643; 
12, -409.4989265540353; 
12, -415.2148552031431; 
12, -424.28411539473746; 
12, -379.7089547095529; 
12, -399.6461455336248; 
12, -426.7292169112043; 
12, -419.37393785519816; 
12, -424.9102121779142; 
12, -419.968051851145; 
12, -401.7388741049508; 
12, -418.94139132664714; 
