16, -70.89338868280154; 
16, -72.0977341350958; 
16, -81.7877465293841; 
16, -83.5573535052228; 
16, -88.60596879062689; 
16, -92.29244716985806; 
15, -93.77277008406054; 
16, -79.44492175884375; 
15, -94.41287230010971; 
16, -90.62254763169756; 
16, -88.22169405864963; 
16, -80.17422747827402; 
16, -98.89212161368744; 
15, -83.9674826800549; 
16, -75.10501627492386; 
16, -88.07884796576741; 
16, -93.87266250086304; 
16, -101.82286079475875; 
16, -104.3706284486666; 
16, -96.63237725912836; 
16, -80.8743312345157; 
16, -76.15817748752261; 
16, -89.05661699348752; 
16, -113.66230657648816; 
16, -108.04946706915189; 
16, -122.65882139911855; 
16, -90.29089753698463; 
16, -122.83833957301704; 
16, -112.40526292230425; 
16, -106.61331067879973; 
16, -98.15803855096829; 
16, -94.11191678956493; 
16, -96.48009162388507; 
16, -106.9055595505074; 
16, -103.12967456066326; 
16, -125.60689705364302; 
16, -125.37684171465298; 
16, -112.5811225788857; 
16, -127.42546276744952; 
16, -116.54012097368104; 
16, -127.31687771965608; 
16, -112.69810333016949; 
16, -114.29826004463303; 
16, -111.54011124022509; 
16, -120.24931649614064; 
16, -112.71023844840965; 
16, -118.7456976906351; 
16, -133.33918931967037; 
16, -97.84357414526949; 
16, -103.91196019043673; 
16, -121.79672880495946; 
16, -113.12393234677711; 
16, -111.67307075676581; 
16, -115.83107936820852; 
16, -103.36903514530877; 
16, -131.16369522671175; 
16, -121.80524634025642; 
16, -125.4130894664404; 
16, -128.37209950674514; 
16, -114.97026561625171; 
16, -125.22836522277703; 
16, -132.52245831639902; 
16, -118.6956365015003; 
16, -152.37944504775896; 
16, -107.16065817461913; 
16, -120.07164724168888; 
16, -116.08266429429659; 
16, -112.68024343782145; 
16, -139.3950657150026; 
16, -142.06377187568796; 
16, -121.8539880837352; 
16, -123.76725029779573; 
15, -119.86547428251106; 
15, -137.96918935929534; 
16, -123.38565415384892; 
16, -150.51154993319778; 
16, -121.70161922230727; 
16, -143.497217827844; 
16, -139.65696393562393; 
16, -119.42698885880964; 
16, -127.15833862426553; 
16, -147.93265643826635; 
16, -125.18039024374593; 
15, -141.8890772384184; 
16, -132.2405628947272; 
16, -125.60917679578415; 
14, -74.84525495094385; 
12, -70.89338868297637; 
15, -70.89338868297637; 
13, -70.89338868297637; 
12, -70.89338868297637; 
12, -70.89338868297637; 
12, -70.89338868297637; 
12, -70.89338868297637; 
12, -70.89338868297637; 
14, -70.89338868297637; 
12, -70.89338868297637; 
12, -70.89338868297637; 
15, -70.89338868297637; 
12, -70.89338868297637; 
12, -70.89338868297637; 
12, -70.89338868297637; 
14, -70.89338868297637; 
13, -70.89338868297637; 
13, -70.89338868297637; 
12, -70.89338868297637; 
13, -70.89338868297637; 
14, -70.89338868297637; 
12, -70.89338868297637; 
12, -70.89338868297637; 
13, -71.19007949600564; 
14, -76.42143153142752; 
16, -70.75984765650719; 
16, -77.77847445471525; 
15, -73.26247037772555; 
13, -70.89338868297637; 
12, -70.89338868297637; 
12, -70.89338868297637; 
15, -70.89338868297637; 
12, -70.89338868297637; 
12, -70.89338868297637; 
12, -70.89338868297637; 
12, -70.89338868297637; 
12, -70.89338868297637; 
12, -70.89338868297637; 
12, -70.89338868297637; 
12, -70.89338868297637; 
12, -70.89338868297637; 
12, -70.89338868297637; 
12, -70.89338868297637; 
12, -70.89338868297637; 
13, -70.89338868297637; 
15, -70.89338868297637; 
13, -70.89338868297637; 
13, -70.89338868297637; 
12, -70.89338868297637; 
12, -70.89338868297637; 
12, -70.89338868297637; 
12, -71.73467227957735; 
12, -70.89338868297637; 
12, -70.80262321904956; 
14, -70.89338868297637; 
16, -72.64232691880534; 
14, -71.40479594519093; 
14, -72.27926506310541; 
15, -70.89338868297637; 
12, -70.89338868297637; 
12, -70.89338868297637; 
13, -70.89338868297637; 
13, -70.89338868297637; 
16, -70.89338868297637; 
16, -72.64232691880534; 
15, -70.89338868297637; 
16, -73.69027816019843; 
12, -70.89338868297637; 
14, -74.25161140443379; 
16, -70.89338868297637; 
15, -76.79574545740252; 
12, -70.89338868297637; 
13, -70.89338868297637; 
12, -70.89338868297637; 
12, -70.89338868297637; 
13, -70.89338868297637; 
13, -70.89338868297637; 
15, -72.22040412334354; 
13, -70.89338868297637; 
13, -71.13249955343053; 
14, -70.89338868297637; 
13, -70.89338868297637; 
12, -70.89338868297637; 
14, -70.89338868297637; 
15, -70.89338868297455; 
13, -70.89338868297637; 
13, -70.89338868297637; 
12, -70.89338868297637; 
15, -70.89338868297637; 
15, -70.89338868297637; 
13, -70.89338868297637; 
13, -70.89338868297637; 
12, -70.89338868297637; 
12, -70.89338868297637; 
14, -70.89338868297637; 
13, -70.89338868297637; 
15, -70.89338868297637; 
14, -70.89338868297637; 
13, -70.89338868297637; 
12, -70.89338868297637; 
14, -71.22326501733914; 
16, -72.93901773183461; 
13, -70.89338868297637; 
13, -70.89338868297637; 
12, -70.89338868297637; 
14, -74.20655120083393; 
16, -73.66514144325629; 
12, -70.89338868297637; 
14, -70.89338868297637; 
13, -70.89338868297637; 
13, -70.89338868297637; 
16, -75.04464250626916; 
12, -70.89338868297637; 
