16, -385.37835629006486; 
16, -368.88322991354255; 
16, -369.50635035302673; 
16, -367.8503957197238; 
16, -369.4995972974432; 
16, -370.30765945696476; 
16, -368.8945045462274; 
16, -369.0571098951; 
16, -368.6262857015895; 
16, -368.22266063699317; 
16, -368.3270256566193; 
16, -368.0200645512309; 
16, -368.4606837351339; 
16, -368.1287586098215; 
16, -368.3841099361698; 
16, -368.1829766136425; 
16, -368.5384965395024; 
16, -368.23885038359185; 
16, -368.2027291083523; 
16, -368.17934227370915; 
16, -367.9605304792367; 
16, -368.3620759382002; 
16, -368.18667964785345; 
16, -368.14488756273204; 
16, -368.1557369819875; 
16, -367.9681324195699; 
16, -368.0283022898275; 
16, -368.39919185875624; 
16, -367.8802545079652; 
16, -368.0337456357156; 
16, -367.94139256458766; 
16, -367.88005486220027; 
16, -368.26033639903653; 
16, -368.2456953239616; 
16, -368.0702586867519; 
16, -368.2731859366777; 
16, -368.0226663095291; 
16, -367.98318816517167; 
16, -367.7202858149394; 
16, -367.9816205775551; 
16, -368.27245142971697; 
16, -368.34701147333544; 
16, -367.71524511774805; 
16, -368.2187404907618; 
16, -368.07047642747966; 
16, -368.2527393429373; 
16, -367.9099070431366; 
16, -367.90437357299015; 
16, -368.025247172729; 
16, -368.18223327061423; 
16, -368.1192793858936; 
16, -368.2473744985182; 
16, -367.739105632103; 
16, -368.28191421292286; 
16, -368.05650496358066; 
16, -367.96212541645946; 
16, -367.6455134801654; 
16, -367.9185517508158; 
16, -367.7717070169092; 
16, -367.8752721756391; 
16, -368.41051856900594; 
16, -367.867745746109; 
16, -368.44015824280723; 
16, -368.10475691121974; 
16, -367.774575090265; 
16, -367.9386323445251; 
16, -367.93609150556586; 
16, -368.1195421111952; 
16, -368.2129038829553; 
16, -367.9242651707318; 
16, -367.43710443994496; 
16, -368.1893237738077; 
16, -367.81186966707173; 
16, -368.3082223672973; 
16, -367.79426000406966; 
16, -367.9434073292796; 
16, -367.75844539789614; 
16, -368.0304691484307; 
16, -367.9737908497409; 
16, -367.56719993425213; 
16, -367.72930947627174; 
16, -368.5800228787957; 
16, -368.3733049256298; 
16, -367.9975796701983; 
16, -367.85040622068846; 
16, -368.7554814660616; 
16, -367.3431881439792; 
16, -367.8969586011044; 
16, -367.8133179642209; 
16, -368.17224014487147; 
16, -368.0757955168083; 
16, -368.0532977180701; 
16, -368.0348013683106; 
16, -368.4223231345095; 
16, -368.6661944456282; 
16, -368.3170753821323; 
16, -368.1647967486788; 
16, -368.2162369537691; 
16, -368.4113001605874; 
16, -368.18605811517773; 
16, -367.6614383127744; 
16, -368.15856792487466; 
16, -368.06764117532293; 
16, -368.04492751477665; 
16, -367.99936445007916; 
16, -367.8999301125077; 
16, -368.0702446207797; 
16, -368.07663317987317; 
16, -368.1319537489835; 
16, -368.03094612700806; 
16, -368.0742574257092; 
16, -368.0482389694953; 
16, -367.7410310837222; 
16, -367.94959416773054; 
16, -367.5630816410048; 
16, -368.1480801592843; 
16, -367.6445138050549; 
16, -368.1709993776385; 
16, -368.10599913545593; 
16, -368.1948891961438; 
16, -368.0398489628642; 
16, -368.0180940884384; 
16, -367.9490490145545; 
16, -368.1849790215492; 
16, -367.8777566469871; 
16, -367.7585449916005; 
16, -368.33653454912564; 
16, -367.8630455009479; 
16, -367.7959365814095; 
16, -367.86367305928434; 
16, -368.2353746493318; 
16, -368.1531182105682; 
16, -367.8166914771937; 
16, -368.0428256320156; 
16, -367.95442226267187; 
16, -367.4854650153138; 
16, -367.87355933698564; 
16, -368.2898928852155; 
16, -368.18341417558986; 
16, -368.2316351169575; 
16, -368.0156347168231; 
16, -368.1565856622328; 
16, -367.60353336602566; 
16, -368.14711340353824; 
16, -368.2811135370357; 
16, -367.8075888807143; 
16, -368.07146609950723; 
16, -367.553102562546; 
16, -368.4122070186422; 
16, -368.1774333418216; 
16, -368.33551868044015; 
16, -367.97185359972354; 
16, -367.73641456047335; 
16, -368.08735274735955; 
16, -367.6375173518172; 
16, -368.24600282315805; 
16, -368.2117867473571; 
16, -368.0739453631322; 
16, -368.1263590971721; 
16, -368.0700936169669; 
16, -367.8439139502443; 
16, -368.2786085880289; 
16, -368.1697889671923; 
16, -368.0227412152017; 
16, -367.9877711023655; 
16, -368.20818445735495; 
16, -367.63875732183806; 
16, -368.049495291787; 
16, -368.1752063662061; 
16, -368.24187880162935; 
16, -368.3212183094802; 
16, -368.12354770417005; 
16, -367.91645316182985; 
16, -367.88746889549657; 
16, -368.0508374918354; 
16, -368.2299012458825; 
16, -368.0506911670309; 
16, -368.2572065612985; 
16, -368.1434669281589; 
16, -368.11406740674283; 
16, -368.0373666166997; 
16, -367.96863226515416; 
16, -367.9808671027422; 
16, -367.9225146755489; 
16, -367.82394875743194; 
16, -367.88184117634955; 
16, -367.89945238479413; 
16, -368.0606602231419; 
16, -368.12201406876557; 
16, -367.9134169734025; 
16, -367.97389769362053; 
16, -368.3344318856398; 
16, -368.3317148368078; 
16, -368.0817737631587; 
16, -368.2095034081576; 
16, -367.770243859326; 
16, -368.00843734681257; 
16, -367.76271667958645; 
16, -367.93901308396016; 
16, -368.03984715578554; 
