12, -395.6865750409297; 
12, -371.4382652144294; 
12, -369.6152303851562; 
12, -368.5147593479526; 
12, -368.6492680303918; 
12, -368.84417342665074; 
12, -369.4355589024626; 
12, -368.6971063473943; 
12, -368.4050749172211; 
12, -368.0948186019955; 
12, -368.25390756203797; 
12, -368.1684731205128; 
12, -367.94995290033967; 
12, -368.8193013291575; 
12, -368.5271210564415; 
12, -368.2288942304913; 
12, -368.2056288993872; 
12, -368.22071454846537; 
12, -368.2218536230548; 
12, -368.13553511930695; 
1, -367.96997813989583; 
12, -368.0179804160698; 
1, -367.946213065391; 
12, -368.0120726298901; 
12, -368.33980395354956; 
12, -368.17377250688696; 
12, -368.20752917859863; 
12, -368.17992851046256; 
12, -368.1922428121361; 
12, -368.0170697343874; 
12, -368.1149190307733; 
12, -368.174853138069; 
1, -367.91862639768806; 
1, -367.63746851483484; 
1, -367.8412563973743; 
12, -368.5302360879723; 
12, -368.54665249632126; 
1, -367.9335678120515; 
12, -368.15275871671474; 
1, -367.93508521079457; 
1, -367.97361665578137; 
12, -368.119401779446; 
1, -367.8943517514108; 
12, -367.9932309209162; 
12, -368.23671751372603; 
1, -367.8512582003714; 
1, -367.5188128920272; 
1, -367.8179812557937; 
12, -368.0040750155349; 
1, -367.7455369821364; 
12, -368.46521817266694; 
12, -368.13578382006745; 
1, -367.6253390505153; 
1, -367.8064503579626; 
1, -367.8932105868116; 
12, -368.311313318929; 
12, -367.98414019142365; 
1, -367.67322773457636; 
12, -368.48929634279557; 
12, -368.36738351449094; 
1, -367.79665511954227; 
12, -368.159712323697; 
12, -368.00208344048224; 
12, -368.6494042107988; 
12, -368.05124073893603; 
12, -368.1006290514124; 
12, -368.3658425472677; 
1, -367.8944218273791; 
1, -367.64869396703216; 
12, -368.0123824778602; 
1, -367.7568016334335; 
12, -368.0495058219385; 
12, -368.3901014652947; 
1, -367.5469236048266; 
12, -367.9637746540611; 
12, -368.12404530836284; 
12, -368.2516434700774; 
12, -367.99465621275885; 
12, -368.0463789057212; 
12, -367.9804155806378; 
12, -368.5315606944205; 
12, -368.187078848463; 
1, -367.9505473817917; 
12, -368.02976079714426; 
12, -368.0863580078876; 
1, -367.9523924013156; 
12, -368.03294117203404; 
12, -368.24722683253276; 
12, -368.1919740483827; 
1, -367.77951157227653; 
12, -368.12094462971436; 
1, -367.94606629933696; 
12, -368.26458951842505; 
1, -367.96866518892057; 
12, -368.19658121651446; 
1, -367.9452360515061; 
12, -368.1507797379527; 
12, -368.1431085994409; 
12, -368.09863433962164; 
12, -368.1448710688128; 
1, -367.7009373648398; 
1, -367.91532765816373; 
1, -367.5208990535466; 
12, -368.01680634332297; 
1, -367.7732875561924; 
12, -368.3375188630089; 
12, -368.27881674496894; 
12, -367.99496816599276; 
12, -368.06124462467415; 
12, -368.1638508759788; 
12, -368.37139905991353; 
12, -368.0204119952905; 
1, -367.5591158238094; 
1, -367.9424069997913; 
1, -367.727154195185; 
12, -368.2821321810843; 
1, -367.5805938895501; 
1, -367.80523213776905; 
12, -368.22673754348216; 
12, -368.0199802562929; 
12, -368.01503466100985; 
12, -368.2304547858803; 
12, -368.0184202714372; 
1, -367.77502549161727; 
12, -368.2028403651202; 
12, -368.0780901551261; 
1, -367.9760012692059; 
12, -368.1843115307056; 
1, -367.8759901509475; 
1, -367.9496233423997; 
12, -368.0435140839036; 
1, -367.90100722856005; 
12, -368.31309896489984; 
1, -367.8079113797721; 
1, -367.867242283668; 
12, -368.08388628217654; 
12, -368.1217233576608; 
1, -367.79767307559086; 
12, -368.42811588125915; 
1, -367.7573125764975; 
12, -368.4914317286384; 
12, -368.1390819690787; 
12, -368.0567377710249; 
1, -367.81167330745666; 
12, -368.1292665981018; 
1, -367.8476608183264; 
12, -368.4812779738204; 
12, -368.10930995365925; 
12, -368.26662585692975; 
12, -368.06518494955526; 
1, -367.8768581382392; 
1, -367.97652452394686; 
1, -367.8777528439241; 
1, -367.90564783590526; 
12, -368.069071726095; 
12, -368.11121087052743; 
1, -367.56122755096294; 
12, -368.1277547430727; 
12, -367.9942278012022; 
1, -367.9560457435582; 
12, -368.4080814469198; 
12, -368.42640672783455; 
12, -368.0060458408625; 
12, -368.1230091263933; 
1, -367.95815666638373; 
1, -367.933988204597; 
12, -368.1770408374141; 
12, -368.14801129625994; 
12, -368.1834250690372; 
1, -367.96215858191863; 
12, -367.9914805651206; 
12, -368.1990835972101; 
12, -368.12957160444785; 
1, -367.9447007919516; 
12, -368.04441644533654; 
1, -367.8972151518028; 
12, -368.1287092955681; 
1, -367.8007547258021; 
12, -368.1915240159142; 
1, -367.88736425561365; 
1, -367.9075249870366; 
1, -367.96808898533345; 
12, -367.99380831500457; 
12, -368.0109784908418; 
12, -368.26190082810353; 
1, -367.7547019049671; 
1, -367.95518390848883; 
1, -367.85514364212577; 
1, -367.657363196151; 
1, -367.6914092445222; 
1, -367.73194456635974; 
12, -368.1478376715677; 
12, -368.27995076880325; 
12, -368.1752387926972; 
1, -367.6338331181323; 
1, -367.86320395862276; 
12, -368.08591837894346; 
12, -368.06506718661694; 
12, -368.07023709976056; 
12, -368.0729549658863; 
