16, -384.5328466880561; 
16, -371.1593269013807; 
16, -369.10691740941684; 
16, -369.2033253075424; 
16, -368.1419780603785; 
16, -367.65068724094044; 
16, -368.4685465984694; 
16, -367.90022282363; 
16, -368.5607464992745; 
16, -368.16005208626757; 
16, -368.3351811834714; 
16, -368.0029308509834; 
16, -369.6592348369286; 
16, -366.6264079854682; 
16, -367.7177415582946; 
16, -367.7642499866315; 
16, -369.75329047571176; 
16, -367.9894555142937; 
16, -368.7875624016542; 
16, -366.75450466068014; 
16, -368.6610645129658; 
16, -368.2090797850233; 
16, -366.7764986358143; 
16, -368.9791322726196; 
16, -367.62397079344373; 
16, -367.6112181018834; 
16, -368.3276335187584; 
16, -368.43159479542373; 
16, -369.41070125812803; 
16, -367.7933605139078; 
16, -368.65232449266296; 
16, -367.02616502006094; 
16, -368.06169268947997; 
16, -367.971622866542; 
16, -368.4216397407563; 
16, -368.5443544156351; 
16, -368.4541569612702; 
16, -368.7337621126244; 
16, -368.18371696147733; 
16, -367.88820777298497; 
16, -368.09405117363167; 
16, -368.7407952858848; 
16, -367.70772409544406; 
16, -367.4522035056925; 
16, -368.5194800815243; 
16, -368.83579480807384; 
16, -367.8727850141586; 
16, -368.19151107623475; 
16, -367.99211696756174; 
16, -368.4018113596794; 
16, -367.9406574471468; 
16, -368.243635612027; 
16, -368.29378702718896; 
16, -368.00967253709314; 
16, -368.6595148992601; 
16, -368.1735536415581; 
16, -368.1083330824076; 
16, -367.5792326018927; 
16, -368.3173339348614; 
16, -367.66967984012445; 
16, -367.84138794767205; 
16, -368.38862373533993; 
16, -367.6001729210475; 
16, -367.9930966868815; 
16, -367.96758392333504; 
16, -368.5465654760628; 
16, -368.29788258039116; 
16, -367.8679658116271; 
16, -368.1030209227647; 
16, -368.21632989905265; 
16, -368.37325043194505; 
16, -367.8943997216011; 
16, -368.0667921163913; 
16, -368.19326674125114; 
16, -368.29157937634955; 
16, -367.835174178781; 
16, -368.0833264030989; 
16, -367.7543594966046; 
16, -368.0793060453616; 
16, -368.3585721351119; 
16, -367.59379087091656; 
16, -367.73428360465186; 
16, -368.43402979729944; 
16, -368.1051742487871; 
16, -368.23822959424797; 
16, -368.23213619384114; 
16, -368.0918041504774; 
16, -367.97163472481043; 
16, -368.38171526379665; 
16, -367.952625707243; 
16, -368.25142393521674; 
16, -368.32393067659723; 
16, -368.10395505835913; 
16, -367.85174983827164; 
16, -367.9756153695125; 
16, -368.0205946732458; 
16, -367.8903504910995; 
16, -367.9022538583449; 
16, -368.0467467461931; 
16, -368.2298010562663; 
16, -367.79134869604604; 
16, -367.9285138646228; 
16, -367.92444337579946; 
16, -368.1479754631582; 
16, -368.0820125668761; 
16, -368.161020122694; 
16, -367.9801464736447; 
16, -367.81636646451807; 
16, -367.9377856858264; 
16, -368.19974682758766; 
16, -368.19154239760974; 
16, -368.0498495382126; 
16, -368.1253299548116; 
16, -368.0408196757562; 
16, -367.9109782075757; 
16, -368.0593518231326; 
16, -368.14063611547317; 
16, -368.32681973725994; 
16, -367.9449397633289; 
16, -367.9828485006801; 
16, -368.15052213990566; 
16, -368.1080370803538; 
16, -367.82577800036233; 
16, -368.08560815158125; 
16, -367.97994903478684; 
16, -368.0850400250565; 
16, -367.9533983934816; 
16, -367.9373953656468; 
16, -368.0648642406595; 
16, -367.94697728331084; 
16, -367.84782671304856; 
16, -368.2973103441909; 
16, -368.24910914990323; 
16, -367.8420033523944; 
16, -368.0571201257044; 
16, -367.91683980509697; 
16, -368.2302549953747; 
16, -368.07953832381463; 
16, -368.1012249137566; 
16, -367.9829541676809; 
16, -368.0687080394782; 
16, -367.9798839230498; 
16, -367.96095963268453; 
16, -367.9287608326922; 
16, -368.0071992065714; 
16, -368.10959379173437; 
16, -367.7342475360201; 
16, -368.0962579901461; 
16, -367.8225450883401; 
16, -367.73249430394935; 
16, -367.6049439546914; 
16, -367.9137643383656; 
16, -367.9959997186088; 
16, -368.0887213042297; 
16, -367.7928164443947; 
16, -368.3604751449893; 
16, -367.88336786280706; 
16, -367.89487323097273; 
16, -368.1128866960644; 
16, -368.0105875699446; 
16, -367.9910628254147; 
16, -367.7730355078238; 
16, -368.2312603942555; 
16, -367.8649550332557; 
16, -368.1156458754922; 
16, -367.70567539973126; 
16, -368.03240552916395; 
16, -368.1046835266243; 
16, -368.212604796965; 
16, -368.15024680169154; 
16, -367.94843741035584; 
16, -367.88452775979385; 
16, -367.76882464999653; 
16, -367.97883639681095; 
16, -367.9033806694206; 
16, -367.82435638966854; 
16, -368.15772907336213; 
16, -367.6067312900632; 
16, -368.1635194454575; 
16, -367.8266961142508; 
16, -367.7691813781712; 
16, -367.8784680021927; 
16, -367.7948376101267; 
16, -367.72217605329934; 
16, -368.15488649200415; 
16, -368.27102977919276; 
16, -368.0975338109274; 
16, -368.02404551273503; 
16, -368.22454195025784; 
16, -367.96344953887456; 
16, -367.824724126971; 
16, -368.23970096146513; 
16, -367.8467387929559; 
16, -367.8757536137564; 
16, -368.27924860878557; 
16, -368.2740850079135; 
16, -368.27128058274684; 
16, -368.228003948534; 
16, -367.8372548985062; 
16, -368.2305825848889; 
