8, -401.7644139513305; 
8, -386.4567915487582; 
8, -385.56960674910624; 
8, -384.5960457538763; 
8, -385.0452283747593; 
8, -384.382003048843; 
8, -384.99195085082556; 
8, -384.94421889755495; 
8, -383.46476613970026; 
8, -383.59359664069325; 
8, -382.0992783097731; 
8, -385.1020587829953; 
8, -384.0576068747923; 
8, -384.11008746280095; 
8, -384.3143329859604; 
8, -383.1755723780143; 
8, -384.17516881390475; 
8, -384.2855787595481; 
8, -383.9092760665244; 
8, -384.0630710599171; 
8, -385.2266344450509; 
8, -384.8071142555009; 
8, -383.575090416698; 
8, -384.9524313404254; 
8, -385.1394948548532; 
8, -383.5845698518606; 
8, -383.58133619858745; 
8, -383.94502686629676; 
8, -384.5348988416117; 
8, -384.7258777761799; 
8, -383.7539784074452; 
8, -384.312262106394; 
8, -384.65291787137176; 
8, -384.16872363874063; 
8, -383.2604831153312; 
8, -383.23433320769436; 
8, -383.78099943092275; 
8, -383.51540700744226; 
8, -383.92989119338745; 
8, -383.7632489136686; 
8, -384.1088144530586; 
8, -385.1936557606514; 
8, -383.98119217277053; 
8, -383.90647536791585; 
8, -383.26503547310494; 
8, -383.34722939267886; 
8, -383.78080795559436; 
8, -383.6921501376237; 
8, -384.2789883419173; 
8, -384.18585876341604; 
8, -383.86996973571513; 
8, -384.13692703539346; 
8, -383.8415549991005; 
8, -384.86367093800436; 
8, -384.70103361492875; 
8, -384.00540467082465; 
8, -384.2753109896985; 
8, -384.26179036237227; 
8, -384.08838045266384; 
8, -384.70457750705464; 
8, -383.49021877784617; 
8, -384.16396008096126; 
8, -384.24965841577796; 
8, -383.6237859937064; 
8, -384.2688640715205; 
8, -384.1294996849865; 
8, -384.1547319047131; 
8, -384.10090757089347; 
8, -384.80034374962634; 
8, -383.86424221136986; 
8, -384.01206648984225; 
8, -383.7803937198987; 
8, -384.3526326154715; 
8, -383.4260604838346; 
8, -383.6347343760717; 
8, -384.09422286985136; 
8, -384.5021254963249; 
8, -384.0911164319841; 
8, -384.04743811290246; 
8, -384.43480419993284; 
8, -384.23966826466494; 
8, -382.745732474923; 
8, -383.72175651373254; 
8, -384.4580946614915; 
8, -384.23380656479276; 
8, -384.09501104425726; 
8, -383.1644733298017; 
8, -384.5064473195598; 
8, -384.46951774312765; 
8, -384.10543350389344; 
8, -384.0361914331079; 
8, -383.87657433033746; 
8, -383.8632952150656; 
8, -384.21881250705337; 
8, -384.08481809228397; 
8, -383.7129801699193; 
8, -384.12464572418685; 
8, -383.9361277281496; 
8, -384.64019473174994; 
8, -384.090255234034; 
8, -384.4040814343898; 
8, -383.6975826861162; 
8, -383.96434542307543; 
8, -384.0132226072965; 
8, -383.6778864250591; 
8, -383.676614303673; 
8, -384.3835487255128; 
8, -384.01061149299494; 
8, -383.533186461078; 
8, -383.9234699622175; 
8, -384.2175817232346; 
8, -383.999924604992; 
8, -384.0945695769624; 
8, -384.06930805659795; 
8, -384.06735870739067; 
8, -383.82161978603835; 
8, -384.1305512117615; 
8, -383.8807120783604; 
8, -383.88754618011444; 
8, -383.70976215729024; 
8, -383.77616690006835; 
8, -384.03684225057077; 
8, -384.5250502870331; 
8, -384.22776914577116; 
8, -383.8419369491821; 
8, -384.7027605884505; 
8, -384.12573884134326; 
8, -383.6908107809868; 
8, -384.36382448068616; 
8, -383.79072555462335; 
8, -383.95449803401425; 
8, -383.74296644290735; 
8, -383.935444701463; 
8, -383.6920547324189; 
8, -383.9660234382827; 
8, -384.21754173527734; 
8, -384.3122853157547; 
8, -384.12367348396947; 
8, -383.9260743920895; 
8, -384.4288155805407; 
8, -383.975318637742; 
8, -384.0020216515986; 
8, -384.13858944902313; 
8, -383.9007869590496; 
8, -384.0445015214427; 
8, -384.03550935871317; 
8, -383.8646397949924; 
8, -383.85923448570975; 
8, -384.3466863537542; 
8, -383.608877201048; 
8, -384.01220457030286; 
8, -384.2254543831805; 
8, -384.6981199394504; 
8, -383.8300049209938; 
8, -384.11927834104426; 
8, -383.63723189141456; 
8, -383.90679533470393; 
8, -384.3894212015075; 
8, -384.1655200299574; 
8, -384.1612263525167; 
8, -383.7596545765846; 
8, -384.5603170813338; 
8, -384.0951395074226; 
8, -383.9838129366399; 
8, -383.79745176041615; 
8, -383.9262004665652; 
8, -383.9202540465121; 
8, -384.4072648232541; 
8, -383.84674047310546; 
8, -384.40887209694483; 
8, -383.70704766768904; 
8, -384.04609053889; 
8, -383.74648392479867; 
8, -384.0257024589082; 
8, -383.79177671043726; 
8, -383.79482378550165; 
8, -384.7848284075444; 
8, -384.2235100084654; 
8, -383.8448895522015; 
8, -384.0886707356549; 
8, -384.4267549058277; 
8, -384.2228335427935; 
8, -383.9912567801948; 
8, -383.571984057533; 
8, -383.90729822144203; 
8, -383.93152027364704; 
8, -384.06321720889537; 
8, -383.54676861113694; 
8, -383.7177217871649; 
8, -383.90408157542697; 
8, -383.8063159544254; 
8, -383.8282306535257; 
8, -384.2999394016224; 
8, -384.17341200275405; 
8, -384.33859225588094; 
8, -383.9785727563867; 
8, -383.7743020977068; 
8, -384.70561877918954; 
8, -383.71271386668377; 
8, -384.089066975459; 
