4, -484.37380925435525; 
6, -477.01066571532516; 
7, -476.19851262474924; 
6, -478.14149069944347; 
4, -482.8827762900039; 
6, -479.5437342558175; 
5, -482.0860902188674; 
7, -479.1037751197364; 
6, -481.24485603398625; 
6, -479.1910903099888; 
10, -476.46317513127724; 
10, -476.04813763199854; 
6, -484.2714057714402; 
10, -476.04813763199854; 
7, -480.9894876060316; 
6, -481.7714983052947; 
11, -476.04813763199854; 
6, -483.5805399233868; 
6, -486.2934285415722; 
5, -491.3954399858194; 
7, -479.42594687770907; 
7, -477.4096530703682; 
6, -482.07039740924665; 
8, -477.17896261612987; 
8, -478.42407511396596; 
10, -476.87821263055594; 
6, -481.46854010345123; 
6, -477.39679387607976; 
8, -479.4436251226216; 
12, -476.04813763199854; 
7, -484.0355873521439; 
9, -477.70828762911333; 
6, -490.53153465463765; 
7, -481.63684366020607; 
6, -485.67297290353054; 
6, -481.05727366975043; 
8, -478.67081571245944; 
9, -477.3684376262281; 
10, -476.46317513127724; 
7, -484.7692967449948; 
6, -482.21696362319926; 
7, -484.26823570359556; 
12, -476.04813763199854; 
12, -476.04813763199854; 
6, -485.3256695285636; 
9, -477.3505157182299; 
10, -476.87821263055594; 
11, -476.46317513127724; 
7, -479.4790463526224; 
7, -480.6012435072953; 
7, -482.46275254528155; 
12, -476.04813763199854; 
8, -479.63334379580556; 
7, -480.0246651729467; 
7, -492.8563682721615; 
11, -476.04813763199854; 
10, -476.46317513127724; 
8, -477.21830629652686; 
8, -479.1610407081316; 
7, -483.3747125105692; 
9, -479.7834751255068; 
8, -482.1187706229757; 
7, -480.42853682994246; 
7, -486.92512949939555; 
6, -484.6399514859186; 
10, -476.123325128392; 
7, -487.2765337364981; 
7, -484.78942021329203; 
8, -478.4471249869457; 
6, -483.4008284450938; 
8, -480.4813407018228; 
11, -476.0481376313328; 
10, -476.87821262989746; 
8, -479.1971281867518; 
8, -479.9373499821886; 
7, -480.2508872551334; 
10, -476.12332512774447; 
12, -476.0481376313328; 
11, -476.87821262989746; 
8, -479.20038438801566; 
8, -478.0893530756439; 
9, -478.2737001205678; 
7, -476.7705883930903; 
8, -476.84261247716495; 
7, -482.7561938875151; 
7, -477.38017027208844; 
8, -479.2218061604872; 
7, -487.4912015844675; 
8, -477.6726874757296; 
10, -476.12332512774447; 
8, -482.6317156946461; 
7, -490.3535929965874; 
12, -476.0481376313328; 
10, -476.87821262989746; 
11, -476.4631751306151; 
8, -478.63847176040144; 
6, -482.58412159361615; 
8, -483.1040187823601; 
7, -492.00544496070506; 
12, -476.0481376313328; 
8, -479.0288312859484; 
8, -485.45062485099334; 
7, -488.4423410447562; 
7, -485.48963207929773; 
7, -479.04828850566264; 
11, -476.4631751306151; 
8, -476.8265623330444; 
7, -491.0911595885118; 
9, -476.33096570899943; 
7, -481.20414879809687; 
8, -477.22530602497864; 
8, -484.8246905691849; 
7, -483.77604615481687; 
7, -481.4604857336162; 
8, -482.9571436540282; 
7, -488.51011288229347; 
7, -479.56737847065233; 
7, -487.02142985381215; 
8, -479.1612843707917; 
9, -477.1610407075641; 
7, -482.5021171078988; 
8, -484.6205498524214; 
8, -483.22017805985524; 
14, -476.0481376313328; 
7, -480.2051381879137; 
9, -476.68873761985014; 
8, -483.18596234452707; 
9, -476.21993439662765; 
8, -479.38847496065864; 
7, -480.55141445992194; 
9, -476.74600320828176; 
11, -476.4631751306151; 
10, -476.19851262415614; 
8, -481.168040436547; 
11, -476.4631751306151; 
10, -476.5383626270268; 
7, -494.70902932532044; 
10, -476.5383626273033; 
9, -479.7655532181234; 
11, -476.46317513193935; 
7, -482.9888422390359; 
12, -476.0481376326643; 
8, -482.5046342388523; 
7, -482.9943000005442; 
6, -477.75336387490097; 
7, -487.07035969589197; 
8, -483.26114984171; 
10, -476.53836262831464; 
7, -478.76743920726585; 
8, -482.4115248344606; 
7, -479.8289596683171; 
8, -487.8624061497685; 
12, -476.0481376326643; 
10, -477.028587623965; 
8, -486.3705530534353; 
9, -477.16104070869915; 
11, -476.0481376326643; 
8, -478.79234661838564; 
7, -483.6009554748307; 
9, -481.7297094020905; 
8, -478.9964873351855; 
8, -488.5504903219262; 
9, -481.66918761236593; 
11, -476.46317513193935; 
9, -477.99111570724926; 
8, -485.87079031612666; 
7, -480.21756462081976; 
7, -477.3788928500435; 
12, -476.0481376326643; 
12, -476.0481376326643; 
8, -481.6230812099675; 
7, -483.4141953214712; 
10, -476.9534001275897; 
8, -476.77279660968634; 
12, -476.0481376326643; 
7, -481.9577965914941; 
7, -477.85843581044173; 
11, -476.8782126312144; 
7, -485.58891654018953; 
7, -481.1099745774263; 
10, -477.36843762686476; 
8, -481.45412471616874; 
13, -476.0481376326643; 
11, -476.46317513193935; 
9, -479.5760782079742; 
7, -485.2524399292306; 
12, -476.46317513193935; 
10, -478.61355012468994; 
11, -477.7082876297645; 
8, -484.316787329386; 
11, -476.46317513193935; 
8, -479.3891931497783; 
7, -480.6985816713568; 
8, -478.6458012864605; 
11, -476.8782126312144; 
8, -487.44645873813715; 
9, -477.40452510584146; 
7, -493.20531308026693; 
9, -478.01253747957526; 
9, -479.8800843948411; 
