4, -482.11077484852143; 
4, -482.25154684835906; 
5, -484.30212162236; 
4, -483.90136548886403; 
4, -478.96391305272914; 
6, -481.82469056964874; 
5, -485.2650193151385; 
6, -480.48158436544827; 
5, -480.52259791076176; 
6, -480.3852187597404; 
7, -478.71015939285644; 
6, -482.00161529989055; 
6, -479.3255012919917; 
6, -478.0608387855; 
7, -478.0663032030825; 
8, -477.7834751255068; 
6, -488.22122604531705; 
5, -489.6163195458539; 
7, -476.5223124834156; 
10, -476.87821263055594; 
6, -487.04125106358697; 
8, -480.1985126247855; 
6, -492.1142680569701; 
7, -481.63684366020607; 
6, -482.0944157898484; 
7, -483.858906284986; 
12, -476.04813763199854; 
9, -477.70828762911333; 
8, -480.00903761468726; 
7, -476.71715912165746; 
6, -481.60666355565263; 
7, -483.6189217522078; 
8, -480.7460032088529; 
7, -486.0339592514865; 
7, -479.22530602532606; 
7, -481.3184154297196; 
7, -480.0160373434883; 
9, -476.123325128392; 
6, -489.72064215492355; 
6, -478.1196672232036; 
6, -480.87907151752734; 
10, -476.87821263055594; 
6, -488.06942890170103; 
9, -477.70828762911333; 
8, -480.33096570957423; 
6, -502.1368816496688; 
6, -495.39424568809045; 
7, -482.4806744532798; 
7, -481.4755464882219; 
6, -492.5363812433534; 
6, -494.19010497130876; 
8, -482.29512189357774; 
6, -484.36887040800866; 
7, -481.33374072951483; 
9, -477.0285876233429; 
8, -479.6512657038038; 
7, -485.8268921299459; 
8, -480.202012489186; 
8, -478.12356879147774; 
9, -477.7834751255068; 
10, -476.87821263055594; 
7, -482.05245461912637; 
14, -476.04813763199854; 
8, -477.9015061666978; 
8, -478.92105617535344; 
8, -480.46341879436295; 
7, -490.8224823533783; 
8, -481.5565281987547; 
7, -488.9871932562419; 
8, -479.36868128881906; 
9, -479.1037751191325; 
8, -478.61379378666606; 
7, -485.71806237773126; 
7, -478.12863150506746; 
8, -478.4112811705345; 
7, -484.43366479489487; 
6, -486.8332419138969; 
6, -488.3866097258651; 
7, -490.49566995639907; 
7, -489.368015040076; 
7, -482.39139470976806; 
8, -484.0125374786003; 
8, -481.4275749778826; 
11, -476.87821262989746; 
7, -489.2345934477926; 
10, -476.87821262989746; 
7, -493.8096884103361; 
8, -482.5600280627259; 
7, -480.3414861848505; 
7, -483.9817563767574; 
10, -476.87821262989746; 
10, -477.2932501291798; 
7, -481.54432859756344; 
10, -476.87821262989746; 
11, -476.0481376313328; 
13, -476.0481376313328; 
10, -476.5383626270268; 
7, -485.88701887173374; 
8, -479.0339592510718; 
9, -477.8586626212855; 
7, -491.78567002978525; 
9, -477.8586626212855; 
8, -480.0128672751962; 
8, -489.2934937924074; 
11, -476.0481376313328; 
7, -478.14012714390265; 
8, -487.85890628451307; 
8, -485.0355873517037; 
7, -491.672351023597; 
8, -476.99648733447975; 
7, -478.161277715255; 
12, -476.0481376313328; 
8, -482.28069984955073; 
8, -489.57794997070596; 
7, -490.917154607203; 
7, -488.91305374496005; 
8, -480.95397358613263; 
10, -478.12332512774447; 
9, -476.4992626098028; 
12, -476.0481376313328; 
7, -484.8009953297005; 
10, -476.95340012630913; 
7, -479.73223410245555; 
7, -490.59341334393685; 
8, -485.81189662632823; 
11, -476.4631751306151; 
8, -480.9997435357436; 
8, -477.31165936361504; 
11, -476.12332512774447; 
11, -476.12332512774447; 
11, -476.4631751306151; 
8, -478.903377930088; 
8, -477.3901030612906; 
9, -480.4992626098028; 
8, -481.59424377806135; 
9, -479.50089071043476; 
9, -476.4061532054111; 
9, -478.9927438070881; 
10, -477.7082876297645; 
12, -476.46317513193935; 
7, -481.32319676704356; 
8, -483.37893721979344; 
7, -480.309684635693; 
7, -490.67967037379276; 
8, -482.968969090216; 
9, -480.5956282166735; 
9, -478.2378563057573; 
8, -482.79234661838564; 
7, -486.2674731457955; 
7, -479.2713405200193; 
9, -477.1789626167156; 
7, -486.71971136056527; 
7, -482.56243557325797; 
11, -477.29325013048947; 
9, -481.6512657043495; 
7, -477.5154743350722; 
8, -479.29608374538657; 
12, -476.0481376326643; 
10, -476.9534001275897; 
7, -481.0518367901386; 
7, -489.6252450567117; 
9, -476.8391126138158; 
13, -476.0481376326643; 
9, -481.7297094020905; 
7, -490.26915984178777; 
10, -476.9534001275897; 
12, -476.0481376326643; 
9, -477.2541501130909; 
12, -476.0481376326643; 
11, -476.46317513193935; 
9, -481.08585321232385; 
8, -482.39873089143657; 
8, -481.92642780380265; 
7, -477.7512529415835; 
7, -476.8261779923196; 
8, -479.16991220094496; 
7, -481.9276042122365; 
8, -486.05538102422724; 
8, -489.7334529293439; 
7, -479.91998470315593; 
9, -478.7460032094241; 
9, -478.55978440064064; 
7, -483.4997331053164; 
10, -477.7834751261398; 
7, -488.2212770910555; 
9, -476.3882312985079; 
7, -485.4260584702279; 
10, -478.53836262831464; 
11, -476.46317513193935; 
10, -477.44362512324005; 
9, -479.1431188006827; 
9, -477.89800630285754; 
10, -476.9534001275897; 
8, -478.1340683849121; 
11, -476.8782126312144; 
8, -483.33983720239485; 
8, -479.8547401717369; 
11, -476.8782126312144; 
11, -476.1233251290396; 
7, -486.05117719712143; 
