12, -614.4330987630001; 
12, -577.4222257150166; 
12, -572.3940769512492; 
12, -568.6623274993783; 
12, -556.5123534264817; 
12, -537.251136497986; 
12, -518.7760189770288; 
12, -506.3946581572027; 
12, -549.8200772668506; 
12, -545.207656601875; 
12, -573.4704532358646; 
12, -537.8724478493914; 
12, -532.1848911636898; 
12, -537.8631707216691; 
12, -560.2373922605739; 
12, -557.8218554260493; 
12, -543.4430746022499; 
12, -545.2991625604791; 
12, -549.6176395311504; 
12, -554.9143697688396; 
12, -521.0598495153099; 
12, -543.2586117971314; 
12, -530.579433717432; 
12, -544.7351951209039; 
12, -537.8273376614306; 
12, -541.59403217402; 
12, -539.7490748450491; 
12, -519.4777241920256; 
12, -530.6346695414086; 
12, -532.0373088281904; 
12, -531.1439921841666; 
12, -530.7126537684453; 
12, -530.9030136189322; 
12, -546.7118068486452; 
12, -539.9177334726155; 
12, -560.9918503833069; 
12, -530.9381855281244; 
12, -562.599630618377; 
12, -535.3183424576164; 
12, -544.6800298435883; 
12, -548.3445554823666; 
12, -528.3958066158375; 
12, -541.0938432785151; 
12, -537.9423586007506; 
12, -544.6640035662713; 
12, -522.3830294702348; 
12, -523.076559064597; 
12, -545.3517478296235; 
12, -553.8553135081311; 
12, -543.4234815811651; 
12, -541.0249200648359; 
12, -538.1343646713613; 
12, -534.7917151269758; 
12, -537.0396393847623; 
12, -542.5639425815971; 
12, -551.2393048095837; 
12, -529.8334823373625; 
12, -542.4714041058178; 
12, -546.2258253142718; 
12, -534.6172589766538; 
12, -539.4069773528026; 
12, -539.4077234802389; 
12, -548.817060022644; 
12, -550.0036066827379; 
12, -533.5948832031645; 
12, -550.0897898854382; 
12, -534.843815163702; 
12, -541.0287684775103; 
12, -541.2755044371152; 
12, -521.5305107213208; 
12, -544.2241313816776; 
12, -543.9218152127069; 
12, -543.192165502136; 
12, -543.069647394077; 
12, -538.284638367244; 
12, -548.0690247415405; 
12, -534.2343066108515; 
12, -546.1327362720767; 
12, -549.3118424283457; 
12, -530.365195199447; 
12, -546.8675490709356; 
12, -545.0482513529714; 
12, -534.8738162343216; 
12, -534.1794352320139; 
12, -541.4713758961516; 
12, -541.6199569011878; 
12, -536.9708781262743; 
12, -540.8092021997727; 
12, -535.6658472045383; 
12, -539.7808385894823; 
12, -539.0244269092; 
12, -538.2366173349728; 
12, -552.5428427525258; 
12, -538.6433500435014; 
12, -553.9567429990275; 
12, -539.1987398087585; 
12, -547.8293097713977; 
12, -522.2389961120643; 
12, -534.884704137774; 
12, -519.7579301948572; 
12, -542.6702752354176; 
12, -518.5280756779539; 
12, -554.7716425647668; 
12, -502.6673329609912; 
12, -505.8410293408888; 
12, -510.93880333044217; 
12, -502.51218360379426; 
12, -512.9529979388826; 
12, -501.05615867392044; 
12, -496.97988855754375; 
12, -490.25606859129766; 
12, -499.7034420784039; 
12, -481.81581346438907; 
12, -489.7601678301435; 
12, -472.2400352781042; 
12, -485.6555875278791; 
12, -469.022378339665; 
12, -489.833837914608; 
12, -491.3992555721561; 
12, -486.9940271899395; 
12, -499.49715982995986; 
12, -494.54764792195056; 
12, -478.90012276491325; 
12, -480.9832657459483; 
12, -474.44018072298786; 
12, -468.18376151403936; 
12, -478.46725221010274; 
12, -463.583974486799; 
12, -471.39143959192734; 
12, -464.33349482955236; 
12, -460.380721144742; 
12, -467.8146899049025; 
12, -455.6084705029789; 
12, -456.57751506644126; 
12, -457.65238444760325; 
12, -481.19880765156995; 
12, -471.08530915649317; 
12, -526.899907689105; 
12, -539.045100647345; 
12, -541.2388973657944; 
12, -516.8734231496637; 
12, -542.4372462977044; 
12, -528.0399967008561; 
12, -515.7198434717575; 
12, -526.82639766988; 
12, -525.9271452911926; 
12, -534.4763650272507; 
12, -535.9401907498977; 
12, -564.8103332853352; 
12, -515.3670096145652; 
12, -527.4121102432109; 
12, -528.0813316949789; 
12, -533.8163014036545; 
12, -526.8924121522869; 
12, -524.1750080329366; 
12, -523.780575328783; 
12, -515.2952597867697; 
12, -535.90577368511; 
12, -533.2258382576838; 
12, -551.2040967738576; 
12, -552.8237725283398; 
12, -534.0126418173895; 
12, -534.3604382512276; 
12, -526.1809011951991; 
12, -545.9908463095926; 
12, -537.2593244553427; 
12, -536.0028127333062; 
12, -536.4070187391044; 
12, -541.3700132956146; 
12, -521.787893658242; 
12, -519.0908231778012; 
12, -541.6043245765031; 
12, -538.0390662347199; 
12, -526.1761469903577; 
12, -546.4410188042384; 
12, -535.1735654374352; 
12, -531.5577136054635; 
12, -527.2478934600076; 
12, -531.5685443205293; 
12, -538.940422797139; 
12, -516.8833577804617; 
12, -540.2265834887658; 
12, -539.8036042861204; 
12, -526.8411679979472; 
12, -515.2843932331889; 
12, -536.3202352529333; 
12, -553.4538769439532; 
12, -514.6807401875267; 
12, -543.5898270640027; 
12, -539.598891040514; 
12, -546.3952553234412; 
12, -511.2813034236897; 
12, -534.2483063012623; 
12, -542.7402060927852; 
12, -534.27392353717; 
12, -533.641095122759; 
12, -533.4182377267571; 
12, -530.892190565588; 
12, -534.1433480993728; 
12, -528.17881712495; 
12, -548.8356406566891; 
12, -539.4215896859678; 
12, -551.4395622834854; 
12, -535.7059711496404; 
12, -527.1721823858679; 
12, -534.2951694170915; 
12, -545.2644848671334; 
12, -545.704075306785; 
12, -522.8702201377309; 
12, -542.8829487269395; 
12, -519.6360305082926; 
12, -532.927988426818; 
12, -537.0977481179725; 
12, -550.1715363464609; 
12, -535.9190626484487; 
12, -521.0050678484695; 
12, -554.2223770364217; 
12, -543.958532606368; 
12, -532.7303257798776; 
12, -551.500180795716; 
12, -537.694230171488; 
12, -530.0989681784558; 
12, -565.6931005577499; 
12, -547.3657575347315; 
12, -531.1114515531517; 
12, -533.4503339578805; 
12, -534.2737259113928; 
12, -532.2166188550909; 
12, -547.7690815714741; 
12, -538.3122765985609; 
12, -532.8464107353066; 
12, -530.7101827066217; 
12, -528.7912675239932; 
12, -538.3946430738724; 
12, -542.0514695472812; 
12, -552.029963442852; 
12, -543.1334329608217; 
12, -535.9635368581658; 
12, -549.8204198091844; 
12, -536.478661809102; 
12, -530.9748802237154; 
12, -530.3607616800873; 
12, -534.6240203688358; 
12, -528.4074951368384; 
12, -532.8080038493936; 
12, -547.2460723502736; 
12, -532.4024251640076; 
12, -529.15859504533; 
12, -527.8494620777201; 
12, -535.4862795806257; 
12, -531.3965663227427; 
12, -539.2640426693833; 
12, -526.764135595382; 
12, -522.4203010055353; 
12, -543.6295616460848; 
12, -519.1751887900464; 
12, -527.3042439603305; 
12, -526.746673320129; 
12, -534.0334102108027; 
12, -533.9874004044104; 
12, -533.7372394581034; 
12, -514.3022911370208; 
12, -525.7134290956601; 
12, -524.8460803357302; 
12, -526.1382998635236; 
12, -535.3786860807159; 
12, -522.9751945111784; 
12, -522.3145366811368; 
12, -519.1427862821729; 
12, -534.0663071751187; 
12, -535.044118029211; 
12, -527.7545623018523; 
12, -515.3835447211168; 
12, -507.77126994662103; 
12, -539.1526010388334; 
12, -540.2937867002329; 
12, -528.7243854389817; 
12, -529.8892772780673; 
12, -536.1613251670788; 
12, -520.4359243696381; 
12, -521.2889035457047; 
12, -530.0302080953843; 
12, -536.1467376851069; 
12, -522.539331578766; 
12, -523.1122439174505; 
12, -542.9851677350816; 
12, -539.5594587696833; 
12, -531.7366055858438; 
12, -535.7109003193618; 
12, -524.1089767063677; 
12, -525.3187908725813; 
12, -529.2394207718899; 
12, -517.0414412404061; 
12, -528.5780772111029; 
12, -532.7837211549631; 
12, -544.3283214797266; 
12, -523.268894219771; 
12, -537.8056610637868; 
12, -523.4324382703344; 
12, -510.0369827952818; 
12, -533.3647377427842; 
12, -525.8454001460632; 
12, -521.8607682380243; 
12, -540.9757067742757; 
12, -517.6640776475833; 
12, -541.4421528522507; 
12, -533.3789138998836; 
12, -533.5394387881679; 
12, -517.8016619700356; 
12, -521.0915491171763; 
12, -542.6524000081117; 
12, -539.6548125516274; 
12, -525.3658896156703; 
12, -532.1463336119778; 
12, -527.4710299862782; 
12, -525.7877863682806; 
12, -541.5410601162002; 
12, -521.6693343444495; 
12, -542.7969232053729; 
12, -530.6642729075102; 
12, -529.7506262360548; 
12, -534.0611329502135; 
12, -514.3252261049347; 
12, -530.4341507165518; 
12, -507.1360010197677; 
12, -555.1360920091392; 
12, -536.4958721388248; 
12, -532.8798405116831; 
12, -526.1348640742654; 
12, -529.4197085094929; 
12, -525.5696951746067; 
12, -533.4869571118907; 
12, -546.4998947524; 
