8, -623.4088981658454; 
8, -594.2375699703969; 
8, -585.6435218601455; 
8, -581.2312179945548; 
8, -589.0070786409487; 
8, -569.0443041318595; 
8, -573.7174428938288; 
8, -562.2153785721657; 
8, -581.6886582205834; 
8, -586.2780116066397; 
8, -584.9790788396367; 
8, -573.3444780805066; 
8, -574.8350490600451; 
8, -569.6504778137469; 
8, -585.552589168954; 
8, -575.7965970388741; 
8, -563.5626470844818; 
8, -558.88607996881; 
8, -567.3342782316868; 
8, -568.1631217727481; 
8, -551.7395862006742; 
8, -562.3995397741601; 
8, -560.0519811138511; 
8, -573.1428899574348; 
8, -564.1363735019677; 
8, -571.6156475145945; 
8, -564.5356106400268; 
8, -555.3865109641083; 
8, -559.0734477254045; 
8, -551.4526560253798; 
8, -556.6443955060895; 
8, -563.3961181392333; 
8, -562.7869293419062; 
8, -573.8334240816548; 
8, -571.2962093729766; 
8, -563.9057066568639; 
8, -558.2187103825454; 
8, -575.4403912128328; 
8, -561.6152562649768; 
8, -570.265595276971; 
8, -564.5450853420953; 
8, -554.785573156918; 
8, -563.026534816614; 
8, -551.0259047836153; 
8, -556.7204660932111; 
8, -561.3696854746704; 
8, -562.8306058581984; 
8, -560.5917725029067; 
8, -575.6740538516024; 
8, -562.1156262473232; 
8, -557.9901453927996; 
8, -566.6847148990964; 
8, -556.9824618906787; 
8, -564.8833265459252; 
8, -569.0852374115166; 
8, -566.5473696567096; 
8, -553.5418833005097; 
8, -572.682078201331; 
8, -565.0513742685507; 
8, -563.5748278899046; 
8, -558.2398894185171; 
8, -561.7402842885858; 
8, -576.2910489239148; 
8, -568.9935196467995; 
8, -557.7014153416822; 
8, -567.5723851323273; 
8, -560.9335155703739; 
8, -565.9590695448132; 
8, -565.5403956344962; 
8, -555.6923886888399; 
8, -563.1217593735273; 
8, -566.7106049201611; 
8, -569.1400074448466; 
8, -560.2710435289919; 
8, -564.3226115041834; 
8, -565.442220481731; 
8, -553.2124544661492; 
8, -568.3130267806555; 
8, -575.9585971876149; 
8, -553.843964490181; 
8, -571.2433419362424; 
8, -566.8440490703215; 
8, -561.1661712126806; 
8, -562.1371808502299; 
8, -565.9698583371064; 
8, -566.840565511171; 
8, -561.3372972899233; 
8, -564.346173222948; 
8, -565.5612473700676; 
8, -569.3423288958365; 
8, -559.8999206306034; 
8, -564.0885721273953; 
8, -573.4575460100241; 
8, -567.7387425003617; 
8, -577.2782239075605; 
8, -564.1686023953589; 
8, -566.4253056221569; 
8, -555.1392221717324; 
8, -556.7480999343243; 
8, -549.308153884318; 
8, -565.0826076015728; 
8, -554.6805779135902; 
8, -577.9652708127178; 
8, -541.0239945211943; 
8, -545.8496656591597; 
8, -547.9004102984618; 
8, -544.0339563535963; 
8, -547.1139913002698; 
8, -550.5305740144904; 
8, -532.7892862112567; 
8, -547.7051243349633; 
8, -545.8626685289419; 
8, -539.8425125779904; 
8, -532.524572968483; 
8, -533.2515510295125; 
8, -529.8890023525819; 
8, -524.5217176884908; 
8, -534.3792113648378; 
8, -538.2248919026752; 
8, -534.9864750206325; 
8, -542.4619332683069; 
8, -534.9932250740821; 
8, -533.9293168236036; 
8, -531.6356950724585; 
8, -521.7003730743163; 
8, -523.0879307644936; 
8, -533.1200504206499; 
8, -517.7498443522782; 
8, -527.5202657579066; 
8, -521.4017613862379; 
8, -525.9760461793048; 
8, -532.6172770725389; 
8, -524.1960597580182; 
8, -519.2716427503765; 
8, -522.0748345158208; 
8, -531.0938713913783; 
8, -528.4546170437534; 
8, -549.9914266563428; 
8, -565.4155830852978; 
8, -577.1108632888936; 
8, -545.946256282914; 
8, -572.3352709975152; 
8, -545.3092022910132; 
8, -559.3543745926727; 
8, -551.1275660287647; 
8, -553.2251203220949; 
8, -563.952964430573; 
8, -560.8274019272358; 
8, -584.3694739332568; 
8, -548.8466333457618; 
8, -566.0258137915516; 
8, -559.7198949696467; 
8, -566.1870709486684; 
8, -552.122242211859; 
8, -557.3563165532832; 
8, -555.2475823979912; 
8, -551.9125181426934; 
8, -555.7361736564926; 
8, -564.7075395018328; 
8, -566.529136513127; 
8, -573.0249364290066; 
8, -564.7833821180684; 
8, -571.5118370382552; 
8, -555.6305546284129; 
8, -580.9849714279117; 
8, -567.3923649311473; 
8, -556.4227579239814; 
8, -560.983901720916; 
8, -563.9751065854798; 
8, -543.5770364592463; 
8, -556.5526563168678; 
8, -567.6447760205192; 
8, -561.4586759905651; 
8, -563.8137478072895; 
8, -566.0261488219694; 
8, -553.5474050194898; 
8, -559.7321223581093; 
8, -573.9545277598518; 
8, -555.8645733919839; 
8, -566.6898698970617; 
8, -556.5577297587006; 
8, -569.7997854237328; 
8, -569.3785390925477; 
8, -562.7604274487239; 
8, -548.6833803487825; 
8, -564.2826072942698; 
8, -570.2326164500846; 
8, -555.3524600031233; 
8, -571.1348128293612; 
8, -567.5644436469593; 
8, -575.5921702550986; 
8, -550.3644065233821; 
8, -557.5179565730941; 
8, -570.7643268483807; 
8, -567.0200345068733; 
8, -568.9907987824699; 
8, -556.9002328438219; 
8, -568.7763195281877; 
8, -565.0950812018127; 
8, -559.2101939100539; 
8, -569.0255346567137; 
8, -570.1369162034389; 
8, -573.3575205688685; 
8, -569.984590064385; 
8, -558.1582658386033; 
8, -576.8303424770711; 
8, -571.5840628772567; 
8, -566.5039521174622; 
8, -550.5452860870864; 
8, -570.8134298456571; 
8, -555.5840646644356; 
8, -563.2772299510689; 
8, -565.6585655373638; 
8, -572.8061727591848; 
8, -566.1748504412826; 
8, -540.8697533970117; 
8, -576.0418141547707; 
8, -571.8959356785344; 
8, -564.4731187288999; 
8, -569.364598754255; 
8, -572.992014381307; 
8, -566.1445138730487; 
8, -592.2932729591121; 
8, -573.8405153737694; 
8, -560.6006873210863; 
8, -556.2716317909944; 
8, -563.0738285562547; 
8, -561.9341294975166; 
8, -570.6570828499243; 
8, -565.3077155678766; 
8, -566.6297170472099; 
8, -560.5964238386514; 
8, -550.9088047338155; 
8, -567.5759268391994; 
8, -576.5683205938549; 
8, -572.6951619701285; 
8, -563.3330906988704; 
8, -567.0883841435716; 
8, -583.2284774190048; 
8, -562.9145414502127; 
8, -567.4318543594563; 
8, -562.5620615086518; 
8, -561.0820617231657; 
8, -565.3656297080452; 
8, -565.5392963214836; 
8, -571.440818543284; 
8, -559.9045253341319; 
8, -561.7042214074754; 
8, -565.9066769172496; 
8, -563.3684102632396; 
8, -567.7689834496123; 
8, -569.6687452251208; 
8, -560.2425155296805; 
8, -560.4582546600141; 
8, -571.9855915034423; 
8, -558.9732241664315; 
8, -566.8173281665368; 
8, -551.9535134243197; 
8, -564.5087547461444; 
8, -562.7127969478897; 
8, -563.9096836240496; 
8, -544.4657756497327; 
8, -552.8988305745006; 
8, -557.4097921419016; 
8, -559.9589771104802; 
8, -573.0750249098928; 
8, -557.298853141896; 
8, -551.7249669200392; 
8, -553.2155768783414; 
8, -567.2761912954156; 
8, -570.3343220315874; 
8, -551.0239384821325; 
8, -559.6849886298296; 
8, -554.9577537335281; 
8, -564.8932387253735; 
8, -585.4408210507827; 
8, -573.9437830242096; 
8, -569.4345166214043; 
8, -568.4757722736103; 
8, -557.8931480381871; 
8, -554.4640449245635; 
8, -563.9422189658217; 
8, -557.9607201004983; 
8, -556.8829466889147; 
8, -564.7406653719954; 
8, -572.0955363625835; 
8, -573.0113848031906; 
8, -570.4920910787769; 
8, -557.6044500723656; 
8, -556.9993540635624; 
8, -550.8164302167716; 
8, -559.2279853356886; 
8, -556.8561868450779; 
8, -561.4158046008961; 
8, -569.7510195256618; 
8, -575.1465704882867; 
8, -568.7774299458542; 
8, -565.2994853463315; 
8, -561.5070075639233; 
8, -551.792816895002; 
