8, -1213.7015723947995; 
8, -1179.6147753698554; 
8, -1170.4957593996796; 
8, -1168.4265178466612; 
8, -1174.8861187458633; 
8, -1161.9229004436065; 
8, -1166.986471190481; 
8, -1135.2230738523067; 
8, -1161.6531421546333; 
8, -1160.6846033055845; 
8, -1159.5117857245932; 
8, -1139.168394439208; 
8, -1132.4419674834025; 
8, -1137.2936669487026; 
8, -1145.4850813045996; 
8, -1145.3728078170243; 
8, -1135.6378254092197; 
8, -1131.4569446906316; 
8, -1142.0170577755198; 
8, -1145.4289955156091; 
8, -1123.9147671568826; 
8, -1135.7548307299257; 
8, -1126.230811355912; 
8, -1147.2332847237813; 
8, -1138.0779976083759; 
8, -1146.3283445869201; 
8, -1137.2584327461154; 
8, -1122.7622419269428; 
8, -1118.728838867417; 
8, -1116.9828473025773; 
8, -1115.8075150394943; 
8, -1130.1488468463795; 
8, -1138.225124247736; 
8, -1137.523633634417; 
8, -1136.62629148196; 
8, -1116.8933091822182; 
8, -1114.8020542238446; 
8, -1143.7284449460421; 
8, -1126.6804211991184; 
8, -1139.6163911565382; 
8, -1123.730211043563; 
8, -1110.7411961251928; 
8, -1120.628554576666; 
8, -1111.6048364411763; 
8, -1124.5031625060728; 
8, -1127.408447532791; 
8, -1126.685491437478; 
8, -1140.3464619783117; 
8, -1145.6953622306319; 
8, -1124.1688779044925; 
8, -1118.1301543806694; 
8, -1133.546762397389; 
8, -1117.3415228520316; 
8, -1142.56949149695; 
8, -1136.3949042414315; 
8, -1132.1073348836217; 
8, -1121.9507833721; 
8, -1138.2474870724982; 
8, -1137.4607189118542; 
8, -1136.4430018882122; 
8, -1115.0980814880313; 
8, -1122.3384861304366; 
8, -1156.5905619100085; 
8, -1141.8884579968872; 
8, -1124.8923640537687; 
8, -1133.0933062542317; 
8, -1125.5034557753097; 
8, -1133.989442469392; 
8, -1131.4581193636113; 
8, -1120.8989148226683; 
8, -1127.6878656437038; 
8, -1124.5715189292969; 
8, -1139.6680220351845; 
8, -1121.447255434381; 
8, -1131.035463130218; 
8, -1122.5954900594952; 
8, -1114.6789020656288; 
8, -1134.747906109391; 
8, -1151.4880247865513; 
8, -1119.380401790564; 
8, -1139.8095321325673; 
8, -1130.4415897153085; 
8, -1121.4330702447915; 
8, -1132.6273797118774; 
8, -1120.4761452363746; 
8, -1127.9112748227635; 
8, -1127.9540499164868; 
8, -1133.3497454917378; 
8, -1132.6341293077712; 
8, -1144.840905945035; 
8, -1123.852024385793; 
8, -1132.4877086367342; 
8, -1148.5478145475645; 
8, -1132.0641896240995; 
8, -1147.7400173251372; 
8, -1137.706545557361; 
8, -1140.4238733887323; 
8, -1120.2867737388879; 
8, -1132.3933855537325; 
8, -1106.4817717836268; 
