12, -587.3675239458418; 
12, -607.8195264678185; 
12, -588.7432702089154; 
12, -604.1515490256213; 
12, -580.5442842922853; 
12, -590.2644375132186; 
12, -600.1246692100376; 
12, -600.9533010298919; 
12, -582.0914329315956; 
12, -573.6245223520718; 
12, -574.35549257813; 
12, -550.9708155258495; 
12, -567.7090803490037; 
12, -586.3483941099139; 
12, -587.2547664485719; 
12, -579.804218952153; 
12, -580.3964016218088; 
12, -583.5961430094903; 
12, -567.7053475208722; 
12, -598.7683257828285; 
12, -586.6984063243144; 
12, -595.2370625513868; 
12, -583.0966703916911; 
12, -589.9432976377757; 
12, -561.5811515190235; 
12, -590.6085703930294; 
12, -571.3627235743734; 
12, -581.4347480806027; 
12, -575.9251890193991; 
12, -573.1708840248139; 
12, -566.2974384092195; 
12, -542.244587136287; 
12, -578.370615203632; 
12, -573.7420532030446; 
12, -590.3339646124368; 
12, -520.6466834283128; 
12, -575.790474101781; 
12, -570.0228317662259; 
12, -592.5947557033978; 
12, -580.1041599295022; 
12, -582.1105870216597; 
12, -580.042233967717; 
12, -598.1980358408764; 
12, -580.0964963223814; 
12, -594.8497004372184; 
12, -579.0973628855245; 
12, -592.7392736888978; 
12, -590.3512558781404; 
12, -585.2486815937846; 
12, -595.5396706383617; 
12, -563.4592813197378; 
12, -583.3924142356263; 
12, -578.4517123198966; 
12, -581.2309167788699; 
12, -577.021031665543; 
12, -536.4572781601819; 
12, -552.5072797423272; 
12, -578.4945928494417; 
12, -524.0895246140935; 
12, -565.7733241270325; 
12, -606.8116830842482; 
12, -593.8711111514131; 
12, -551.1092918189461; 
12, -543.0449188507991; 
12, -527.0009386001766; 
12, -549.1167845338059; 
12, -607.9513438761496; 
12, -575.5554872317734; 
12, -520.3808006579711; 
12, -549.8574071057446; 
12, -581.8721742911221; 
12, -562.5346516396385; 
12, -536.92364631479; 
12, -571.6477046606815; 
12, -606.0412799483529; 
12, -533.5142760211456; 
12, -609.2380097173882; 
12, -589.7636044479586; 
12, -524.6103834806054; 
12, -474.80928447750193; 
12, -580.0946625254655; 
12, -608.9797489478733; 
12, -588.3368299779249; 
12, -578.2508330743876; 
12, -540.8874751373805; 
12, -483.6989500817872; 
12, -606.8584459004924; 
12, -601.2861182639754; 
12, -592.3019923064712; 
12, -580.898965956374; 
12, -488.53191279026214; 
12, -511.5483418549993; 
12, -540.406968824791; 
12, -545.7348899427379; 
12, -536.9726591543149; 
12, -520.2873488490659; 
12, -576.8543065855847; 
12, -614.7534997640905; 
12, -594.4643399588822; 
12, -602.379990731577; 
12, -570.1014797413227; 
12, -599.0929124709801; 
12, -572.9072292827623; 
12, -618.4141232202965; 
12, -594.4305714610819; 
12, -591.875927184883; 
12, -572.9483752240485; 
12, -599.1786054891127; 
12, -611.7377326665082; 
12, -592.8198452290599; 
12, -591.9455834277396; 
12, -586.9885624460876; 
12, -554.4608720924225; 
12, -600.9988604718965; 
12, -581.7486283433245; 
12, -558.7121676116076; 
12, -589.6507844416192; 
12, -587.8907761015289; 
12, -589.7741730335401; 
12, -598.0043095892179; 
12, -574.6357227524859; 
12, -531.6658766956534; 
12, -574.8947370369715; 
12, -594.031701933578; 
12, -568.6508557913767; 
12, -564.581333612834; 
12, -591.0777621707675; 
