12, -1203.9228819020434; 
12, -1160.7647404975094; 
12, -1152.089144973154; 
12, -1151.7812547510157; 
12, -1148.2086030937326; 
12, -1138.3385390507028; 
12, -1112.568426501677; 
12, -1093.473092777629; 
12, -1137.8993811856271; 
12, -1134.1941779642311; 
12, -1145.5183753598521; 
12, -1114.6396144119826; 
12, -1099.5834712374235; 
12, -1108.3333851819589; 
12, -1120.5246547000024; 
12, -1120.3019383539831; 
12, -1118.9583654442467; 
12, -1107.8122440394836; 
12, -1117.9924144403958; 
12, -1127.1474399289982; 
12, -1090.6045305327352; 
12, -1103.3681113460552; 
12, -1098.3565005214514; 
12, -1112.9553836023551; 
12, -1100.997531786721; 
12, -1119.1903183782524; 
12, -1113.4898561796726; 
12, -1099.6890649717352; 
12, -1103.9926904219574; 
12, -1098.0644142826714; 
12, -1103.6676337326426; 
12, -1100.4334745069136; 
12, -1096.6030886950175; 
12, -1098.6720436868054; 
12, -1103.3581084080943; 
12, -1107.242708045087; 
12, -1090.3070092718845; 
12, -1120.8310287032655; 
12, -1090.796955432641; 
12, -1118.6683867972097; 
12, -1108.2071523614723; 
12, -1080.8753015289112; 
12, -1088.3636225020819; 
12, -1089.6858354566211; 
12, -1095.4941457469977; 
12, -1094.4763147114281; 
12, -1090.9340870083252; 
12, -1110.9361442406953; 
12, -1126.0606979401637; 
12, -1110.6154711906565; 
12, -1100.7202774443576; 
12, -1101.2983030279138; 
12, -1095.633759342425; 
12, -1106.4299571598385; 
12, -1119.1437999762857; 
12, -1122.5160843181875; 
12, -1096.1560507402828; 
12, -1105.9662650733007; 
12, -1116.7949968631801; 
12, -1107.2797954177222; 
12, -1088.3705101281957; 
12, -1111.1171533830347; 
12, -1120.1246830016025; 
12, -1127.5836308044381; 
12, -1092.0481451880623; 
12, -1113.5199018601415; 
12, -1099.6888090650173; 
12, -1114.6041505376488; 
12, -1109.3670447225013; 
12, -1082.250675932286; 
12, -1105.4250026229129; 
12, -1115.2193150631938; 
12, -1107.8133189502405; 
12, -1097.2604532340629; 
12, -1102.0237869249831; 
12, -1100.7045785627706; 
12, -1096.533312539017; 
12, -1112.2756461975514; 
12, -1129.4140556707862; 
12, -1098.660626611294; 
12, -1117.7354884922388; 
12, -1108.5274589355395; 
12, -1100.1174740789866; 
12, -1087.4403385723417; 
12, -1087.9052836675837; 
12, -1109.5956041155441; 
12, -1097.6518088447629; 
12, -1097.1259789961332; 
12, -1106.9540038986452; 
12, -1117.0107563651836; 
12, -1105.2566183559102; 
12, -1103.3265426966245; 
12, -1123.0773465971142; 
12, -1097.6854480336478; 
12, -1126.0808512679941; 
12, -1106.898650780524; 
12, -1118.8540326711372; 
12, -1100.6651419857517; 
12, -1101.203763808895; 
12, -1065.8067987989634; 
12, -1105.1695849753305; 
12, -1076.1878337665403; 
12, -1122.9547971920547; 
12, -1061.9327127664146; 
12, -1055.601917974418; 
12, -1066.6479511547368; 
12, -1064.5520283472288; 
12, -1062.5046122855274; 
12, -1055.1018272637884; 
12, -1042.4328148796048; 
12, -1042.0457340823195; 
12, -1059.3098593715986; 
12, -1023.8160337378795; 
12, -1037.9171857636247; 
12, -978.0714920734754; 
12, -1039.733409427441; 
12, -995.488346460319; 
12, -1020.3331171841564; 
12, -1034.1246711093263; 
12, -1037.0991913681792; 
12, -1046.6886969739571; 
12, -1028.4147016972129; 
12, -1002.5191029788984; 
12, -1017.2704509583418; 
12, -1000.1215219036094; 
12, -983.6454864208645; 
12, -1015.6221396489709; 
12, -973.9583578477905; 
12, -998.1671728929796; 
12, -973.2611476876191; 
12, -961.5425543720485; 
12, -965.7480199772981; 
12, -952.040532194078; 
12, -957.5653222975379; 
12, -969.4147396892367; 
12, -995.9608313420613; 
12, -994.2398387211433; 
12, -1080.8343089537811; 
12, -1099.1449382503633; 
12, -1123.063441314618; 
12, -1065.8912235012394; 
12, -1118.8164773804892; 
12, -1081.767520150257; 
12, -1095.3294877366861; 
12, -1062.0617091314634; 
12, -1084.1649179160595; 
12, -1117.8597144368105; 
12, -1115.15863645653; 
12, -1142.756353215169; 
12, -1077.428101374855; 
12, -1103.4823634801432; 
12, -1088.2822574450984; 
12, -1119.4647887817118; 
12, -1082.0818234634353; 
12, -1084.7720142206526; 
12, -1060.0478304591961; 
12, -1073.8993093119934; 
12, -1087.8943397935363; 
12, -1095.0986494574463; 
12, -1125.4484013242181; 
12, -1123.4065519868745; 
12, -1103.8035121473076; 
12, -1092.3650463516242; 
12, -1104.9527405785047; 
12, -1128.1070266741153; 
12, -1088.3551892829128; 
12, -1099.0694552053174; 
12, -1098.6311194214504; 
12, -1106.9681207098474; 
12, -1085.6589345240209; 
12, -1075.46597856874; 
12, -1103.4899105017248; 
12, -1101.8116101110936; 
12, -1099.4095658194565; 
12, -1103.8127842142712; 
12, -1082.2640858073719; 
12, -1104.5831697108806; 
12, -1093.7338272369816; 
12, -1096.1233205737371; 
12, -1104.6693306273373; 
12, -1077.9216373215895; 
12, -1114.111318240437; 
12, -1103.6514876804722; 
12, -1090.2911057773163; 
12, -1064.0042971243965; 
12, -1107.1940290326893; 
12, -1116.4437928025727; 
12, -1060.8963124057045; 
12, -1112.1749787598092; 
12, -1091.923723684362; 
12, -1120.5897606744256; 
12, -1051.933638626535; 
12, -1098.7800042328308; 
12, -1103.9737904085196; 
12, -1110.7598352778296; 
12, -1102.7666156824853; 
12, -1087.5983317280188; 
12, -1076.3125504212512; 
12, -1111.9285249898967; 
12, -1082.707397895836; 
12, -1096.8200358335453; 
12, -1110.1422882833285; 
12, -1116.6491833592881; 
12, -1107.129094526288; 
12, -1089.8174020861625; 
12, -1100.6427587097278; 
12, -1120.2815232578432; 
12, -1119.9211886486446; 
12, -1081.9146557531494; 
12, -1122.0696710901684; 
12, -1078.4418282058614; 
12, -1088.7321870988526; 
12, -1105.155977348215; 
12, -1131.982121710549; 
12, -1110.2531525431841; 
12, -1063.905752861785; 
12, -1138.98331904129; 
12, -1111.000789955171; 
12, -1095.0825481308857; 
12, -1111.5898422928876; 
12, -1120.6700791533804; 
12, -1092.8742445619428; 
12, -1156.2958359643526; 
12, -1117.4727569044335; 
12, -1103.448937267909; 
12, -1096.2167572368635; 
12, -1099.3641133987403; 
12, -1107.2403486395197; 
12, -1106.1057309485623; 
12, -1098.289473787765; 
12, -1107.5905101178796; 
12, -1094.7586852418317; 
12, -1081.1540969151538; 
12, -1109.714430038177; 
12, -1117.2480523314443; 
12, -1125.7037222294894; 
12, -1128.9584371746168; 
12, -1118.8277111801435; 
12, -1147.3585074436269; 
12, -1098.052113411657; 
12, -1093.077677813475; 
12, -1095.6009205234004; 
12, -1087.76757048117; 
12, -1095.2248066325556; 
12, -1102.0670996052795; 
12, -1116.2759647961357; 
12, -1082.682435836119; 
12, -1091.0330639181193; 
12, -1093.9996442496777; 
12, -1103.4511580887483; 
12, -1102.7445228772704; 
12, -1107.312352729612; 
12, -1101.2440615624073; 
12, -1081.0956250861054; 
12, -1110.8330418213736; 
12, -1081.0526432737242; 
12, -1096.2799524927395; 
12, -1081.4926580627216; 
12, -1083.8255220933352; 
12, -1084.2094652068336; 
12, -1100.7415774113033; 
12, -1079.824303389527; 
12, -1090.3081955658854; 
12, -1068.694564651989; 
12, -1078.0024591984693; 
12, -1118.3980377699481; 
12, -1082.102807336254; 
12, -1080.8184857196175; 
12, -1085.1451584373135; 
12, -1101.3383713365765; 
12, -1091.597998568439; 
12, -1080.314571075025; 
12, -1074.7280428761733; 
12, -1066.789564067265; 
12, -1101.193970378139; 
12, -1119.7706657283125; 
12, -1100.7948128250428; 
12, -1099.0708979958436; 
12, -1122.0744605527725; 
12, -1072.6124115923885; 
12, -1075.1275171010057; 
12, -1098.3107749667251; 
12, -1094.4180957463104; 
12, -1072.6359759964398; 
12, -1089.9193873449694; 
12, -1111.7177795033203; 
12, -1112.4724233595189; 
12, -1105.78746695671; 
12, -1105.895023633202; 
12, -1096.256383061118; 
12, -1076.0222824982484; 
12, -1087.7304456342827; 
12, -1083.3323462944827; 
12, -1093.4753482611268; 
12, -1103.191559222294; 
12, -1131.4643310155952; 
12, -1091.2363809432718; 
12, -1103.0095824899036; 
12, -1097.017212534207; 
12, -1066.4505989091704; 
12, -1098.3626253552502; 
12, -1096.7093702561688; 
12, -1074.352352448739; 
12, -1105.7435460054548; 
12, -1068.6137167177512; 
12, -1115.7865421535098; 
12, -1098.1289820852107; 
12, -1103.2889644979732; 
12, -1078.0112902808469; 
12, -1076.4816789832548; 
12, -1139.1425310309278; 
12, -1115.3639317443012; 
12, -1093.1201980758924; 
12, -1106.9215135757113; 
12, -1096.638696106209; 
12, -1086.5637387065217; 
12, -1133.1316170009086; 
12, -1087.481646450935; 
12, -1125.2975338927354; 
12, -1108.7461869741674; 
12, -1111.46886179375; 
12, -1103.9274814982782; 
12, -1083.254936160054; 
12, -1110.4384749913588; 
12, -1069.095718736702; 
12, -1152.8447239657398; 
12, -1097.3712415519985; 
12, -1090.6445261114277; 
12, -1089.6259629774722; 
12, -1091.935176642146; 
12, -1092.0832433864707; 
12, -1102.572122415586; 
12, -1094.3026275174343; 
