12, -551.1677504170848; 
12, -414.89183275245375; 
12, -388.99446916060845; 
12, -275.43827251501693; 
12, -420.38812548551255; 
12, -348.27450322464483; 
12, -276.92510583920966; 
12, -277.0361059216393; 
12, -342.9903736615315; 
12, -323.02068207396724; 
12, -393.9049925968952; 
12, -291.56552527647136; 
12, -315.2948690469102; 
12, -307.67262289166865; 
12, -323.1647586835379; 
12, -274.01298921408124; 
12, -254.9417529387183; 
12, -341.04059028400934; 
12, -274.28691823519057; 
12, -343.16550425819514; 
12, -338.1582453684605; 
12, -275.59338392756035; 
12, -297.32129328754854; 
12, -262.9468278892018; 
12, -301.6458147016583; 
12, -302.11182761563396; 
12, -282.5514980947446; 
12, -280.03027172598377; 
12, -274.8789845172578; 
12, -270.10638722292424; 
12, -274.7720787858889; 
12, -277.9091990466659; 
12, -338.057758905059; 
12, -330.9202365395122; 
12, -298.0049956101193; 
12, -317.9563193430258; 
12, -288.4029436505916; 
12, -226.14908550870496; 
12, -302.66004196664653; 
12, -264.9227775667314; 
12, -283.4835514768856; 
12, -231.17439362573168; 
12, -263.79206936698756; 
12, -310.5532786099684; 
12, -316.7385422343759; 
12, -261.68817081802626; 
12, -253.20055445292746; 
12, -230.33377166050195; 
12, -275.5745357769938; 
12, -270.4009026760923; 
12, -260.19478622364113; 
12, -271.0806222079591; 
12, -193.29735423485545; 
12, -281.0686946778296; 
12, -233.99588974720245; 
12, -193.8201062232547; 
12, -277.06535723208435; 
12, -544.019578620093; 
12, -800.4418221908782; 
12, -748.2090168096402; 
12, -680.4415728357053; 
12, -702.9313345379269; 
12, -716.2557021943721; 
12, -670.012260889227; 
12, -683.4220281567104; 
12, -715.242176089374; 
12, -677.2563680146595; 
12, -698.9542316773077; 
12, -660.3292346548296; 
12, -671.4668520531304; 
12, -666.6034250230878; 
12, -666.4759073501991; 
12, -651.5956145318123; 
12, -691.5559221813237; 
12, -634.0096173442071; 
12, -571.4480549974614; 
12, -620.9634376386966; 
12, -698.7832991856485; 
12, -658.6191581216153; 
12, -676.6815493572285; 
12, -674.7607659300593; 
12, -625.5199706172207; 
12, -639.4456523836197; 
12, -652.2354225809395; 
12, -648.7996714388428; 
12, -619.6720721034071; 
12, -610.7880039232623; 
12, -608.7769630710827; 
12, -612.8473468398151; 
12, -613.6559904632959; 
12, -604.2775898060572; 
12, -622.1959203018414; 
12, -590.9428743330063; 
12, -610.3071451317664; 
12, -597.0433885102175; 
12, -606.384823440254; 
12, -587.6573851130815; 
12, -617.3186885831165; 
12, -613.4719889623375; 
12, -610.0712995145077; 
