12, -591.6461878239288; 
12, -591.9643083423132; 
12, -584.924924312515; 
12, -589.2580590684154; 
12, -568.3502683553088; 
12, -549.9799143916666; 
12, -539.4090953692248; 
12, -523.577324783907; 
12, -569.5009426827064; 
12, -566.6745957126941; 
12, -587.8757023726739; 
12, -560.9836372575246; 
12, -544.1775132384792; 
12, -553.8897843318564; 
12, -576.529139540201; 
12, -575.7993794597842; 
12, -566.1440738483889; 
12, -566.4596455625469; 
12, -568.3123206659911; 
12, -572.9931062503147; 
12, -538.4577613505207; 
12, -563.5236792203759; 
12, -555.6703270418493; 
12, -563.620327860528; 
12, -559.0937796713624; 
12, -566.1878215546221; 
12, -564.7815800307162; 
12, -540.1065176988832; 
12, -550.5976812898862; 
12, -555.2545440209014; 
12, -551.2724983493245; 
12, -553.2628371588144; 
12, -550.8733603244837; 
12, -565.9633086376052; 
12, -560.1525226285485; 
12, -582.6716567200165; 
12, -553.4684409248512; 
12, -581.0844401325085; 
12, -558.2941481361595; 
12, -566.1109794966578; 
12, -568.6659530456236; 
12, -551.0297329494933; 
12, -561.8184178328411; 
12, -560.4655009765811; 
12, -566.7135237201474; 
12, -545.189476067615; 
12, -546.4085027546244; 
12, -566.7012843624398; 
12, -575.0439315399854; 
12, -565.7560887083237; 
12, -563.2509723214243; 
12, -563.0330103096021; 
12, -557.1910610938139; 
12, -557.4571766531699; 
12, -564.1910023021956; 
12, -573.3051880806488; 
12, -550.646910665364; 
12, -563.7700294290516; 
12, -569.6224736922486; 
12, -547.798663099682; 
12, -553.1698114518877; 
12, -561.2340980020381; 
12, -559.8041720839683; 
12, -566.3460056949989; 
12, -553.0844304978673; 
12, -566.8945489643011; 
12, -551.0440570039718; 
12, -572.0747366377473; 
12, -558.8864005712967; 
12, -544.2155098803341; 
12, -563.2682545611169; 
12, -562.2418069078994; 
12, -562.1613544868451; 
12, -559.2880385293029; 
12, -553.1395647624304; 
12, -566.6758647260576; 
12, -561.0616358724219; 
12, -564.1487681405197; 
12, -575.9196941884584; 
12, -544.255042814315; 
12, -561.7733975251758; 
12, -564.3506688003254; 
12, -558.2024900000251; 
12, -552.4265878500155; 
12, -558.3607500504004; 
12, -566.7913595109858; 
12, -555.5018632123174; 
12, -553.777957808983; 
12, -558.8656012744032; 
12, -557.2589641516024; 
12, -552.4685069684347; 
12, -554.8332207877756; 
12, -569.4671468546949; 
12, -553.7207557076035; 
12, -566.6913665251341; 
12, -552.8006812516542; 
12, -560.1012487726475; 
12, -541.8375762981377; 
12, -559.1447971673842; 
12, -540.6005689108497; 
12, -566.8810437831926; 
12, -537.2094707695578; 
12, -574.5167776492963; 
12, -521.855011174026; 
12, -526.2564985996141; 
12, -529.5664458304091; 
12, -524.0972830955725; 
12, -527.033894448934; 
12, -519.621251267672; 
12, -514.8918252448057; 
12, -507.9196621036608; 
12, -519.5787767513975; 
12, -502.64033174143697; 
12, -509.1954629640459; 
12, -486.67501031418215; 
12, -500.6422487253294; 
12, -478.73316545123816; 
12, -511.19970497704344; 
12, -499.83805879320425; 
12, -508.7447745575919; 
12, -522.5483692794805; 
12, -508.4814731069491; 
12, -486.31559809006285; 
12, -498.09385367335926; 
12, -482.48408609574835; 
12, -459.66231842624256; 
12, -464.9946963784605; 
12, -421.98487925158406; 
12, -429.5835532404453; 
12, -401.36557135381736; 
12, -370.9572315533442; 
12, -382.4618097682396; 
12, -432.10885470146604; 
12, -460.4741813886212; 
12, -483.66703705245163; 
12, -508.16897532274015; 
12, -494.5770697382104; 
12, -543.7175329582533; 
12, -565.8999378193985; 
12, -568.2837700718082; 
12, -549.5587749106053; 
12, -558.0547094657668; 
12, -549.1814646714192; 
12, -546.2034002103028; 
12, -548.4725531609147; 
12, -554.622621460876; 
12, -562.2683090609498; 
12, -562.6259469717043; 
12, -584.6390197633591; 
12, -535.4404183748848; 
12, -555.0388768894481; 
12, -538.602690121581; 
12, -567.2923192219168; 
12, -547.4331466837466; 
12, -552.538348703165; 
12, -551.1656432688469; 
12, -544.50126126135; 
12, -563.2648946220288; 
12, -569.2538420529163; 
12, -574.2234006033104; 
12, -575.8895712273079; 
12, -556.1344177468127; 
12, -564.8750241016678; 
12, -559.8915278786735; 
12, -565.2551771037397; 
12, -556.9627773413522; 
12, -565.9189396534057; 
12, -553.6510274933244; 
12, -561.9458340675046; 
12, -543.9630911555723; 
12, -544.6844606291706; 
12, -569.3295911353198; 
12, -558.5697754510911; 
12, -557.7131401199877; 
12, -567.8891906107019; 
12, -558.8408152555639; 
12, -558.5350331254886; 
12, -557.1806556617375; 
12, -553.7381250482285; 
12, -573.9426045819127; 
12, -546.013269018149; 
12, -555.5384039970522; 
12, -566.5097305000818; 
12, -560.2402754062932; 
12, -530.9942790488567; 
12, -569.435279393685; 
12, -581.1808495451114; 
12, -528.8502549381228; 
12, -563.8451824926597; 
12, -559.2688690363866; 
12, -564.9497953704558; 
12, -531.6425571484288; 
12, -554.0693498675391; 
12, -557.6237453999056; 
12, -553.0303097951983; 
12, -555.8326701361948; 
12, -547.8238502424065; 
12, -541.2891738319158; 
12, -560.5182916624035; 
12, -537.7400574932253; 
12, -571.3595637152321; 
12, -558.1415537085559; 
12, -553.5565848110855; 
12, -557.3775707348104; 
12, -541.637836063921; 
12, -560.1588288788917; 
12, -567.8859971151978; 
12, -578.878968553734; 
12, -553.2032384899794; 
12, -567.7213563794357; 
12, -546.9471881152713; 
12, -563.0670558474812; 
12, -561.102909618683; 
12, -566.1225071272347; 
12, -554.8179848850123; 
12, -546.189880459744; 
12, -569.3921774912887; 
12, -568.5057996278338; 
12, -547.2948699194822; 
12, -563.8306074762222; 
12, -551.5886712784704; 
12, -546.7759563872096; 
12, -585.6764583352051; 
12, -561.3928828876669; 
12, -539.2111280392128; 
12, -550.9881075663288; 
12, -555.0133101373794; 
12, -542.4860233025393; 
12, -565.3982684460352; 
12, -546.1299801676068; 
12, -554.1547078098956; 
12, -549.9144120859128; 
12, -544.3541854301584; 
12, -551.8828984567081; 
12, -555.4454864773725; 
12, -571.4682816428249; 
12, -562.0593219853617; 
12, -556.8029291683488; 
12, -565.4394958063203; 
12, -545.3102872510499; 
12, -536.9329197661136; 
12, -540.961444741406; 
12, -548.1743164326763; 
12, -546.8817553538247; 
12, -557.8703522144351; 
12, -560.3768880188582; 
12, -551.413404139952; 
12, -549.1358360384475; 
12, -553.5791715435917; 
12, -545.4755793339864; 
12, -550.9748333421012; 
12, -551.7289740288979; 
12, -543.0459436780948; 
12, -538.9055289388052; 
12, -553.5286335104029; 
12, -534.5285022289318; 
12, -543.9004811329942; 
12, -543.4210460375762; 
12, -540.7916471682547; 
12, -540.8231513627397; 
12, -546.3466442988429; 
12, -526.302735898149; 
12, -538.3629050443415; 
12, -533.6010268690006; 
12, -525.3933104597381; 
12, -548.5053449385741; 
12, -550.9267919153208; 
12, -531.0570570325362; 
12, -532.2524398388341; 
12, -552.0129018464359; 
12, -547.8739418884797; 
12, -538.0795890980808; 
12, -517.381670131057; 
12, -521.4146291122597; 
12, -553.5232342892268; 
12, -545.2513030836126; 
12, -537.040316125087; 
12, -555.2513136453344; 
12, -553.9814462393406; 
12, -530.8462224808754; 
12, -554.6508736918622; 
12, -530.2989824876713; 
12, -539.7413830675359; 
12, -529.01135419606; 
12, -559.332051251753; 
12, -556.2683991212689; 
12, -550.7947172091226; 
12, -559.8598924200342; 
12, -567.1252730481792; 
12, -543.9616225877544; 
12, -543.0000036673155; 
12, -560.4122719718725; 
12, -530.583315774682; 
12, -538.679059496324; 
12, -543.7754757773946; 
12, -567.1188233327994; 
12, -529.0967328512634; 
12, -547.4904731833376; 
12, -539.1763203926967; 
12, -528.7508443845145; 
12, -540.6715979670407; 
12, -539.4520102066163; 
12, -547.6689036959433; 
12, -548.7960836380662; 
12, -524.7532340194157; 
12, -539.7398059469997; 
12, -555.8503402771021; 
12, -547.7784649055975; 
12, -522.1315851405961; 
12, -536.6480187836569; 
12, -550.9732345929951; 
12, -554.2585419570678; 
12, -543.5926248350006; 
12, -539.8783575757698; 
12, -541.8289429376018; 
12, -543.3661832829239; 
12, -547.4585932033951; 
12, -536.9380222018808; 
12, -566.0857171901735; 
12, -536.7425695999409; 
12, -548.7831975081644; 
12, -547.5089738398383; 
12, -538.4361993200728; 
12, -556.0896809481783; 
12, -527.2969337063842; 
12, -575.9607612107648; 
12, -558.6020884097379; 
12, -554.8155527931231; 
12, -544.3576092651929; 
12, -533.3383503285295; 
12, -539.7804164172267; 
12, -560.3457828720275; 
12, -578.1100251066382; 
12, -549.6209704721114; 
12, -526.6296997283935; 
12, -546.3410562713398; 
12, -555.0178708597377; 
12, -531.3314888739551; 
12, -553.6381220169133; 
12, -576.6732401322224; 
12, -582.7411580525222; 
12, -579.0745651750185; 
12, -541.2633014070452; 
12, -562.103053898405; 
12, -555.8032955972885; 
12, -570.6147496760532; 
12, -575.6913010328426; 
12, -590.5098809998599; 
12, -582.6322251840611; 
12, -608.4251183009183; 
12, -587.8033924426418; 
12, -571.434605502669; 
12, -575.6590998082829; 
12, -536.127375401993; 
12, -560.4212986120256; 
12, -559.4617215707258; 
12, -536.8506070232834; 
12, -550.0794359517458; 
12, -566.4990392226609; 
12, -572.7827459789696; 
12, -604.9120867072779; 
12, -680.2264147409005; 
12, -643.2919626100629; 
12, -636.0365282238927; 
