1, -603.2452816711423; 
1, -586.5954017648035; 
1, -582.3942819741335; 
1, -582.1913966371701; 
1, -576.473008862085; 
1, -563.4995433807167; 
1, -554.3395638423581; 
2, -546.5586318113519; 
1, -577.4961377325972; 
1, -570.9892237018867; 
1, -581.4990289490015; 
2, -567.8075024067548; 
2, -560.9224523726971; 
2, -567.4846349870859; 
2, -573.3641558643121; 
1, -571.6189867232206; 
1, -563.256091556601; 
1, -558.2524321752226; 
2, -565.2281853388395; 
2, -568.1322768307291; 
2, -553.2565184982941; 
2, -561.0404484131868; 
1, -561.163938394955; 
2, -573.5777949479725; 
2, -561.1978781813432; 
1, -571.4334023539868; 
2, -563.7461687422037; 
2, -551.8803018147719; 
2, -560.2237549945839; 
2, -550.0288551781923; 
2, -552.2343335458754; 
2, -561.9785848341962; 
2, -563.1145763023633; 
2, -568.5243702932421; 
2, -568.0266807880216; 
1, -565.0973535940648; 
2, -552.3955351314944; 
1, -572.3915073301323; 
1, -561.1233717503492; 
1, -568.2853324479547; 
2, -564.2801548690768; 
2, -552.6495958756168; 
2, -560.5899334774258; 
1, -551.465098252178; 
2, -556.8057744894395; 
2, -556.9859598823095; 
2, -560.8874741357067; 
1, -560.3920558418322; 
2, -570.9299796767991; 
1, -561.625716543509; 
2, -553.4517912672236; 
2, -563.283792683218; 
1, -558.4690676538485; 
2, -562.8254574367566; 
1, -567.5179356788503; 
2, -566.980864039826; 
1, -553.1820340837294; 
1, -570.2753405900985; 
2, -561.6754734037895; 
2, -560.2971050407941; 
2, -555.8775703807114; 
2, -561.2083146090299; 
1, -574.6156329427977; 
2, -563.4336742446758; 
2, -557.2636973908084; 
2, -565.823203997119; 
2, -557.9656135185069; 
2, -563.6830399149403; 
2, -563.3569438607083; 
3, -548.4080252341882; 
1, -563.2664177758197; 
2, -563.8035814813265; 
3, -567.7326379286387; 
2, -560.603698868159; 
2, -561.88198202895; 
1, -564.6052354224448; 
1, -554.4927913347419; 
3, -563.975226828763; 
4, -573.4511712262029; 
1, -554.7074895011465; 
3, -569.8820805812211; 
3, -565.9180213083237; 
2, -557.4693088211498; 
2, -562.1455602428978; 
1, -564.3644539359229; 
1, -568.7127414636197; 
2, -558.6991179666875; 
3, -564.1931074964086; 
2, -563.314790126693; 
2, -568.019300519205; 
2, -557.9402203432765; 
1, -564.7764051118502; 
2, -571.8368076736951; 
2, -565.838726067137; 
2, -576.9751799395963; 
2, -560.1671248048442; 
3, -565.3442633341983; 
2, -557.0704133566469; 
2, -555.3190804780315; 
3, -548.9949287055715; 
1, -564.1597230928164; 
3, -552.5270965479358; 
5, -573.7428873453318; 
3, -537.1917574859181; 
3, -539.7457429444039; 
3, -537.375259784254; 
2, -541.0909964983148; 
2, -544.1230540097022; 
3, -545.5530054285555; 
2, -529.0256942928099; 
3, -543.0710592858595; 
3, -542.7994299555576; 
3, -534.7031357151063; 
2, -532.4262234521666; 
3, -527.4958049463894; 
2, -532.128157975807; 
2, -525.0077397522691; 
3, -535.4446717965475; 
2, -538.6005740929832; 
2, -533.7796520298871; 
3, -541.5034364350868; 
3, -534.3084208273358; 
3, -531.0574284831673; 
3, -526.0151420491748; 
2, -522.0876458744024; 
3, -519.2114513421839; 
2, -528.1517989703862; 
3, -510.8798407244758; 
3, -515.1343380119943; 
3, -507.1445419918891; 
4, -508.48901275891694; 
4, -515.8794684131863; 
4, -501.25070802711707; 
4, -498.35371377685806; 
4, -506.1374772050913; 
4, -516.0364346926508; 
4, -513.2805826638505; 
3, -543.6671986792353; 
3, -557.2893702171277; 
1, -575.2185319033888; 
3, -547.3036258038046; 
2, -573.834895491309; 
2, -546.6029057604319; 
4, -558.6542721393344; 
3, -545.2337070083595; 
2, -552.0385593839892; 
2, -563.1942371952464; 
2, -561.0358251796715; 
4, -580.8377388146473; 
2, -550.4686850371363; 
2, -563.8042684056563; 
5, -553.9799536766368; 
2, -566.0677811389469; 
1, -550.7339337366575; 
4, -552.5908260090655; 
3, -552.1856215951848; 
4, -551.9546067556512; 
3, -550.8498037174722; 
1, -561.5946044734737; 
2, -564.4309210912179; 
3, -570.0083625101979; 
3, -562.4891641129507; 
3, -561.9655266314512; 
8, -553.3301511939935; 
1, -576.2566581608116; 
2, -563.0367519660213; 
1, -554.651447042459; 
4, -556.5858825304749; 
3, -558.7792682920117; 
2, -543.0330570487276; 
2, -553.573335696492; 
2, -565.6532934080169; 
5, -558.1712013590441; 
8, -561.3828739337187; 
2, -568.3113308969769; 
2, -552.0265409590793; 
4, -559.3145970067708; 
8, -563.8633867011667; 
4, -553.913991396752; 
1, -566.5984552539303; 
1, -555.4130546193192; 
3, -568.0170379570918; 
4, -566.3298216022667; 
4, -555.5557302032394; 
2, -547.1044044695445; 
4, -560.311871620841; 
2, -567.1091795600951; 
4, -548.4266006949911; 
1, -570.9005777577113; 
2, -564.0544558622059; 
3, -573.1125779529393; 
4, -542.9889573025575; 
4, -549.3732208042784; 
3, -570.7363179378153; 
2, -564.2740349315573; 
4, -562.4008594801708; 
4, -553.7875316378631; 
2, -564.764268694038; 
1, -559.5266318053036; 
4, -552.379975632808; 
2, -567.2766836569645; 
4, -565.5331591078866; 
4, -570.683575477131; 
2, -569.0370005901495; 
1, -553.724331958656; 
1, -574.1686203983118; 
3, -566.1350421273382; 
3, -564.5460353098315; 
3, -550.8929033336899; 
6, -567.5174764301046; 
2, -555.1024865679647; 
2, -558.1200253160641; 
2, -565.7039463953115; 
2, -570.5396605902934; 
4, -563.3996542707027; 
3, -535.2633345157228; 
7, -571.8197120051773; 
3, -569.8137043101451; 
3, -561.1920939009433; 
2, -568.2283223640407; 
3, -564.2089834027138; 
4, -564.2807311539509; 
7, -592.4163495192042; 
2, -574.3690282422322; 
3, -554.679896088579; 
2, -553.1761003396241; 
4, -562.8101903908682; 
4, -555.5503234597709; 
1, -568.4541470635886; 
4, -560.860688292465; 
3, -567.2036716823204; 
5, -555.8937580273341; 
4, -547.0635553726897; 
2, -565.073676617365; 
4, -571.5027555980632; 
2, -570.9051029975526; 
2, -562.9176565486123; 
1, -562.8344212270458; 
4, -580.5529469984176; 
2, -560.7568499543122; 
4, -561.4696707963012; 
4, -556.8046414585842; 
2, -557.8981379653269; 
4, -559.4576509182225; 
2, -563.4988948566606; 
3, -571.8501910732011; 
2, -558.139601984527; 
4, -560.6642526355281; 
4, -559.4260545540601; 
4, -552.5837597461941; 
1, -565.843084093387; 
4, -564.8782838341431; 
4, -554.3745762150211; 
3, -559.9370332745893; 
1, -566.0988858435594; 
4, -553.0549565424444; 
3, -557.9541286887834; 
2, -549.6115487005445; 
4, -559.3454504563124; 
3, -555.7672003143234; 
4, -557.1893033320666; 
4, -542.6484242811857; 
3, -551.0735764196434; 
3, -556.1888402847981; 
2, -553.1418205777591; 
2, -573.7053089593537; 
6, -553.0814385848353; 
4, -546.7882115184038; 
5, -550.3680117389304; 
2, -563.2356159937917; 
5, -563.0035117980733; 
7, -548.6410514796735; 
4, -553.3351330044097; 
3, -546.0531205974403; 
4, -556.7554758559854; 
4, -582.36820946238; 
4, -563.8953500888019; 
4, -561.723065035243; 
3, -565.4961263128207; 
4, -550.0564704372955; 
7, -551.7504684082814; 
7, -559.1535762068233; 
3, -551.1571985548944; 
7, -555.1221889611043; 
4, -558.6837961394631; 
7, -564.8084104876907; 
1, -570.7381060924963; 
4, -566.3174536650477; 
4, -557.9600716217828; 
7, -553.9945828449272; 
5, -545.3874146085873; 
4, -551.7100959758973; 
4, -552.9494510479853; 
4, -559.8758017129439; 
4, -564.3935887202097; 
4, -570.2452483258676; 
7, -562.2665782118565; 
4, -558.3759486645577; 
3, -561.5782011938863; 
4, -544.0162046510377; 
