16, -547.9479942073916; 
16, -383.7820037111925; 
16, -370.98379484722864; 
16, -278.81376790001923; 
16, -405.09559163461495; 
16, -326.249039915848; 
16, -267.55250159615207; 
16, -256.25460389521686; 
16, -324.1472395104788; 
16, -294.44134285710516; 
16, -397.20211715979804; 
16, -277.4183469966433; 
16, -292.77439066549323; 
16, -302.66319995129925; 
16, -306.9145098660156; 
16, -269.3958884203994; 
16, -242.18531247213014; 
16, -318.6277977879281; 
16, -254.81708625440297; 
16, -339.4165769386873; 
16, -336.3392561918927; 
16, -271.3736774400004; 
16, -294.31835031420906; 
16, -260.5778129945829; 
16, -284.2089758631919; 
16, -295.45992174422645; 
16, -273.90176373601935; 
16, -285.81652152584866; 
16, -268.42930432351204; 
16, -266.5764026136276; 
16, -263.87596572698203; 
16, -278.9759757968204; 
16, -334.7120380920478; 
16, -315.2202968291149; 
16, -284.64954727109944; 
16, -308.2692468481637; 
16, -258.4382075856356; 
16, -215.95501607103142; 
16, -299.04413551097787; 
16, -262.06084007303434; 
16, -263.9012413514629; 
16, -229.28391866473066; 
16, -247.70945709928856; 
16, -279.9192722596381; 
16, -329.80611447013143; 
16, -243.92252613384335; 
16, -236.0763215726438; 
16, -224.89663048930015; 
16, -246.90147842485385; 
16, -251.83826317838975; 
16, -244.49888792335332; 
16, -248.3446153255245; 
16, -180.80109375246138; 
16, -265.4316112690667; 
16, -221.35249356049826; 
16, -172.21918622636076; 
16, -257.1058434040442; 
16, -594.5391214910214; 
16, -818.7315972578326; 
16, -757.0684287635486; 
16, -673.157439487688; 
16, -672.7450348233288; 
16, -689.2175516940551; 
16, -670.821291242064; 
16, -670.1385010473641; 
16, -687.3467154851533; 
16, -649.534924373711; 
16, -665.7040027579824; 
16, -643.7906130931297; 
16, -645.1421448666406; 
16, -648.028947181916; 
16, -623.6445935547708; 
16, -632.1542044015223; 
16, -682.461191588678; 
16, -627.5770989178054; 
16, -573.8790931140684; 
16, -617.9176978211544; 
16, -680.1885635235594; 
16, -654.679412278485; 
16, -667.9029244282974; 
16, -641.1546802418052; 
16, -608.2877079442587; 
16, -619.9131361423533; 
16, -642.3948053735439; 
16, -622.1578449418375; 
16, -612.4035942509363; 
16, -598.4155612206305; 
16, -590.9648062660781; 
16, -605.509645411199; 
16, -606.6687126785182; 
16, -593.3853425719353; 
16, -599.56656301771; 
16, -589.8862609842472; 
16, -583.5113998567613; 
16, -583.6344056968446; 
16, -586.3116161839571; 
16, -577.9031736033867; 
16, -594.19471795141; 
16, -614.2048653519087; 
16, -598.7894444301128; 
