12, -485.3159904176085; 
12, -353.3952120158496; 
12, -349.87628018105465; 
12, -217.03446693783644; 
12, -365.6509208193588; 
12, -301.41427882947437; 
12, -253.62111992853806; 
12, -254.75804461812368; 
12, -308.5484703962329; 
12, -276.1350798097383; 
12, -371.85414609745476; 
12, -269.3483779002181; 
12, -280.8960003622551; 
12, -285.18248431748; 
12, -298.34827399549886; 
12, -245.26818345351603; 
12, -229.1917372542348; 
12, -298.5123405732538; 
12, -258.51923179587357; 
12, -323.9243908805938; 
12, -310.90404960161595; 
12, -238.51404916740103; 
12, -280.51891156216243; 
12, -259.666100022755; 
12, -267.5998756909885; 
12, -273.1813772100413; 
12, -253.28600900515994; 
12, -282.01212809724166; 
12, -256.6788251932503; 
12, -245.44739321782254; 
12, -263.3512047131444; 
12, -260.292994528947; 
12, -299.29295583688327; 
12, -296.8580114818815; 
12, -271.47694185765613; 
12, -305.6771513798685; 
12, -252.02964542646077; 
12, -213.747193546591; 
12, -286.63309303133065; 
12, -259.1627526189659; 
12, -269.20822056038014; 
12, -220.61992552257107; 
12, -242.0053481773739; 
12, -277.1336095519; 
12, -308.4458941271896; 
12, -241.35303307981667; 
12, -229.14404451021437; 
12, -216.3255381198578; 
12, -242.8798842123033; 
12, -251.99730689066018; 
12, -248.46860493326858; 
12, -245.80683363597564; 
12, -182.73438640816858; 
12, -262.68182371396324; 
12, -214.35168885323583; 
12, -179.2312356432176; 
12, -266.1790961132556; 
12, -553.6890241025249; 
12, -784.2264967813244; 
12, -753.4171524429985; 
12, -673.0563987254282; 
12, -676.009752229973; 
12, -693.5816643871949; 
12, -659.6402418796752; 
12, -670.8291623710466; 
12, -708.4399643845136; 
12, -652.8129633348362; 
12, -680.2015205010612; 
12, -637.5347433830502; 
12, -651.7982534140101; 
12, -636.5611553753442; 
12, -644.0338548178152; 
12, -628.4676336570556; 
12, -672.0998175509158; 
12, -572.099745839856; 
12, -522.9299490254234; 
12, -590.7374036210385; 
12, -685.945271241686; 
12, -655.8228628159013; 
12, -664.3048287786114; 
12, -670.0761072455316; 
12, -622.28634810121; 
12, -631.1488385692974; 
12, -649.223506004615; 
12, -627.0868023729781; 
12, -614.0015863968074; 
12, -588.6862718435805; 
12, -590.2609864806582; 
12, -602.271488983286; 
12, -607.6574031620621; 
12, -587.6615531099524; 
12, -596.107268605665; 
12, -583.8317393278121; 
12, -595.8602549951975; 
12, -572.3600540014158; 
12, -597.3589240582442; 
12, -581.1738759348445; 
12, -597.9132720114285; 
12, -604.3588807953638; 
12, -607.0520973092425; 
