12, -574.5112491113928; 
12, -578.0709556506638; 
12, -561.103733174866; 
12, -561.3090433664975; 
12, -543.3806076163455; 
12, -531.6262004956866; 
12, -572.2135110915538; 
12, -575.1120277446662; 
12, -555.1870411045229; 
12, -547.9362979561865; 
12, -553.1233922668871; 
12, -521.8893090550573; 
12, -531.9808584867496; 
12, -559.6173450144415; 
12, -570.0109546082786; 
12, -557.7679979068871; 
12, -569.336892883277; 
12, -551.3960709744933; 
12, -544.3215239689907; 
12, -572.1543357447208; 
12, -567.0994677315903; 
12, -573.8301185496239; 
12, -561.3611832416173; 
12, -568.6842147951429; 
12, -543.8740934923317; 
12, -564.0536049490929; 
12, -545.4490294570023; 
12, -555.3475232160163; 
12, -544.5516625886376; 
12, -543.6322577356914; 
12, -515.8512478827943; 
12, -504.0823754592748; 
12, -550.3416436722036; 
12, -541.3695515601939; 
12, -524.7037696688312; 
12, -481.1186616984487; 
12, -549.9645658463924; 
12, -546.4570387111053; 
12, -570.4134791106117; 
12, -553.5704859399775; 
12, -560.4885748450652; 
12, -559.3025366824477; 
12, -562.9699437171403; 
12, -557.6194508047447; 
12, -581.3395816008269; 
12, -544.5192610589802; 
12, -559.3738556594035; 
12, -572.104246877454; 
12, -564.2862302468493; 
12, -579.6065663826375; 
12, -529.414399068206; 
12, -569.7558091301435; 
12, -553.8062456553052; 
12, -549.3966949521637; 
12, -550.037203845237; 
12, -517.8702845512416; 
12, -509.68427512342896; 
12, -504.8897886263221; 
12, -462.4635796466646; 
12, -534.9014301830939; 
12, -536.4733837963431; 
12, -508.62633343778725; 
12, -465.96987130946945; 
12, -477.80267518683104; 
12, -464.94928928121954; 
12, -455.9182034712867; 
12, -589.3985047161623; 
12, -454.6065580331633; 
12, -434.3959441843108; 
12, -432.42954745160387; 
12, -531.093513554355; 
12, -490.3953028724136; 
12, -460.5105051200226; 
12, -549.1653212187739; 
12, -537.5613804431996; 
12, -447.7998419934738; 
12, -603.2996603426436; 
12, -579.2949676878634; 
12, -405.8031808586966; 
12, -345.3020572558016; 
12, -574.9380158875938; 
12, -587.5068695995506; 
12, -528.5881716091026; 
12, -529.2909872664677; 
12, -495.2615684568882; 
12, -437.0018882715667; 
12, -602.1177253861388; 
12, -578.9160136215214; 
12, -562.3938272458035; 
12, -566.1952223641347; 
12, -316.2338514455696; 
12, -495.6359346647223; 
12, -464.37119996263937; 
12, -444.44663566417876; 
12, -496.6974786605788; 
12, -445.4662752592558; 
12, -562.0940808609084; 
12, -581.3262611042883; 
12, -596.5639125833695; 
12, -588.8813304705691; 
12, -543.5623997706571; 
12, -587.8372939463734; 
12, -562.8004673560863; 
12, -620.867574470074; 
12, -594.6086489122172; 
12, -574.0804802806961; 
12, -575.38406650861; 
12, -575.1808665060526; 
12, -601.5569131164884; 
12, -581.8392445024365; 
12, -560.2398087250476; 
12, -554.5376240493642; 
12, -507.0679161626613; 
12, -604.6728976656377; 
12, -575.07027796287; 
12, -538.2649713718129; 
12, -591.4934415918324; 
12, -576.9576197638016; 
12, -583.5262648095377; 
12, -600.8556198939259; 
12, -561.5110851370846; 
12, -494.9824061580075; 
12, -565.8884059617412; 
12, -569.3870551035798; 
12, -549.0303620888299; 
12, -541.3630368979357; 
12, -563.2961286741047; 
