12, -1173.1829422969154; 
12, -1155.3624598795427; 
12, -1152.6611534331942; 
12, -1144.5511193308084; 
12, -1112.6398290238558; 
12, -1132.7574665691945; 
12, -1123.886434598011; 
12, -1109.7446090417434; 
12, -1147.8128877520194; 
12, -1132.2994303750547; 
12, -1141.0867922575508; 
12, -1123.4639044944179; 
12, -1113.5921772759702; 
12, -1118.4572141156968; 
12, -1126.3324063931504; 
12, -1128.5173452112722; 
12, -1121.500489214981; 
12, -1115.4781994432742; 
12, -1123.815514550788; 
12, -1128.6007014999304; 
12, -1109.262715458597; 
12, -1116.9558586583516; 
12, -1111.9145778236962; 
12, -1132.0139821358425; 
12, -1118.5768147308445; 
12, -1132.5846325804268; 
12, -1121.5996331654314; 
12, -1103.0867999846123; 
12, -1104.238939900144; 
12, -1099.590838557866; 
12, -1096.099496907831; 
12, -1114.9547030350077; 
12, -1121.7369833148405; 
12, -1120.5783040262831; 
12, -1120.3167867480006; 
12, -1102.131499990268; 
12, -1097.747374899067; 
12, -1126.262262677912; 
12, -1109.8734937005938; 
12, -1122.7226346189855; 
12, -1110.0268453227327; 
12, -1095.7547516391205; 
12, -1104.453910331591; 
12, -1097.2428837307016; 
12, -1110.5408803270766; 
12, -1109.5610582858353; 
12, -1113.1223278849284; 
12, -1122.3380816001663; 
12, -1127.8106061105282; 
12, -1110.5402556937552; 
12, -1100.5291227778798; 
12, -1112.528423095464; 
12, -1106.5663362539126; 
12, -1124.5430261604924; 
12, -1119.4261226236704; 
12, -1118.0091677541204; 
12, -1108.1422884898348; 
12, -1118.2013532117126; 
12, -1115.811017452419; 
12, -1114.1916717283166; 
12, -1088.9535452620185; 
12, -1112.7666562060767; 
12, -1131.6094312280911; 
12, -1112.9986873703892; 
12, -1107.9267380667588; 
12, -1104.5330362453387; 
12, -1106.7697532824095; 
12, -1116.7106366945663; 
12, -1105.5060711202677; 
12, -1094.4602139432973; 
12, -1110.9587039132457; 
12, -1103.864584522933; 
12, -1116.3834379288746; 
12, -1095.276384065306; 
12, -1108.7766659659974; 
12, -1104.5155177731212; 
12, -1108.7900721113401; 
12, -1114.1289227082743; 
12, -1135.6078195302398; 
12, -1101.667517130074; 
12, -1115.8856879297236; 
12, -1106.0837805873161; 
12, -1101.15747767227; 
12, -1109.2664470633026; 
12, -1102.2768759734608; 
12, -1115.598036836789; 
12, -1103.291604222497; 
12, -1102.3414987499127; 
12, -1112.82674976837; 
12, -1117.664347149519; 
12, -1106.9869639201206; 
12, -1112.2170723958407; 
12, -1126.4521463800338; 
12, -1109.2947661654762; 
12, -1122.4512857548107; 
12, -1107.7121742014715; 
12, -1125.0701208297978; 
12, -1100.1755417273234; 
12, -1110.3794868614787; 
12, -1092.8523698505596; 
12, -1122.6182176969742; 
12, -1098.6625947366992; 
12, -1141.7200494306308; 
12, -1079.4160774006014; 
12, -1095.1556180434563; 
12, -1071.6588962105889; 
12, -1093.4668377307535; 
12, -1092.6634273333475; 
12, -1089.4738455644838; 
12, -1074.2246113031579; 
12, -1099.5677215997857; 
12, -1095.7094401733339; 
12, -1077.5295036113384; 
12, -1072.198807394685; 
12, -1062.5652765543928; 
12, -1077.4500294965546; 
12, -1066.7402091092954; 
12, -1081.4546161635517; 
12, -1090.870908627985; 
12, -1074.9295349894674; 
12, -1090.275967338588; 
12, -1083.9393469076022; 
12, -1078.269874381309; 
12, -1079.5802575743874; 
12, -1064.5133594803337; 
12, -1059.377901452186; 
12, -1083.952059956675; 
12, -1046.4410163092252; 
12, -1068.5849535768793; 
12, -1054.0911618718237; 
12, -1055.5777649543597; 
12, -1053.6700606439554; 
12, -1039.4131493202876; 
12, -1035.1900759532582; 
12, -1045.1571243876533; 
12, -1052.6379494348075; 
12, -1064.8069401870307; 
12, -1089.2185886488587; 
12, -1112.4252447430044; 
12, -1147.1311913117534; 
12, -1099.245354776358; 
12, -1133.0548843712313; 
12, -1080.4455267468875; 
12, -1118.869831705466; 
12, -1075.1791316093586; 
12, -1098.6514508324035; 
12, -1129.9374257240852; 
12, -1134.6771576429892; 
12, -1153.0317752169503; 
12, -1096.3204690818384; 
12, -1121.4222200224176; 
12, -1109.775139751844; 
12, -1121.421701166022; 
12, -1093.363520492945; 
12, -1104.151921620156; 
12, -1099.7138997390866; 
12, -1106.2664434445905; 
12, -1109.4396006724564; 
12, -1122.177755828743; 
12, -1125.9606973319605; 
12, -1126.6980472205614; 
12, -1123.7467519814672; 
12, -1120.4464565525413; 
12, -1117.9716359417944; 
12, -1140.5696276306116; 
12, -1118.5843774963287; 
12, -1114.7767138775089; 
12, -1110.365808984352; 
12, -1121.215828969318; 
12, -1103.9308880130702; 
12, -1105.4943521252135; 
12, -1117.593346740643; 
12, -1120.3435943393852; 
12, -1123.8437823101995; 
12, -1127.9898114854004; 
12, -1097.5774617327843; 
12, -1113.2742903095786; 
12, -1121.364248570142; 
12, -1096.3698107612145; 
12, -1120.9659859418462; 
12, -1112.942532254703; 
12, -1129.9533978654654; 
12, -1125.6736635982525; 
12, -1103.2855558918964; 
12, -1087.6375636395242; 
12, -1122.1981257750886; 
12, -1127.6861704963958; 
12, -1105.7707170186331; 
12, -1128.9246666974213; 
12, -1130.3301990281616; 
12, -1131.4204224993882; 
12, -1091.3169177160016; 
12, -1095.4027152950293; 
12, -1132.8647373353015; 
12, -1126.4844165728136; 
12, -1113.7031225424726; 
12, -1109.2902883129427; 
12, -1123.0824437488918; 
12, -1127.9371982361772; 
12, -1103.0874364849587; 
12, -1122.7329715382948; 
12, -1133.5787828569883; 
12, -1124.9283997456077; 
12, -1126.8794064527028; 
12, -1113.793604706123; 
12, -1143.7261597456236; 
12, -1121.9354634591145; 
12, -1134.7347540010232; 
12, -1110.874091195903; 
12, -1126.6681432806072; 
12, -1111.3038871660829; 
12, -1113.7958602224244; 
12, -1131.757041176781; 
12, -1142.6970869440702; 
12, -1139.1873319087317; 
12, -1082.546147497429; 
12, -1122.5616796697723; 
12, -1123.0862236990652; 
12, -1119.3641558066302; 
12, -1121.976797611278; 
12, -1123.332915778854; 
12, -1112.0792888719297; 
12, -1173.9238026746025; 
12, -1144.9302577578928; 
12, -1112.3928489520913; 
12, -1114.788852373662; 
12, -1119.876848750515; 
12, -1103.73221873297; 
12, -1126.664488323935; 
12, -1119.8937340487028; 
12, -1117.205538960261; 
12, -1106.4106782211456; 
12, -1105.8547974008252; 
12, -1109.9155005618231; 
12, -1137.416021675599; 
12, -1130.9395398314518; 
12, -1127.2374882345612; 
12, -1113.0972169114975; 
12, -1154.6112740356475; 
12, -1108.802006385813; 
12, -1111.3345177804586; 
12, -1103.9154858120019; 
12, -1104.6751468862058; 
12, -1119.8544593962142; 
12, -1125.3134102536133; 
12, -1134.4975771288155; 
12, -1095.9331137145637; 
12, -1102.6262977384613; 
12, -1120.249376089254; 
12, -1103.1409257173655; 
12, -1127.735240898619; 
12, -1133.7455780114396; 
12, -1100.5777953303186; 
12, -1104.0632570001762; 
12, -1129.5412391764112; 
12, -1111.1173024702002; 
12, -1123.2538978545344; 
12, -1100.368364134978; 
12, -1111.082449744339; 
12, -1109.5915417898213; 
12, -1113.1112005219911; 
12, -1086.0493941769819; 
12, -1100.0460254052887; 
12, -1088.2662990668323; 
12, -1100.6251868362888; 
12, -1142.168801507214; 
12, -1107.254891672579; 
12, -1088.7692697872408; 
12, -1103.1954420094262; 
12, -1115.380499332503; 
12, -1112.984658422938; 
12, -1089.1399048010935; 
12, -1104.876593705616; 
12, -1090.9619452913757; 
12, -1099.6209570933715; 
12, -1151.6576488615246; 
12, -1127.6917846787837; 
12, -1123.2694346189965; 
12, -1126.2715327399783; 
12, -1105.8992930914392; 
12, -1092.1804233500152; 
12, -1111.1250317992526; 
12, -1106.0694356588065; 
12, -1109.8153271919; 
12, -1113.180239989073; 
12, -1127.2937945227022; 
12, -1132.3569726586575; 
12, -1125.5777035057545; 
12, -1109.2637693414; 
12, -1107.3679213537835; 
12, -1100.2830549441278; 
12, -1103.8893794214819; 
12, -1095.090685368632; 
12, -1102.8613110805745; 
12, -1105.4753614040674; 
12, -1138.3352517862222; 
12, -1122.3204456635867; 
12, -1120.2704121802235; 
12, -1124.8162786628236; 
12, -1089.7057100465172; 
12, -1103.3654652292607; 
12, -1111.3068912789458; 
12, -1096.2089517115382; 
12, -1116.8577463605907; 
12, -1090.9782822825946; 
12, -1132.9792490954278; 
12, -1116.1143043619813; 
12, -1121.3871953057242; 
12, -1097.3725934135146; 
12, -1113.385851174069; 
12, -1130.1599862137227; 
12, -1148.7851652015233; 
12, -1115.485489948187; 
12, -1115.5336401821114; 
12, -1123.7331635892624; 
12, -1108.4215954403626; 
12, -1157.3821571688168; 
12, -1095.3910853009438; 
12, -1146.2837389723863; 
12, -1112.7738709370024; 
12, -1128.7502000897075; 
12, -1120.8786327896523; 
12, -1096.840450409567; 
12, -1120.834694120742; 
12, -1097.663459917705; 
12, -1166.6597559928778; 
12, -1126.567990106414; 
12, -1123.1631173766218; 
12, -1100.9079257752164; 
12, -1117.4130023932084; 
12, -1114.6704516956233; 
12, -1118.0262209749199; 
12, -1106.6706272523734; 
