12, -595.0306291415808; 
12, -578.6120036475685; 
12, -574.1809256470151; 
12, -573.5745460286555; 
12, -571.730321061103; 
12, -555.6403643237068; 
12, -545.7081621210291; 
12, -538.4974889845216; 
12, -570.1667792442477; 
12, -562.6462997619219; 
12, -574.9224107349164; 
12, -559.0025157979107; 
12, -554.4179291817672; 
12, -560.2529072449533; 
12, -566.527237663001; 
12, -563.8944250074801; 
12, -555.3049285030138; 
12, -549.1513657542382; 
12, -557.3844323522553; 
12, -559.8796747546112; 
12, -545.3259064885988; 
12, -553.8611438471307; 
12, -552.9500689808774; 
12, -565.5539055243607; 
12, -552.9686121038249; 
12, -563.4811963374868; 
12, -555.7567633855615; 
12, -543.8819581808493; 
12, -551.3075741269113; 
12, -541.8090866614803; 
12, -544.1331403903387; 
12, -554.6062964967241; 
12, -556.1975781758847; 
12, -562.4220682906162; 
12, -563.9897120581154; 
12, -558.4725117041853; 
12, -546.47894983878; 
12, -565.3446701022367; 
12, -553.4662750917742; 
12, -561.279367043564; 
12, -558.1969889277098; 
12, -546.082625833511; 
12, -553.6130728240023; 
12, -545.2390411515189; 
12, -549.9257605808234; 
12, -548.6871330868416; 
12, -553.5954120583847; 
12, -553.1490350194763; 
12, -562.621140616171; 
12, -555.7001505808621; 
12, -545.4262609027828; 
12, -553.8709266668811; 
12, -552.6281704912508; 
12, -555.5135233021647; 
12, -560.6800049108424; 
12, -559.5904786819447; 
12, -547.8546229840031; 
12, -561.8335941419973; 
12, -553.6813739333884; 
12, -553.244139236187; 
12, -547.8479821609435; 
12, -552.1065876157154; 
12, -568.7420763911869; 
12, -557.067203443381; 
12, -549.4421632873273; 
12, -557.4047988935417; 
12, -550.1974253931476; 
12, -554.939351332061; 
12, -554.991532124026; 
12, -537.9474797890434; 
12, -555.8228945262963; 
12, -556.9684329046067; 
12, -560.4324765072961; 
12, -553.1781606717122; 
12, -554.3921986288406; 
12, -560.24500442508; 
12, -547.8906400984852; 
12, -557.3041643568067; 
12, -565.3843735858973; 
12, -547.4648637649952; 
12, -562.7416796137259; 
12, -557.3370594242151; 
12, -550.6803578166582; 
12, -555.5313918467145; 
12, -558.103071070087; 
12, -562.8338937031003; 
12, -550.0496804640425; 
12, -556.6070514443054; 
12, -554.9560893311718; 
12, -559.7877110678019; 
12, -550.8333443832234; 
12, -557.7221934337285; 
12, -564.4278296447519; 
12, -558.2267002765439; 
12, -569.1809173340735; 
12, -552.7035813567782; 
12, -558.9563788935047; 
12, -549.6147003011502; 
12, -547.290542599214; 
12, -541.9964770663137; 
12, -558.6929086684686; 
12, -544.7680570851444; 
12, -565.3000512457729; 
12, -528.7439868605652; 
12, -531.5485958539575; 
12, -529.6051766109667; 
12, -534.0115394671884; 
12, -536.2140789450641; 
12, -535.7324175354588; 
12, -521.2588875502697; 
12, -535.9379597011139; 
12, -534.7153127653; 
12, -526.8888602978041; 
12, -525.0146336059697; 
12, -520.2890704327874; 
12, -525.0803712725465; 
12, -517.7077074662375; 
12, -529.6664921675183; 
12, -533.4360536098247; 
12, -526.9635360758257; 
12, -533.2455671491916; 
12, -527.4456285200285; 
12, -523.7820019641513; 
12, -520.243703151209; 
12, -517.2557797645859; 
12, -513.2740800433385; 
12, -521.8221719589055; 
12, -508.53625842947804; 
12, -513.4467258319346; 
12, -506.4892898803082; 
12, -502.4243877894478; 
12, -510.0107006157341; 
12, -493.738758178486; 
12, -495.72365697960777; 
12, -501.2603040033573; 
12, -508.78516856202623; 
12, -509.9959774152958; 
12, -537.668463007969; 
12, -550.2296925602859; 
12, -572.1463666434574; 
12, -538.847540138886; 
12, -569.5355413060897; 
12, -540.8950963527313; 
12, -549.9726398977946; 
12, -538.9851397445746; 
12, -544.0828509530693; 
12, -557.6036732721695; 
12, -558.645298476491; 
12, -572.9167484590143; 
12, -545.6690411102609; 
12, -557.0848623247002; 
12, -549.2056750388292; 
12, -559.9379204972356; 
12, -543.3747894745757; 
12, -544.4367500890512; 
12, -548.6937006122316; 
12, -544.5342304462683; 
12, -547.4390898698912; 
12, -559.3213229116227; 
12, -556.5723292136099; 
12, -563.5678661386773; 
12, -555.797269877221; 
12, -555.9587844564812; 
12, -543.5991786492377; 
12, -567.2549293648044; 
12, -558.890008976523; 
12, -555.5870362363203; 
12, -549.3156479130557; 
12, -552.4600936390198; 
12, -543.2947714124166; 
12, -549.1195934871503; 
12, -562.5675952041929; 
12, -551.683229139453; 
12, -550.1918672593456; 
12, -564.1951955578115; 
12, -548.7902943507943; 
12, -553.2600638847507; 
12, -556.1145558411663; 
12, -545.5788190192397; 
12, -561.4270588022773; 
12, -552.1093497813563; 
12, -561.2153988687205; 
12, -558.6067881554918; 
12, -546.3487057391612; 
12, -539.5780049367022; 
12, -551.5741750613088; 
12, -560.106801370217; 
12, -543.0244774258899; 
12, -564.2591756605398; 
12, -556.3554529270332; 
12, -567.4037808329595; 
12, -538.0828080336651; 
12, -542.1166754714504; 
12, -563.8990555014752; 
12, -558.1004837804066; 
12, -556.9469864573621; 
12, -547.9727901806764; 
12, -557.4131475827598; 
12, -559.3464882343105; 
12, -544.9493314126448; 
12, -562.4395623251621; 
12, -557.389673215439; 
12, -563.514831300723; 
12, -563.4228571312415; 
12, -550.8336138270388; 
12, -569.753716239502; 
12, -556.7551793442253; 
12, -557.4099012828956; 
12, -543.3469532628078; 
12, -560.0181530350092; 
12, -547.2135346021387; 
12, -553.8750090889807; 
12, -563.4511101603566; 
12, -564.3590983403265; 
12, -557.9154383254208; 
12, -527.8664505193155; 
12, -564.5908280479489; 
12, -562.6862644655339; 
12, -554.1464366327564; 
12, -561.3699260141875; 
12, -558.4698752752738; 
12, -556.5022056919406; 
12, -582.7982210304763; 
12, -568.4080979804276; 
12, -548.0865842822968; 
12, -547.6511351113004; 
12, -559.0245460215956; 
12, -548.4433266311389; 
12, -562.1002262504626; 
12, -554.1058391538681; 
12, -559.6455297538923; 
12, -548.2010999220802; 
12, -543.2526941000542; 
12, -560.0346519843151; 
12, -562.3433325711521; 
12, -564.7771388660476; 
12, -557.1118638532062; 
12, -558.0112496404618; 
12, -574.4415169481363; 
12, -555.5459741218074; 
12, -556.2935829642229; 
12, -549.7774691728409; 
12, -552.4442001231946; 
12, -550.7311721684528; 
12, -557.4613897366798; 
12, -565.9044885952608; 
12, -552.9707817774033; 
12, -553.3357897190435; 
12, -552.0203671401541; 
12, -545.8656636625237; 
12, -559.1151663873752; 
12, -560.293094176217; 
12, -547.2228910768172; 
12, -552.3789471638156; 
12, -561.6560551003495; 
12, -546.8168458734581; 
12, -550.559272150218; 
12, -542.969841704733; 
12, -552.1489398742851; 
12, -550.9280265000998; 
12, -550.6840097244421; 
12, -535.9214036503399; 
12, -545.8191521129047; 
12, -549.8349916921288; 
12, -547.7559951344156; 
12, -568.0122956557316; 
12, -546.7842580940924; 
12, -539.6126455601188; 
12, -541.1305623834487; 
12, -555.8719317649957; 
12, -556.786256435822; 
12, -542.6066621100181; 
12, -545.3518978388747; 
12, -540.443157407135; 
12, -548.9654901048925; 
12, -573.698417467851; 
12, -555.9783984165697; 
12, -556.5553771534469; 
12, -558.9012813529989; 
12, -544.9080705915112; 
12, -544.8783712581499; 
12, -552.7184647688991; 
12, -543.8853965299786; 
12, -547.0134281676728; 
12, -550.6524015878676; 
12, -556.5994124536228; 
12, -567.8487096432364; 
12, -560.8528562794381; 
12, -550.5385726174572; 
12, -546.8993581685063; 
12, -537.3227492295264; 
12, -543.5921337917971; 
12, -545.3750262347457; 
12, -552.7365344603313; 
12, -558.0158020638337; 
12, -562.5894175391004; 
12, -555.1934570650919; 
12, -551.131440000172; 
12, -555.8255841594073; 
12, -536.81628080667; 
12, -554.0327416561486; 
12, -550.9723950475454; 
12, -540.6766078090295; 
12, -553.4751389630255; 
12, -545.6262264841353; 
12, -562.5419648154348; 
12, -550.3569666730182; 
12, -557.7886165444506; 
12, -542.3742343189078; 
12, -548.8494038837671; 
12, -559.3678213902458; 
12, -573.6255087837053; 
12, -557.3814693795575; 
12, -552.917331863282; 
12, -558.6812845619279; 
12, -546.2887250403292; 
12, -574.2426536862913; 
12, -546.9765851295379; 
12, -566.297877971112; 
12, -547.1322626693291; 
12, -549.9939575364697; 
12, -557.2603510293411; 
12, -542.9907203753246; 
12, -550.8214954516152; 
12, -544.5318592756521; 
12, -580.9362069402705; 
12, -558.515189131489; 
12, -562.8080115922203; 
12, -544.2040370786563; 
12, -546.7820587201568; 
12, -554.0144291177276; 
12, -553.778826585738; 
12, -556.0065249725012; 
