1, -572.6740946627777; 
1, -560.6222786847771; 
1, -550.3995696620727; 
2, -555.5598136833619; 
2, -529.3291992092741; 
2, -559.3474657327738; 
1, -547.4881085612606; 
2, -538.6808917104695; 
3, -548.1914379208565; 
2, -534.3385556303383; 
3, -555.2044002110897; 
2, -546.4129313789681; 
3, -568.1897250732482; 
2, -551.7395916422347; 
2, -552.4322136357459; 
12, -536.5751474699864; 
4, -536.0642170372139; 
12, -533.5008834309483; 
2, -547.3379645430869; 
12, -530.7764814079692; 
1, -544.990025091829; 
2, -511.0144088846937; 
12, -542.051061178403; 
12, -523.2607702566656; 
12, -536.7013818880678; 
2, -515.2752111857517; 
2, -543.9459854084944; 
12, -527.669623768963; 
2, -555.1718279055567; 
2, -547.5769392667826; 
1, -566.7005907477906; 
2, -518.182734153077; 
3, -526.8566169585793; 
3, -512.6259488174328; 
1, -534.4877528560573; 
12, -534.1337926276501; 
1, -544.3495933478334; 
2, -536.4628261362559; 
2, -526.923844779456; 
2, -513.781197751905; 
12, -523.3549836472084; 
2, -507.1137067744821; 
3, -549.3799128459614; 
3, -542.3443754442014; 
3, -584.2886447943783; 
1, -566.144822480841; 
2, -568.5348565597196; 
3, -561.5833048152199; 
1, -551.1234394713465; 
3, -563.5365215661877; 
2, -555.0594547491564; 
2, -572.6249090407364; 
2, -575.0333997637317; 
3, -542.8343578291897; 
1, -538.213107325435; 
3, -541.2932293512276; 
3, -551.6044475799536; 
3, -546.4124384669194; 
3, -573.1152475154886; 
3, -554.6861375844201; 
3, -551.0917802331533; 
2, -543.3320898340971; 
3, -554.7901731334423; 
3, -560.015036756311; 
3, -550.8917154457158; 
3, -547.1234512274459; 
3, -549.2587596739686; 
1, -561.1872546250233; 
1, -567.3391923954186; 
3, -540.7201999923855; 
3, -556.5250280302134; 
1, -546.893281532175; 
2, -557.5871579453669; 
2, -547.7667669795046; 
1, -561.8077842145576; 
1, -564.273731007037; 
3, -573.6783067122888; 
1, -579.3668940482603; 
3, -552.1565835642032; 
3, -558.1256447236883; 
2, -547.0502089494257; 
12, -526.9769648247238; 
3, -543.1401554077092; 
1, -541.0661948100678; 
1, -568.3690951693934; 
1, -567.6010961514257; 
3, -556.9756733582835; 
2, -559.874841017052; 
1, -562.2199278737971; 
3, -549.1605812110865; 
12, -535.086259734846; 
3, -559.1217383998883; 
2, -540.7960927801614; 
3, -551.4084991892742; 
1, -566.5219836471006; 
1, -601.7043976785208; 
1, -595.5751354278109; 
3, -563.3396676337943; 
1, -605.798558290946; 
1, -601.8884372180983; 
