13, -380.870634918701; 
13, -272.9633177286368; 
1, -271.4499947400968; 
1, -284.3238588017225; 
1, -247.77619687593824; 
1, -229.80667475734754; 
1, -294.3749878415447; 
1, -311.7578772579027; 
1, -266.4015092712516; 
1, -268.13335940361867; 
1, -262.6496492699289; 
1, -245.7671630909922; 
1, -279.8027068324209; 
1, -277.3622604307743; 
1, -266.11969682988774; 
1, -299.01012506601273; 
1, -309.05394630983574; 
1, -258.44022274783583; 
1, -258.6399387652964; 
1, -266.998243399692; 
1, -268.8793510103151; 
1, -280.4720536397599; 
1, -266.21403577702586; 
1, -275.38788056361136; 
1, -254.45770069632727; 
1, -233.54904542229815; 
1, -278.4250244353716; 
1, -251.91929193218857; 
1, -269.23612223544205; 
1, -282.1036107861064; 
1, -287.9365631452256; 
1, -275.66470485887476; 
1, -259.6845078463084; 
1, -260.2995732331274; 
1, -281.3855773381729; 
1, -262.5392740285588; 
1, -258.3995866950354; 
1, -295.5312642028457; 
1, -304.64405112332315; 
1, -279.58012817187046; 
1, -250.29040022826302; 
1, -255.3878263749939; 
1, -268.84573448421725; 
1, -281.45649644672267; 
1, -257.588949418252; 
1, -246.99903951784108; 
1, -272.7627393524381; 
1, -254.9001584407415; 
1, -301.56959703577013; 
1, -312.1113478910229; 
1, -269.30748261404005; 
1, -278.21284887727234; 
1, -275.03493839457406; 
1, -281.90859357677255; 
1, -264.74023093161304; 
1, -272.10406878633694; 
1, -257.85856493779465; 
1, -267.998810489511; 
1, -245.8882860898484; 
1, -269.2778131456507; 
1, -266.21806458690844; 
1, -272.3064201176421; 
1, -227.7680976043921; 
1, -258.1265332787152; 
1, -282.9439820218686; 
1, -258.89945890727904; 
1, -277.4392174541281; 
1, -276.85914677018445; 
1, -253.73997390235309; 
1, -257.1834536739552; 
1, -256.28413539455505; 
1, -266.9122767869121; 
1, -264.03495478562763; 
1, -267.082080415621; 
1, -249.39844020814053; 
1, -271.6506330207194; 
1, -277.05590529352776; 
1, -240.42402905876224; 
1, -263.5329161063273; 
1, -241.55425735034441; 
1, -267.8087029694543; 
1, -263.9384221827713; 
1, -249.87046979727165; 
1, -250.28471826761233; 
1, -270.97382405376993; 
1, -258.51212682867117; 
12, -547.5746544816539; 
12, -532.1668799400395; 
14, -524.8891880849551; 
12, -486.03578215824746; 
5, -432.3088621016286; 
8, -442.4628636076268; 
2, -499.37815272224543; 
2, -481.10635499963246; 
2, -448.8854422465374; 
14, -423.5784214144187; 
12, -440.58836498681194; 
2, -447.85084150271723; 
7, -447.63745087240386; 
2, -438.9330634577309; 
3, -424.4029991391981; 
3, -438.7505873294904; 
2, -435.76977217361855; 
2, -454.94292358828534; 
5, -421.0960934348841; 
2, -423.81545845722576; 
3, -427.46744402386685; 
2, -418.62711612867497; 
2, -417.8590889550178; 
2, -428.8908706132461; 
1, -508.5172318835321; 
1, -529.4503803189145; 
1, -521.2651698735062; 
1, -505.67270408954937; 
1, -462.69071718454506; 
3, -468.9686172086949; 
2, -448.8848571945746; 
2, -457.68856461297037; 
2, -463.1689492666046; 
2, -471.56466887708666; 
3, -439.45679258557357; 
1, -435.8750584179288; 
2, -429.5934838408866; 
3, -409.6033315158238; 
2, -434.02127783300966; 
2, -448.9272988999219; 
2, -421.4779758394943; 
2, -422.4561621951798; 
2, -419.62612373807497; 
2, -418.6528377406721; 
2, -426.01451200369047; 
1, -420.7632924489808; 
2, -426.5784454658278; 
2, -416.9317685524293; 
1, -413.1932929846007; 
2, -423.32189030913287; 
2, -414.39392533010687; 
3, -404.1062132215957; 
2, -420.54085884499364; 
1, -404.6425936828455; 
2, -399.53488065247075; 
1, -393.8973189692115; 
1, -399.1137866163044; 
2, -419.5746400767166; 
2, -406.4194433428711; 
2, -425.47876002786506; 
2, -403.46634135247587; 
3, -408.601797737545; 
6, -412.32568837184954; 
2, -399.5245747514273; 
3, -402.3872062515147; 
3, -393.0498475034692; 
3, -402.22157618284837; 
2, -386.6721386080826; 
3, -397.2682172886707; 
3, -391.2682557169028; 
3, -413.56196320449817; 
3, -392.744298996673; 
2, -396.9673358401851; 
3, -390.90810423727817; 
3, -400.8064591929797; 
2, -403.99626318889204; 
2, -395.08620760185295; 
2, -394.69091046446556; 
3, -413.4541424952913; 
5, -391.0589873520439; 
3, -380.7263336313554; 
3, -390.5845452821595; 
1, -397.330789973792; 
3, -395.1676620451253; 
16, -375.65689712468156; 
4, -380.9580117525038; 
3, -392.2151765048111; 
7, -385.1885415729121; 
2, -384.20560426075826; 
3, -373.19018411530124; 
3, -392.51192656838975; 
3, -389.88671041790076; 
2, -379.55056144887203; 
5, -371.1188940015709; 
3, -379.8773612814839; 
2, -391.62938323058916; 
5, -375.58110352238145; 
5, -377.11044666763337; 
3, -387.01470524905744; 
4, -386.0516572435081; 
5, -390.85320998571115; 
2, -368.5562653469169; 
3, -380.61890245262475; 
4, -374.4901338812342; 
3, -385.52017069819703; 
9, -388.9344711952581; 
1, -388.37458274594974; 
2, -405.939021331571; 
5, -399.78766652922786; 
2, -405.53346005606; 
2, -398.7695157321432; 
3, -400.6754420347206; 
2, -385.5289733965328; 
2, -396.9872264122678; 
2, -389.62569651591184; 
2, -397.2937066737213; 
5, -370.21888789381046; 
3, -383.8573108059354; 
3, -384.9261759681758; 
5, -375.99119739302114; 
2, -372.9283943597693; 
12, -381.09912264041486; 
3, -379.8989297791413; 
3, -392.569604227072; 
4, -385.100589085705; 
2, -388.01289298820484; 
3, -394.17027424278785; 
3, -376.88833413185785; 
3, -370.75333198261796; 
1, -384.35810771456454; 
3, -380.2551146582846; 
4, -386.64903893614246; 
2, -382.74493269537925; 
3, -384.0464704449405; 
3, -389.6775861213682; 
3, -361.4676615730714; 
2, -379.4512939603301; 
2, -384.9580068494688; 
3, -387.3069596101559; 
4, -377.01926635572454; 
1, -380.2593163526326; 
2, -387.2324456229835; 
3, -381.36812777697924; 
2, -375.541579235869; 
3, -377.5604567465489; 
4, -374.0015547142975; 
2, -380.496333472227; 
3, -356.4121622172679; 
3, -369.6843823247327; 
4, -380.0556284905906; 
2, -378.50518158361956; 
4, -379.6653554813529; 
3, -365.6878674036125; 
3, -358.12833054276416; 
2, -371.0839969595254; 
3, -378.5418335856084; 
4, -365.4109352948144; 
3, -368.32185941880743; 
3, -375.57006400205137; 
9, -368.7065217453637; 
12, -367.600259357263; 
2, -379.6171326184558; 
2, -372.11878454768157; 
4, -353.9881652126205; 
3, -357.7641431313241; 
3, -379.6334269999934; 
2, -378.876714196158; 
3, -388.4726302475174; 
3, -379.40104693503235; 
2, -378.6973495351558; 
3, -383.2808431497542; 
3, -382.69811646288144; 
8, -365.4747440448118; 
3, -368.81779403628025; 
3, -368.8753298593365; 
3, -353.91046826477395; 
3, -362.43790099048056; 
3, -363.4142908328213; 
2, -372.04933662113035; 
7, -362.0169251322368; 
3, -371.66026451233483; 
4, -365.31188814622874; 
3, -367.8867254137731; 
3, -369.86025559471454; 
3, -381.8853081782436; 
3, -371.8820536343701; 
4, -374.9411808991863; 
3, -378.12319393706275; 
4, -373.0615890883637; 
12, -370.95938188105356; 
3, -396.00014314078726; 
1, -382.4519753864297; 
16, -372.97109820377955; 
4, -367.79805475832836; 
3, -378.0215932590654; 
3, -372.13575837863027; 
5, -371.8135259738774; 
5, -374.5248689794389; 
4, -380.5786383776576; 
4, -364.5257326514111; 
5, -367.43307552432816; 
3, -387.25208909332287; 
2, -377.9483979247743; 
3, -376.7374608456157; 
3, -384.2022924487246; 
5, -377.8456812833756; 
7, -366.0509115337045; 
2, -369.46021930144343; 
2, -361.28839783516014; 
2, -392.71111174614634; 
2, -396.29556221289386; 
2, -366.9221452792408; 
4, -369.99699601207976; 
2, -377.9763963357982; 
4, -362.6097057103616; 
3, -367.27815571088286; 
4, -369.7401787711133; 
4, -363.9128762513865; 
2, -370.17798149333976; 
1, -371.9653655875736; 
4, -370.15652895394305; 
3, -351.66038082091836; 
2, -355.6357356146327; 
2, -357.03793735569343; 
1, -387.1267644934269; 
1, -362.52328985238273; 
3, -356.1883566009201; 
2, -369.82283082432696; 
2, -383.4730370304169; 
1, -362.5015680987126; 
3, -366.94888618921686; 
3, -360.3972992488125; 
2, -355.8607996183564; 
1, -365.21496307362395; 
2, -372.27197560996865; 
2, -359.80006054541445; 
7, -379.53202087020327; 
6, -358.99360060712206; 
2, -372.427221873455; 
2, -375.01644690740795; 
1, -366.56017988162057; 
8, -364.70335313306714; 
12, -349.8535691782454; 
5, -368.05627509394253; 
7, -364.53483872268407; 
1, -366.72080604705843; 
2, -359.9130043992627; 
2, -369.91782663716003; 
3, -361.93797015536984; 
2, -379.867306388056; 
3, -360.16066412885266; 
1, -377.68898665318557; 
2, -351.03497721681197; 
3, -368.5675922648661; 
3, -372.69088500922953; 
2, -369.0805330179137; 
2, -364.82143737745355; 
7, -368.3528117700771; 
3, -356.74582394442405; 
3, -353.35631536519213; 
3, -387.9121465252683; 
3, -367.9674899828242; 
2, -352.5939484365954; 
3, -354.0870243092213; 
2, -375.89755535639415; 
3, -362.14833306803484; 
3, -382.29473013865936; 
5, -365.957523672143; 
2, -363.4491865773016; 
3, -359.55347383716435; 
4, -356.2531799578137; 
3, -362.4280667158164; 
2, -373.6575714449573; 
2, -349.58456816534454; 
3, -350.72931968120974; 
4, -358.9359030003252; 
6, -358.9207169960573; 
3, -374.1912522573839; 
2, -359.6612508532853; 
1, -364.50548493268434; 
1, -375.69796026850236; 
2, -355.8827149884455; 
3, -356.7683726794785; 
2, -365.4010129558592; 
4, -367.7576888224721; 
6, -363.7855609001708; 
6, -366.63293293316383; 
2, -352.27085253635596; 
3, -356.0971059602889; 
3, -368.70163231094193; 
3, -368.3273927451519; 
3, -353.196970221863; 
2, -350.4872238378739; 
2, -374.2964927889698; 
3, -372.37379094809876; 
2, -366.8839112521382; 
3, -365.9411627231457; 
3, -367.7531134892197; 
3, -351.54272065107943; 
5, -349.90625394273957; 
12, -374.9724251804728; 
3, -372.02016981263296; 
12, -362.5626406719239; 
14, -354.2195183034637; 
3, -349.87076583126327; 
7, -345.11543597442505; 
2, -353.6568138344737; 
1, -371.10068669580505; 
3, -360.5954915343027; 
2, -367.7773887477524; 
5, -348.01005875732517; 
3, -352.41379633618635; 
5, -363.66171502068755; 
3, -366.01827136427164; 
3, -358.7387106278911; 
7, -359.53107180495863; 
3, -369.7790943296859; 
3, -368.97007590258727; 
3, -351.4454776360071; 
3, -388.7417064680485; 
3, -369.82128534826916; 
2, -360.76068453723565; 
6, -358.5701133737166; 
7, -364.53006162832025; 
10, -359.29595489043277; 
3, -371.06040381483035; 
6, -357.4898015356448; 
2, -372.3998219416244; 
2, -377.18150523642544; 
4, -385.82581335277064; 
1, -370.36098796722945; 
4, -363.99580182984937; 
4, -357.34412090224214; 
3, -364.59844921703916; 
3, -352.5792881459638; 
3, -363.9714104690647; 
4, -364.54790073807817; 
7, -369.32037780975224; 
9, -361.7199334302568; 
2, -360.9404218152631; 
2, -359.5540125644184; 
3, -350.6107684348244; 
3, -350.2091498240479; 
2, -342.49256426657666; 
8, -355.06879191828193; 
6, -353.48904682247667; 
8, -357.7136079171614; 
3, -361.26625323752523; 
4, -356.4246407391038; 
9, -351.69027713729884; 
4, -363.5419171213289; 
4, -366.12939303641906; 
16, -357.8045814385987; 
7, -352.12576844429714; 
5, -354.5400333447906; 
3, -366.1096900711709; 
5, -356.43489363160916; 
3, -369.58741672176984; 
3, -344.2577583223756; 
5, -361.4399795993231; 
4, -355.00909088668413; 
3, -363.7796262471238; 
4, -359.55499465647154; 
12, -357.70472526343656; 
1, -356.30151359390584; 
3, -352.04055812204024; 
4, -360.2228166931018; 
7, -345.8333782897389; 
3, -362.7507311020163; 
6, -357.86355864276993; 
4, -361.6379632662283; 
2, -370.9800606032077; 
2, -374.59989067187416; 
4, -359.4375337002566; 
4, -365.87794313495397; 
4, -374.1088923754869; 
2, -361.55446866719285; 
1, -369.56689003051724; 
3, -376.5482718363637; 
5, -349.33093629812356; 
5, -348.318082705955; 
3, -358.81483518349705; 
2, -369.7730384663155; 
2, -367.2255406611366; 
3, -361.9524812246382; 
3, -390.2400691648363; 
4, -354.2796594094252; 
2, -353.983208048885; 
3, -360.1647630253283; 
3, -355.93703673777054; 
3, -356.6740817951504; 
15, -363.3612595463055; 
6, -355.595743783575; 
3, -344.627877498162; 
4, -356.55696179295774; 
5, -366.04776462411974; 
2, -376.32787397204083; 
2, -362.7978412088123; 
4, -361.5931246889231; 
1, -362.38886007873225; 
13, -360.6542043557856; 
5, -346.9756944720575; 
3, -355.3017943969171; 
1, -360.9577933799592; 
2, -355.8099583139119; 
2, -345.7826120451791; 
4, -346.2065841857984; 
5, -361.80349895133986; 
3, -354.3866762253165; 
2, -377.1524806044181; 
4, -366.59845658176346; 
4, -352.0874269785709; 
5, -352.10957152824267; 
5, -351.6217653177446; 
4, -350.34579153734376; 
1, -362.4740602597594; 
3, -379.21365113038337; 
3, -360.20541653435794; 
3, -355.9385022377828; 
5, -370.8979032470961; 
6, -356.0764495682379; 
2, -355.66366839321563; 
5, -356.0914708991477; 
3, -348.28430781292263; 
3, -353.1505894961301; 
2, -339.04289024337777; 
3, -346.49648139762576; 
6, -357.240913560905; 
8, -350.0882052715169; 
7, -356.05800982457004; 
4, -356.4139324046555; 
6, -345.4602842039021; 
4, -350.93539230688475; 
5, -350.40274201496504; 
5, -358.5937183229835; 
7, -346.77582489835913; 
5, -351.4568568012037; 
2, -364.0338827902451; 
3, -344.1481193344516; 
5, -368.8418478311505; 
2, -339.01856055809185; 
4, -363.5394068972382; 
3, -353.82560939656105; 
2, -348.45434000284877; 
5, -349.1000722129538; 
4, -348.129220650706; 
4, -359.22013369578053; 
1, -358.5129204856057; 
3, -364.0653174954932; 
4, -355.94983451918233; 
4, -357.29841034009587; 
4, -353.5607808614441; 
7, -358.02388440456707; 
1, -356.60130062740063; 
5, -358.5119759796653; 
4, -355.658109366952; 
6, -348.1259323890554; 
3, -360.477627960121; 
4, -359.9020849755907; 
4, -351.17839141000877; 
3, -379.00069418080966; 
6, -369.8483283634996; 
1, -346.48762305954006; 
3, -362.5356506729149; 
4, -352.66556291785673; 
1, -361.29879139814875; 
12, -365.82809196814196; 
2, -348.2900362693763; 
4, -355.93254384506145; 
5, -362.52373414099566; 
3, -351.04754957780824; 
1, -340.7820919289952; 
3, -364.43107307271566; 
1, -349.2269399713841; 
5, -347.36336104315706; 
3, -356.4679259863915; 
3, -362.2120175404125; 
1, -365.59327047062106; 
6, -342.8047666474886; 
5, -354.04595526799676; 
6, -357.3770042869437; 
2, -362.8000656958611; 
3, -383.4144385023974; 
2, -352.51069416466635; 
3, -369.78045486522024; 
3, -347.45737107799505; 
5, -355.05630047095474; 
5, -336.5827820970735; 
3, -368.99948768300237; 
13, -354.5924472762854; 
5, -356.55373855802463; 
5, -351.7843038987776; 
5, -340.8441392844252; 
3, -366.39675738470396; 
5, -356.5259201199806; 
3, -377.26490043773083; 
5, -342.50957840454066; 
3, -367.43181933418964; 
3, -346.54699970278307; 
7, -351.75834406961803; 
6, -343.3906742844556; 
3, -352.95963612248306; 
3, -348.15001864027; 
3, -371.4637907737342; 
2, -369.47012217878364; 
5, -362.68388035331736; 
3, -345.311022877926; 
3, -326.16381070858915; 
3, -329.53863263645326; 
3, -360.8587553554098; 
3, -352.6259156538581; 
6, -352.2588750560826; 
2, -343.25302433397155; 
4, -346.4890084780345; 
5, -359.6366083691537; 
5, -351.32145579214557; 
7, -353.52228464360815; 
5, -345.01221797437756; 
2, -353.9434124523541; 
4, -367.57372405409114; 
3, -369.2624882402888; 
3, -349.8075270796253; 
1, -352.3651164317271; 
1, -364.9387513891852; 
3, -365.8192018214613; 
1, -371.5913126944215; 
4, -367.15756230228; 
4, -350.0242745165888; 
5, -365.8025742289901; 
4, -359.08656300252187; 
10, -360.36902888919576; 
5, -363.0968076111167; 
4, -362.33348960618605; 
2, -358.9520406804804; 
1, -341.920610144065; 
3, -352.77138359527453; 
3, -340.6608327331196; 
4, -345.13597832922824; 
3, -347.5695735599438; 
4, -349.9277367432369; 
1, -354.688521131; 
7, -352.1209953884536; 
4, -360.4251688926015; 
4, -360.2392156875867; 
2, -349.1463770495902; 
1, -357.5168507164053; 
1, -369.1264724009088; 
1, -369.17603476930526; 
3, -362.94651275483193; 
4, -364.58815765587497; 
1, -357.4302958729095; 
4, -364.202802102227; 
4, -366.7130908208783; 
4, -368.5224044971983; 
4, -357.4342155488848; 
8, -350.050509982364; 
7, -357.2717308347346; 
13, -350.92456781395595; 
3, -347.3183438486303; 
5, -382.8109145334747; 
3, -378.83407842423185; 
1, -360.40082991027157; 
2, -361.2591581499146; 
2, -351.56263102809316; 
4, -363.72980756906327; 
12, -360.82332376547856; 
3, -365.6016860632808; 
2, -375.683818646241; 
2, -362.05760070795077; 
16, -361.08383146399865; 
5, -359.6030494768056; 
6, -357.7816575227771; 
4, -359.5814290258277; 
6, -369.1259237138729; 
2, -362.97933374901186; 
1, -360.7013223802496; 
3, -356.25380246678833; 
1, -347.3200995862426; 
4, -358.9036384059; 
10, -350.4200346089783; 
4, -360.693667220301; 
1, -345.6520368104102; 
5, -354.50801334984135; 
3, -337.54056789923925; 
5, -350.1177963780938; 
6, -356.3439154980588; 
5, -348.004205625155; 
3, -374.89930094289593; 
12, -350.397210599971; 
5, -350.89141637150897; 
4, -351.0700596977258; 
4, -345.3183504027256; 
3, -349.7435685887467; 
5, -355.7157896285062; 
3, -346.6449102422921; 
3, -370.60468347376445; 
2, -335.9358383967774; 
5, -336.72705998882884; 
5, -355.78318861854495; 
4, -349.7256973734766; 
1, -367.0098811466887; 
4, -365.3966070313181; 
5, -353.05843654851196; 
3, -373.92425061090034; 
2, -368.9646881525405; 
3, -354.7325585105864; 
2, -355.7011486547708; 
4, -367.0154384316411; 
2, -364.1297512933379; 
3, -368.7048134583747; 
1, -368.2054643680167; 
1, -372.2804078384361; 
2, -367.87486770009855; 
5, -369.29826119783684; 
1, -353.4771404809144; 
4, -374.2936831052066; 
4, -373.0174923882005; 
3, -352.3173411079915; 
3, -356.77716908196453; 
15, -356.3494674784888; 
12, -364.04170321510173; 
1, -365.98243030172307; 
1, -361.23586051131133; 
2, -370.31686542744865; 
2, -357.7560518528044; 
2, -367.9001306051796; 
1, -366.06523739077966; 
2, -378.49898524500895; 
7, -363.2587241278088; 
3, -361.49683669180376; 
1, -369.6335292836593; 
4, -372.7445260693203; 
5, -361.95571126104915; 
3, -361.1891449157847; 
3, -363.55728579711285; 
2, -359.574875419552; 
1, -367.4234314050991; 
2, -373.48001737296; 
3, -369.5247498311801; 
4, -366.14281330481754; 
6, -357.4049028911104; 
1, -374.24509833566844; 
1, -372.94708510587225; 
4, -365.73056733133853; 
3, -364.58799000494764; 
4, -363.8172081641387; 
16, -367.7992919089447; 
3, -364.96684281059424; 
1, -364.99123007885646; 
1, -370.04949842358474; 
4, -365.3238223611552; 
1, -372.6868833290064; 
1, -368.66326497890987; 
16, -359.0531503195816; 
4, -361.6128842465114; 
2, -355.5853505524865; 
4, -361.08679845021106; 
1, -361.52150459960103; 
1, -361.0600193599239; 
8, -361.908134718833; 
3, -359.45373172842665; 
4, -372.92487620044267; 
5, -368.3470129313646; 
4, -366.4187896674557; 
4, -364.2368006139586; 
1, -358.2069605604629; 
5, -343.61460860204534; 
4, -352.91244908972294; 
6, -358.6260099593201; 
5, -355.5153714666958; 
3, -355.36190147016896; 
8, -350.90253211400704; 
8, -353.4534571195254; 
4, -362.19490032453905; 
3, -347.9299230329925; 
5, -351.5858250083111; 
5, -351.60916956642177; 
1, -348.00749812083086; 
3, -365.0586859798059; 
1, -346.7388757467852; 
3, -366.5558003708138; 
3, -351.2526833060547; 
4, -362.8924537994317; 
5, -364.28908618568676; 
1, -371.77465725148795; 
1, -364.37921981705585; 
3, -374.86411618156126; 
3, -361.6387434952776; 
4, -368.983034503879; 
4, -371.32286842458416; 
3, -364.62556467356626; 
3, -392.358548595279; 
1, -369.77124232100323; 
2, -399.45378839119803; 
2, -418.3027670510346; 
2, -449.53450066025835; 
2, -423.44028812187025; 
16, -398.1869667075807; 
3, -395.3893588310457; 
2, -382.97425406012917; 
3, -366.7917552216095; 
1, -368.19698334287386; 
1, -367.78045428195037; 
2, -350.1302717165672; 
1, -356.82773669960443; 
1, -373.68990406766534; 
1, -372.42245163186453; 
2, -350.94992192531936; 
1, -368.27300005505094; 
1, -366.85882007470354; 
1, -362.22739324590657; 
1, -358.0024724602117; 
1, -350.76326516486006; 
7, -358.14584566670237; 
4, -357.4870203122846; 
1, -361.30473097244976; 
1, -359.80119520553853; 
4, -363.1657544824993; 
5, -362.53683346515754; 
4, -373.211742653104; 
4, -354.38281525397906; 
1, -365.9860399098252; 
2, -368.3936853656778; 
3, -374.2661371246213; 
2, -390.5940207911772; 
8, -379.67290450498695; 
1, -370.73523741803365; 
1, -364.0452005492989; 
1, -391.15406483924016; 
1, -373.1938417570782; 
1, -368.8510915709194; 
1, -373.17075823422056; 
1, -366.41032795381034; 
1, -377.7626193491742; 
1, -379.95406706503127; 
1, -369.0798296544817; 
1, -367.77684064011555; 
1, -365.97729973925743; 
1, -373.9006478947704; 
1, -372.84324089233996; 
1, -370.9863120293012; 
1, -365.74248577136314; 
1, -375.3669817862683; 
1, -365.1944771853741; 
1, -368.76619301660685; 
1, -364.8077420531772; 
1, -363.90579391492065; 
2, -367.9313809971791; 
3, -357.9997082427144; 
4, -354.0903958393028; 
1, -365.0034702164703; 
1, -369.3528318038443; 
1, -371.5243235458038; 
1, -377.57129365595756; 
1, -369.60548045969335; 
1, -367.65891399548855; 
1, -363.12518670852296; 
1, -368.1999564814032; 
1, -360.33036531467224; 
12, -366.2266706544906; 
1, -351.678638226178; 
1, -353.69620108633535; 
1, -355.246981909906; 
4, -349.9069719723193; 
3, -344.99900651408825; 
3, -346.7140295646386; 
3, -337.56896182202036; 
3, -337.2628849869361; 
3, -348.3225985907484; 
1, -344.18241919612046; 
4, -350.55324052023934; 
4, -354.0067971869139; 
1, -354.63657317339676; 
1, -359.63424132118234; 
3, -360.5603286814294; 
1, -351.01825648447266; 
1, -350.36791492742486; 
1, -355.9580914028338; 
8, -348.836306702171; 
3, -341.84094241890125; 
4, -357.8733793513966; 
1, -358.63436106126755; 
1, -370.6727117751725; 
4, -357.3094956848654; 
2, -356.20546314126113; 
1, -355.7357705666218; 
3, -350.4440756383119; 
1, -354.2209774838411; 
1, -346.7169473726535; 
1, -346.7424079658231; 
6, -351.12259517994244; 
15, -349.9111278867349; 
4, -365.43826590047684; 
1, -346.95981311192736; 
3, -362.6656274739653; 
4, -349.18450220744126; 
4, -357.3326247628429; 
1, -344.4712110356195; 
4, -343.5251777715748; 
4, -359.48686545190867; 
1, -347.5812924138736; 
1, -367.1917970671784; 
3, -363.581375525333; 
8, -363.90650917275343; 
4, -355.8857869084459; 
3, -367.69703619909706; 
7, -372.27773542818613; 
5, -355.04247834620764; 
3, -348.359633713495; 
4, -360.84395116288215; 
5, -357.07709535595495; 
1, -356.77935154689476; 
3, -366.20615337841446; 
6, -363.28428829979384; 
1, -349.386853828968; 
1, -364.96314531360986; 
2, -372.28294126619585; 
4, -353.7190869965707; 
1, -367.1074695425341; 
1, -375.0064857022371; 
1, -369.6464871785138; 
1, -361.7140641976148; 
3, -367.8789031486376; 
1, -361.02375311322976; 
5, -367.4147079899558; 
4, -364.42261111171683; 
4, -356.8160233453964; 
5, -353.56317196041346; 
7, -362.98170393524924; 
6, -358.7093245621654; 
2, -363.8065949572483; 
1, -355.05200658435933; 
2, -362.32722796150483; 
4, -371.3746970088687; 
2, -360.66573764855275; 
1, -358.3522223297041; 
6, -362.0889558867784; 
3, -363.05463559395866; 
4, -372.7225847617374; 
3, -369.1505708702607; 
6, -358.69385607505683; 
3, -368.8988842308754; 
3, -364.41656162950676; 
9, -359.0465738630155; 
1, -359.5632275104872; 
1, -357.548558933544; 
3, -381.42539121652953; 
3, -364.1214108914719; 
5, -354.90595249197213; 
4, -358.2324116543168; 
3, -362.49542526359437; 
2, -357.6143997440231; 
1, -365.2034840771812; 
1, -374.47366495098686; 
1, -375.4260865810793; 
2, -361.10193686711136; 
5, -356.3300497176824; 
1, -355.74103885598015; 
1, -370.7864734787727; 
1, -350.6066364434664; 
4, -373.1439220176544; 
5, -357.1557924511144; 
3, -376.15937617846066; 
4, -370.86296244495315; 
4, -366.51946888433304; 
4, -367.2070332816802; 
1, -361.5420378111303; 
1, -361.843397261051; 
6, -354.919021256268; 
10, -355.2658971622004; 
16, -351.3751514694304; 
6, -356.37419744825456; 
4, -361.0439443102805; 
1, -357.6317823388963; 
1, -362.42259411723353; 
1, -357.7313485558843; 
13, -365.8139443724067; 
5, -362.61337385635125; 
4, -381.65167447552085; 
8, -371.70548046712065; 
9, -365.80625146633247; 
4, -390.95582817232935; 
1, -375.6560953850276; 
1, -360.2551790428697; 
1, -360.7055752558517; 
1, -368.8178403095226; 
1, -357.9842555776704; 
1, -369.17793759150663; 
1, -360.17784578644205; 
1, -358.6775412876741; 
1, -356.0807491433807; 
1, -354.81070118770003; 
1, -355.6590615059249; 
1, -360.4201867332449; 
1, -359.1211096913321; 
1, -355.18661874730606; 
1, -357.7915418132907; 
1, -358.811428565823; 
1, -359.91864846652607; 
1, -350.417653634795; 
1, -355.94485923973843; 
1, -361.18761492241174; 
1, -357.27697258407716; 
1, -360.0673041510745; 
1, -353.9977887343848; 
1, -358.5344803077169; 
1, -356.00873800873524; 
1, -357.18998616351746; 
1, -356.67973031511065; 
2, -354.9976618060027; 
1, -367.25856526289135; 
1, -362.0519172428176; 
2, -363.13232742255786; 
1, -361.1697321641841; 
1, -355.0648468840518; 
1, -356.7393173578894; 
1, -350.19765322550666; 
1, -368.8838086577016; 
1, -356.12650624552043; 
1, -347.0356919961632; 
1, -357.17912455188343; 
1, -356.5369454351021; 
1, -352.5204252805561; 
1, -354.3036050600349; 
1, -351.57443084713304; 
1, -351.1354293472832; 
1, -350.31847371405456; 
1, -349.56719294708455; 
1, -352.06424030585913; 
1, -346.59374923974974; 
1, -343.8464113213704; 
1, -352.1666825361317; 
1, -348.21680061367806; 
1, -358.112968769914; 
1, -347.9900844322401; 
1, -352.08570316963596; 
1, -348.80397499370156; 
1, -346.1892234834377; 
1, -342.2371812814381; 
1, -348.4384796526865; 
1, -347.5060165479081; 
1, -342.9183989838348; 
1, -346.3645064753946; 
1, -343.1953265389893; 
1, -344.2565087485127; 
1, -345.768355723063; 
3, -371.49314680940006; 
12, -362.6679981057532; 
8, -371.70461608399637; 
3, -353.4807597514591; 
6, -356.2186943711131; 
5, -353.277029833931; 
4, -366.8766279470292; 
2, -354.8068179934053; 
1, -350.3522136754473; 
4, -354.50095989514375; 
1, -349.8753842426231; 
6, -354.17421730823116; 
2, -364.8078284509829; 
1, -354.38260970963165; 
1, -357.2284269607044; 
1, -353.380584988161; 
4, -362.98154510662425; 
12, -347.0772461880115; 
1, -355.1998285687878; 
2, -357.01434521895135; 
3, -361.09120343404356; 
3, -355.20702758210246; 
3, -356.9326458245632; 
5, -356.11997396161314; 
1, -349.00433606741717; 
1, -356.1784400881734; 
1, -340.7581411348656; 
5, -349.50435761286644; 
2, -362.3131300681853; 
2, -353.17414189333795; 
8, -367.8743870056933; 
5, -370.85014482430415; 
3, -359.48409909091424; 
1, -365.7064115302637; 
1, -355.2445723001729; 
7, -356.01934843388153; 
5, -356.1046450097929; 
2, -355.14814267779; 
7, -364.11723937734496; 
1, -348.9219721442205; 
12, -357.9356271890574; 
5, -377.59731932519935; 
2, -360.0345824236283; 
12, -358.1633846706827; 
1, -351.8272059063311; 
3, -355.3160273427493; 
5, -359.79032668151194; 
4, -364.73021954798605; 
4, -348.6535171221476; 
13, -351.08092589955777; 
7, -356.20330815424677; 
6, -353.68537395366; 
6, -363.416456365725; 
3, -366.8361612253357; 
3, -357.5086824086611; 
9, -357.50524471182143; 
6, -379.64106024522334; 
4, -352.2039431340527; 
1, -362.01217002171325; 
4, -356.0741220394266; 
4, -365.48056154401274; 
3, -348.9244890107075; 
12, -363.82474921562243; 
5, -362.696448718023; 
4, -361.3030389518244; 
13, -369.65724683133885; 
3, -359.8720641621039; 
6, -351.07355631596874; 
6, -367.64666235563345; 
1, -349.1793451254489; 
9, -376.40703374537406; 
3, -364.8476568311453; 
2, -350.73410151398275; 
1, -349.5688518942334; 
4, -355.9363870252855; 
2, -371.66169140598504; 
1, -360.1588767095236; 
1, -365.5474252734566; 
2, -352.98722177935997; 
1, -366.81747174827615; 
1, -382.0055885661859; 
2, -346.527872986102; 
3, -379.07356934138807; 
1, -361.24585606798064; 
2, -366.8707350118202; 
3, -369.7373918470694; 
4, -369.23066102771554; 
4, -378.4057811261737; 
5, -361.9028003602871; 
4, -366.75986849406036; 
1, -348.0911930493894; 
1, -357.82326343253953; 
1, -359.12101878988324; 
8, -364.62336953380145; 
5, -375.4585906752618; 
2, -374.85535136359977; 
13, -343.9879728440428; 
3, -366.35138787480537; 
1, -360.3316552549368; 
1, -365.49530587741174; 
2, -361.037715519371; 
1, -361.6672497157124; 
1, -356.9263464208925; 
4, -369.0837143781828; 
3, -365.1792512824759; 
1, -355.48661392956274; 
1, -359.60274528106675; 
1, -357.71597346500494; 
5, -372.95390528743155; 
1, -362.70769175793976; 
1, -365.93946843902813; 
2, -352.3996416061418; 
11, -377.49791277432814; 
5, -364.49472508759936; 
8, -364.95779951370787; 
16, -388.17599860648625; 
2, -368.35238011716865; 
8, -374.6442221928737; 
4, -378.85822381061735; 
1, -371.4478574489476; 
4, -377.5358795058564; 
8, -358.7445261767716; 
2, -363.4633850303362; 
1, -360.1793140678201; 
1, -364.15543413878186; 
1, -361.00927951931953; 
3, -365.92102929303655; 
15, -372.4439151690458; 
2, -369.77510647138115; 
3, -366.75887291453546; 
1, -373.0980333426269; 
1, -358.69722805474885; 
3, -360.42680977931013; 
4, -360.4964433215209; 
5, -381.03249820601195; 
5, -362.77835529268486; 
1, -358.239197010058; 
1, -357.89534123579506; 
1, -359.27479133359157; 
4, -369.09796084760455; 
4, -364.3680649861926; 
12, -377.2545222879271; 
1, -368.95954209315823; 
11, -363.1888708391343; 
1, -361.51755325094564; 
1, -373.91745599202113; 
2, -358.1982983008493; 
1, -366.96786078542937; 
2, -372.96324613841716; 
1, -374.26734883512836; 
1, -374.3315725471475; 
3, -361.3820231759455; 
5, -362.92958658922; 
2, -362.0929059111513; 
1, -359.07459341717185; 
13, -362.0863258773461; 
3, -364.1143156577018; 
6, -358.89571587124374; 
7, -373.69308232242474; 
9, -365.0635828382801; 
7, -380.2620141992229; 
8, -370.4733198565664; 
4, -387.74656760075595; 
2, -418.00831221602857; 
2, -449.5346471617231; 
2, -428.5694792531431; 
2, -430.94522768154275; 
2, -408.8203485691338; 
1, -400.09635121247265; 
2, -424.68779494042974; 
3, -410.5294186733081; 
9, -384.3348883103463; 
3, -392.7955535950605; 
1, -384.0054174858378; 
3, -373.15939109615283; 
7, -379.32234005705686; 
7, -355.95289528457215; 
2, -384.28184761310695; 
1, -353.7132217884064; 
3, -351.64869152294705; 
4, -358.2383693276206; 
3, -367.54287905368255; 
1, -351.9248254377162; 
4, -356.9158177993959; 
8, -354.1275100876228; 
6, -359.24958771059755; 
8, -359.46582786756335; 
3, -353.23623750032857; 
3, -366.7914842396276; 
1, -369.66368498140946; 
1, -353.1671821224736; 
8, -368.7722085281275; 
3, -377.1116174716735; 
2, -361.0201479475945; 
1, -364.7013624883257; 
1, -348.45133871492; 
1, -364.4426622368046; 
1, -364.9654193558381; 
2, -368.6393241665792; 
4, -363.8484164419351; 
16, -375.2453285306692; 
5, -364.17039690114325; 
8, -398.20408025290817; 
9, -379.80286560341483; 
8, -361.15847345098155; 
2, -409.138383342477; 
2, -402.5606793675688; 
2, -396.93597916024737; 
1, -410.8709814696922; 
12, -365.3179902203847; 
3, -372.4400108528789; 
3, -369.4824531780323; 
4, -361.3868856902118; 
11, -356.1963313042652; 
11, -371.22361645149067; 
4, -361.23947407864034; 
4, -383.50039000133984; 
4, -368.99495894799475; 
7, -386.38093482749537; 
4, -382.394444760459; 
15, -362.3174793741782; 
16, -379.00917182897683; 
4, -377.39083137345733; 
4, -363.992338335549; 
11, -372.5325685124262; 
5, -360.3455513661611; 
11, -371.3690968409064; 
9, -380.65849014010746; 
10, -385.8893445947906; 
4, -365.0995560171432; 
3, -364.38983653998; 
5, -367.5858986408566; 
5, -362.91687341372017; 
3, -370.1437177378102; 
1, -360.8873982912628; 
4, -351.10541215044213; 
3, -372.82752924849046; 
1, -361.08726639242377; 
3, -364.30994767241646; 
8, -364.9077753855381; 
5, -350.36496645840816; 
9, -380.166679905029; 
3, -356.85060550336493; 
4, -365.40820193011314; 
8, -364.5657941054087; 
7, -367.7382202174049; 
3, -360.2336012998712; 
3, -359.9617484189803; 
3, -362.58684491657186; 
4, -358.90324036957463; 
5, -354.44305938121397; 
1, -371.1203978845151; 
3, -370.52076221542666; 
4, -366.85789954831125; 
10, -368.9210998279159; 
6, -368.86302388401236; 
8, -367.1751499961247; 
6, -357.60102420911426; 
4, -366.1081082089804; 
10, -349.74883956997655; 
7, -358.1791601201403; 
8, -368.7990541194449; 
3, -364.0506208470324; 
4, -367.2948902315111; 
6, -364.4110603897134; 
6, -364.61748344491934; 
4, -364.92025629110867; 
4, -352.9727339076344; 
4, -356.7951371247764; 
2, -349.80205716751516; 
1, -367.70530621288344; 
6, -364.22563566901954; 
8, -364.0099905615207; 
9, -363.9581524928799; 
4, -354.6716202212847; 
6, -348.9369264408597; 
4, -358.5707765384577; 
6, -360.48354249919066; 
1, -359.4996007210575; 
1, -355.494082767691; 
2, -364.5058972534025; 
8, -359.2426223207731; 
4, -354.2383933685487; 
3, -366.8699344218476; 
1, -351.0966433378635; 
6, -356.1272127876291; 
1, -362.3349908643868; 
4, -363.01804982859176; 
4, -369.0045542746084; 
7, -365.3885912379483; 
8, -356.66671537188813; 
2, -367.0889673837228; 
8, -362.32517119671684; 
3, -354.1221301066689; 
3, -359.4847421250306; 
1, -355.9689162588911; 
1, -352.01213196874596; 
2, -360.476085618895; 
1, -354.1100754789659; 
9, -355.3970590060344; 
1, -356.14568450226216; 
4, -364.6504922786844; 
3, -357.3560068528168; 
3, -358.9395623645396; 
6, -362.0671120560728; 
4, -366.4584919048939; 
5, -365.19892827101285; 
4, -361.8089181407122; 
2, -364.55454816983547; 
4, -358.20434814854525; 
7, -365.5313500750344; 
1, -360.17981781600975; 
4, -363.5895283300197; 
4, -362.00958988198545; 
1, -357.57593241200084; 
1, -354.7521796390647; 
7, -359.04842871730216; 
1, -348.7136499370681; 
2, -356.87974447221495; 
7, -368.90198289608816; 
5, -360.66855684749316; 
16, -365.0514445390436; 
3, -359.1357204391388; 
5, -349.67416707088705; 
1, -352.2512856972171; 
3, -373.82473508256953; 
5, -361.72691411187407; 
6, -364.8012637834763; 
2, -351.9960242258385; 
2, -353.6461839232361; 
2, -356.32031541492324; 
3, -359.636703987082; 
14, -365.8861571283196; 
8, -358.8060239710612; 
1, -355.2089209462865; 
8, -366.2899997046916; 
3, -359.62643371050945; 
5, -353.51232106861426; 
11, -360.2620485279476; 
8, -365.46463683084585; 
5, -357.2109110360034; 
4, -359.856048769434; 
3, -347.26879798964364; 
1, -360.49230484687723; 
1, -350.7230463375454; 
10, -350.9450766723603; 
6, -354.575193292927; 
5, -363.42604511324316; 
1, -349.91827363031916; 
4, -356.32672279467806; 
4, -368.73641849827254; 
1, -357.745790897985; 
3, -345.7812565367785; 
6, -362.1107638448011; 
4, -367.52974121522857; 
4, -357.4317369608907; 
6, -362.97917727561435; 
5, -347.25377965165535; 
5, -347.2724250523024; 
3, -362.3853383278474; 
1, -350.3200632359367; 
5, -359.0671120012412; 
1, -352.46719339641277; 
6, -342.4484031047905; 
5, -364.6097844906035; 
9, -368.7403135939967; 
16, -363.98450595641043; 
4, -369.8026861461112; 
4, -365.6546579239657; 
8, -364.4774015243747; 
8, -365.6329173037666; 
7, -362.1128067395184; 
6, -354.72897799743805; 
4, -370.8572243489907; 
6, -355.44231290981406; 
5, -364.36669808853185; 
5, -359.1006517126807; 
1, -347.0485319036525; 
7, -361.10681865684455; 
3, -353.0383631888544; 
3, -365.7813266707817; 
1, -356.58039027359337; 
1, -367.78844568453496; 
15, -350.5977477627457; 
5, -360.84604448918253; 
5, -364.7271190804313; 
9, -362.59254629316274; 
4, -375.3971838155994; 
2, -363.82966364646563; 
6, -354.5422721761861; 
5, -360.5157615378266; 
15, -370.21283654437866; 
4, -360.0650935069425; 
4, -363.282495304069; 
7, -363.88564351777313; 
3, -364.7094427693519; 
7, -365.85479040135397; 
12, -369.05672736733686; 
6, -351.5514986139606; 
9, -358.0600100400043; 
1, -370.7310922998586; 
2, -355.9243389745243; 
2, -369.6463602579897; 
10, -367.9777916598832; 
4, -364.26943484682124; 
5, -363.9516648084391; 
4, -360.25351039279485; 
9, -360.7707057185471; 
5, -360.77568867220543; 
4, -371.2038571005687; 
4, -359.05973994522355; 
8, -361.4158331460785; 
5, -364.96386836870806; 
5, -358.4387113227276; 
5, -365.9525736516225; 
9, -363.1844318921794; 
4, -367.17459285247605; 
5, -366.06485795159824; 
4, -365.0030778358341; 
3, -357.1797261336469; 
2, -367.1397583373473; 
7, -365.2549899396836; 
9, -357.22986501443665; 
2, -361.1709844717989; 
1, -357.44469959277194; 
2, -347.4246362207341; 
7, -359.49782024958404; 
16, -357.1710667483276; 
4, -360.68959863542113; 
3, -365.48097429738846; 
7, -361.7123228680575; 
4, -356.20683755970094; 
5, -362.28602985228645; 
1, -359.6806280607125; 
1, -350.0852704665158; 
6, -368.39468952297466; 
1, -351.37638142099604; 
2, -366.020132197591; 
1, -336.2924201670685; 
2, -362.8601813345449; 
2, -353.15070242004003; 
1, -371.77631602576; 
1, -367.1342946131481; 
1, -352.5029014366446; 
4, -356.16561391646974; 
3, -361.9260172309587; 
1, -360.3812327241758; 
13, -356.3161687111133; 
1, -374.084529364598; 
1, -373.78547397756483; 
1, -372.7736244892003; 
4, -366.11399637605064; 
2, -355.11160150531214; 
4, -360.69753760733875; 
5, -365.57286207319703; 
16, -358.6299431407824; 
4, -370.023914200312; 
1, -354.478931047488; 
1, -357.8992619701894; 
5, -370.6901549293543; 
4, -384.5557888864423; 
1, -371.1928162027616; 
3, -367.4254246125929; 
4, -370.04917242366355; 
7, -358.3729632301256; 
5, -360.9038849697681; 
5, -348.57552654872416; 
5, -361.45207517553354; 
12, -345.82760069385404; 
8, -365.41122631775215; 
3, -349.30818503396586; 
4, -360.3347185210441; 
4, -352.5780786955147; 
5, -362.6731554575963; 
4, -352.7213959538494; 
7, -356.77268205198925; 
7, -365.85230984253576; 
6, -347.53837170964107; 
3, -353.4981127855135; 
5, -360.72741770156426; 
5, -355.17345000524074; 
8, -352.16109370818594; 
6, -367.0723941505421; 
5, -354.86133554414846; 
5, -356.9433172348654; 
5, -340.794408394373; 
5, -352.6980615443317; 
2, -356.8087272226112; 
16, -352.35491938586347; 
2, -360.8664237044286; 
1, -361.64710577658843; 
16, -352.2803018533159; 
4, -366.35729063116014; 
2, -349.40505498065613; 
4, -355.3018169243587; 
1, -345.83543687232304; 
5, -349.98816641722806; 
5, -360.3783906942699; 
6, -356.8258013082668; 
1, -349.71434828150086; 
4, -342.4836519367527; 
4, -352.99032617209014; 
9, -355.1263462882489; 
5, -355.1760232098168; 
7, -351.95292448659893; 
4, -350.2120199673809; 
3, -359.5797833412653; 
1, -350.135067249299; 
5, -356.5175564776873; 
8, -360.24182075692806; 
1, -357.3728019443806; 
1, -352.633471754496; 
4, -351.7532138536917; 
1, -342.6382467590738; 
4, -353.6199393472634; 
6, -353.1621240541572; 
1, -376.12186510371976; 
1, -374.9437870796537; 
3, -350.6842132117599; 
1, -354.2953220864292; 
1, -364.6210675939219; 
7, -353.4568740131799; 
10, -361.38672958209645; 
4, -350.27142238721717; 
1, -343.7276410345221; 
4, -370.4359115450643; 
1, -357.66153706714977; 
6, -352.42191798670683; 
5, -367.9407140761614; 
15, -351.65111852867994; 
4, -347.5259725886863; 
1, -355.0330544547178; 
1, -352.79740185360424; 
2, -356.70609613892157; 
3, -369.10024646902457; 
12, -357.50364469294436; 
4, -349.35627568652853; 
1, -351.291532275849; 
13, -335.92439487366937; 
5, -355.294835981098; 
4, -358.97020608442836; 
4, -351.06747677968815; 
1, -347.01570135413203; 
4, -352.5005892870249; 
1, -350.93642766110133; 
1, -356.46153475367464; 
1, -394.81944453157485; 
1, -356.6978561510332; 
6, -360.1018513974268; 
14, -371.81773599842563; 
2, -358.839942375198; 
1, -342.1823190713767; 
5, -350.2919815409696; 
3, -352.1432337849401; 
4, -360.80835417448543; 
4, -354.8086258593248; 
3, -359.90531218459364; 
4, -353.4867703979835; 
7, -359.23817112017423; 
6, -361.58092274866067; 
1, -343.5229293211596; 
4, -339.06791976699606; 
1, -342.49329835840035; 
6, -343.7132574976422; 
4, -355.13404311821796; 
3, -346.79351092269644; 
1, -346.82867844216526; 
3, -351.6015450040577; 
5, -370.74997270014137; 
1, -382.87359234748874; 
1, -363.30961054505315; 
7, -344.72806373634376; 
1, -351.0224332752405; 
1, -353.25435889535584; 
4, -353.5729277804494; 
5, -356.6685341022676; 
3, -353.84805986471474; 
2, -340.26993824425153; 
8, -350.79396839707624; 
6, -353.3270348906517; 
1, -348.88590832438786; 
3, -344.05687739758287; 
1, -356.6674542138353; 
1, -360.15461503516417; 
5, -355.62101569690276; 
3, -345.4340097652748; 
5, -356.75653596792836; 
4, -340.173848287086; 
4, -345.5601195595227; 
5, -349.4027378298342; 
13, -353.3874318089802; 
5, -352.99339874321595; 
4, -356.98343125986867; 
3, -348.36455065070186; 
5, -359.79044384043664; 
8, -348.3257478903979; 
16, -350.2782172219595; 
5, -360.9420560457511; 
3, -351.08713117218576; 
6, -363.3127847071737; 
5, -350.74813881877344; 
5, -364.76360544364434; 
9, -366.71993532858323; 
5, -359.84074271901045; 
5, -355.3155854633078; 
9, -362.5248934744159; 
3, -362.2808023262769; 
1, -361.6713246781146; 
7, -380.86799438425805; 
4, -362.98082460463047; 
5, -367.45859539636876; 
4, -375.9825027878396; 
6, -367.3569840458222; 
1, -374.66001152514946; 
1, -380.80951764667407; 
5, -369.83624878688715; 
9, -361.41988485865295; 
3, -380.60612460481934; 
1, -358.0969933938468; 
12, -357.0564701340627; 
9, -360.0088908993639; 
2, -355.4751013087807; 
4, -355.40632811456453; 
3, -356.42320934392046; 
4, -361.93537899153307; 
9, -358.02303239668254; 
3, -358.9714079221012; 
9, -363.9733588229865; 
6, -360.1298445604043; 
6, -364.9180468118284; 
7, -379.5013465519296; 
8, -370.15248833654914; 
4, -379.40299163374584; 
8, -362.3555814172141; 
2, -372.86767352279276; 
1, -356.86580898286775; 
4, -357.9549845032161; 
5, -354.91456323338207; 
8, -362.6748487285804; 
1, -354.24824150057975; 
3, -359.29280438716523; 
6, -378.41363864042796; 
9, -381.56433578394353; 
9, -382.0290583156748; 
5, -384.2174724051729; 
4, -394.25525389343966; 
6, -404.3369344723178; 
1, -370.62111285317224; 
5, -361.50340396678075; 
4, -363.72783594799694; 
5, -358.64437984640244; 
6, -358.5381613188656; 
4, -365.2587938774377; 
6, -371.5845813199412; 
3, -367.62133524206; 
5, -368.1794059338281; 
9, -376.74499183450826; 
7, -356.9270908200415; 
3, -351.7409935663454; 
2, -359.5635884469375; 
8, -360.20542347151786; 
4, -369.06982752343174; 
4, -364.2937044018181; 
3, -362.56840190757066; 
8, -371.5714800413698; 
4, -356.41689221782144; 
2, -354.5710750435246; 
5, -370.88169702724554; 
10, -378.11164689355064; 
5, -362.49251367757097; 
1, -354.24196231283713; 
10, -370.66352480254136; 
5, -365.07827964774333; 
1, -369.64408087939955; 
1, -374.71781877730973; 
1, -351.2065501981415; 
4, -362.2843773304485; 
12, -360.39421779604163; 
5, -366.27395173034165; 
6, -369.0978672624333; 
6, -370.0966761446325; 
12, -356.27187147014774; 
1, -363.4304110563826; 
2, -355.42278775619343; 
1, -352.12538357113954; 
3, -360.76571418414824; 
3, -355.1720703669125; 
4, -367.89400795532856; 
5, -362.88101278129034; 
8, -362.39616257022135; 
3, -356.5904743215069; 
9, -347.2445652046008; 
5, -352.58154337340966; 
1, -346.40536239068024; 
4, -352.7597859741654; 
1, -352.3128192573786; 
5, -355.26577782584354; 
4, -362.60246246890165; 
2, -355.4563491868321; 
1, -347.8438661894761; 
1, -359.2884343917249; 
6, -345.43186680064537; 
9, -349.0167569728801; 
5, -363.27161477622576; 
3, -354.71573547204025; 
3, -347.98756899673026; 
5, -354.5279485252686; 
1, -349.78842910262756; 
6, -361.91413024486974; 
5, -358.47657523676753; 
3, -356.85705034737475; 
5, -354.40634258347563; 
5, -345.7870802608086; 
4, -358.04140364401974; 
4, -354.0175968836993; 
4, -354.98514584475197; 
3, -351.62376909842715; 
4, -348.43400457769167; 
4, -350.42612071172334; 
1, -366.42472369386815; 
1, -352.7878911200678; 
3, -359.3246851210715; 
1, -349.78533484227955; 
3, -352.16571645229124; 
1, -352.16692032304127; 
5, -360.89581459457986; 
5, -351.9031942442525; 
1, -358.4626269340515; 
8, -351.0918117433321; 
1, -353.19451255339663; 
7, -356.9356679022312; 
5, -363.1414675483247; 
3, -360.50677726289723; 
3, -351.76931250677444; 
2, -345.5924243021291; 
4, -357.308313772548; 
16, -370.76664767297916; 
5, -349.1944636477856; 
3, -355.6955706116278; 
8, -360.73560418048874; 
7, -363.937752363272; 
1, -357.44829056668095; 
6, -359.7285057500703; 
6, -353.0834733529482; 
1, -346.92800969909877; 
3, -358.55217229330447; 
7, -378.3859522463754; 
4, -385.623049803311; 
1, -382.5294550996041; 
8, -384.5524989957921; 
5, -361.14295926177874; 
2, -358.91192483587656; 
4, -368.6907552301418; 
1, -346.0974380405387; 
2, -350.76901510253083; 
5, -357.42047117021866; 
1, -346.5648120918777; 
5, -351.4140325720655; 
10, -346.1717223916203; 
4, -355.07280996628106; 
4, -367.5859294825932; 
9, -356.4187247646041; 
3, -346.06504086696077; 
8, -363.56227257079445; 
4, -356.0717732764315; 
8, -358.0326098011574; 
6, -361.16193809139077; 
5, -354.75962842151057; 
2, -352.68559431354515; 
4, -364.0845651042182; 
3, -347.7460037476849; 
3, -356.29045674344525; 
3, -359.5224029093515; 
5, -357.93902962002903; 
5, -355.9241711201612; 
10, -356.81237590988167; 
8, -360.8070154787274; 
4, -360.8857986534713; 
1, -363.63143461127765; 
1, -375.6656614734093; 
1, -369.91937443846837; 
1, -357.65698213595897; 
9, -377.52051479695365; 
5, -376.4586617607856; 
1, -349.3049581042724; 
1, -342.5406523422571; 
4, -353.1164573436836; 
3, -354.8143031829968; 
1, -347.668385891011; 
1, -336.3660888563609; 
9, -359.20127907558344; 
5, -374.09369397570845; 
4, -360.01092302112374; 
8, -361.5845394973876; 
5, -355.9622896598885; 
4, -357.3931049859384; 
1, -347.7244051945163; 
8, -365.6860260098474; 
9, -357.3855149860028; 
7, -359.4447516306536; 
1, -348.27504772273824; 
4, -347.8706967822509; 
6, -348.82273570564575; 
2, -350.26752213877626; 
3, -347.12343265255913; 
1, -343.12486196809914; 
1, -341.9726980132982; 
8, -360.5597825141158; 
3, -368.19423190748785; 
4, -358.661657062592; 
4, -369.2320866927039; 
1, -342.0064882618608; 
4, -346.19113366061356; 
12, -363.8339428701438; 
4, -354.21125616983045; 
5, -367.4038896211423; 
1, -351.8404451336246; 
6, -359.6418657928007; 
16, -361.94098196865525; 
9, -357.1398068922572; 
10, -357.67351260595024; 
3, -354.6005138622131; 
4, -350.8385547378566; 
3, -360.8225695526926; 
4, -352.9821727779927; 
3, -348.42308711004443; 
5, -355.69342234078795; 
8, -346.5115078998497; 
2, -355.24998147506267; 
9, -360.05471204489004; 
8, -358.9692525663413; 
8, -360.23884806700516; 
6, -360.83943753363565; 
3, -353.19264560739975; 
1, -341.2687411552761; 
9, -367.37510253035; 
4, -352.40360616135877; 
8, -357.67897662508767; 
5, -351.5142216696404; 
4, -359.9004645658424; 
1, -350.5466102419887; 
6, -359.7322849612683; 
5, -357.51083473244216; 
3, -349.574261341244; 
2, -344.0659092004644; 
6, -345.21744573826436; 
3, -363.95271094329655; 
1, -369.3030594191514; 
1, -392.86405953601934; 
1, -352.504193369532; 
5, -361.8489533094689; 
6, -364.93840732600074; 
5, -346.1029387990711; 
5, -355.5772750839824; 
1, -342.3430184619501; 
1, -351.01360227377154; 
3, -353.6772529146401; 
2, -348.39473996241577; 
1, -349.57168720592745; 
5, -354.9235657781828; 
4, -359.08626507245935; 
5, -350.3103565638885; 
11, -359.87011878960766; 
8, -368.0547831093427; 
3, -355.2571306572063; 
1, -352.921681240201; 
2, -362.25621407618746; 
5, -356.7253463767702; 
5, -363.9880346758291; 
1, -352.9316548809875; 
1, -358.18644237401895; 
9, -357.79097009426914; 
4, -359.888756187167; 
9, -355.80514524294995; 
3, -358.25435127376113; 
2, -350.8634738299297; 
5, -361.58108405559324; 
5, -357.4381151854759; 
9, -356.2354162673; 
7, -363.05742864718195; 
4, -361.9781272239052; 
8, -358.3898125877604; 
7, -357.99971159838606; 
4, -363.73077040561475; 
3, -348.6636720271781; 
6, -354.48484612617176; 
5, -353.8920865295222; 
2, -358.14240375510417; 
5, -360.6244807676412; 
1, -358.88925602962263; 
1, -361.9439223349327; 
1, -353.59537492133677; 
4, -352.4118128262926; 
2, -345.37470598798245; 
6, -350.9485560877947; 
4, -356.02063943620306; 
3, -374.48898757400457; 
13, -369.55766727239825; 
1, -374.62300834653433; 
2, -385.7103642813163; 
15, -396.9213689645985; 
1, -391.2255121098133; 
1, -376.8995645159157; 
1, -367.01048983517103; 
10, -366.91720324615017; 
2, -366.34631220670417; 
5, -360.76120954728685; 
4, -363.0188825667137; 
4, -356.5080448249355; 
1, -343.3014647787204; 
5, -358.9345870788675; 
3, -362.5494857466547; 
6, -359.39553869713563; 
9, -351.7056807805784; 
7, -362.162670334219; 
5, -361.3860913265962; 
1, -353.35479460912757; 
10, -354.09939292632043; 
2, -351.4487186780898; 
5, -358.44949512020685; 
5, -361.7436760383425; 
5, -362.13742706773337; 
9, -365.44519334298093; 
5, -366.3857441286091; 
4, -363.82252751861233; 
4, -372.8795086441096; 
5, -361.08771310618613; 
4, -353.3705994625343; 
1, -356.7539024979342; 
1, -353.8755118959816; 
1, -348.24120605981443; 
1, -353.2278717174195; 
2, -350.0498253008118; 
1, -343.2499888999155; 
1, -354.9599861133611; 
1, -347.78227652970236; 
9, -370.4108144828351; 
3, -347.4555788503494; 
2, -357.2449005084345; 
1, -354.05185189214535; 
4, -363.6416118146153; 
1, -354.42813993722666; 
6, -365.2671545492485; 
1, -363.6866206933046; 
9, -359.56459426751826; 
16, -359.17754330392927; 
1, -347.5566962209996; 
12, -349.52315512427595; 
5, -365.47716531716287; 
1, -351.2063657811377; 
1, -375.3898989339359; 
7, -356.1844911079388; 
6, -364.6570011448348; 
2, -357.10744473256636; 
1, -367.7437402366195; 
8, -360.05432460224256; 
6, -363.7148674685741; 
12, -377.40841275500134; 
1, -367.7313351460034; 
5, -372.8093321764609; 
6, -368.7011156983208; 
3, -364.777881228365; 
1, -357.65017475315835; 
5, -357.85248164774384; 
1, -351.4869869838003; 
9, -361.6982011271175; 
4, -357.43458687874954; 
1, -352.58735922630876; 
