1, -595.0306290915595; 
1, -578.6120035136829; 
1, -574.1808625765225; 
1, -573.5741305812976; 
1, -567.9353065121591; 
1, -555.4359777455638; 
1, -545.7080419886861; 
1, -538.4974889473542; 
1, -570.1667792430335; 
1, -562.6462997617928; 
1, -574.922410734911; 
2, -559.0025157890695; 
2, -554.4179291711707; 
2, -560.2529067332216; 
2, -566.5272353454839; 
1, -563.8944248271509; 
1, -555.304928495103; 
1, -549.1513657528576; 
2, -557.3844323055237; 
2, -559.8796746424741; 
2, -545.3259002642226; 
2, -553.8611423506736; 
1, -552.9500687832115; 
2, -565.5538684009643; 
2, -552.9685117820318; 
1, -563.4811948133756; 
2, -555.7563988281618; 
2, -543.8817020547758; 
2, -551.3071990005046; 
2, -541.8088477640667; 
2, -544.1273787983264; 
2, -554.5173656213556; 
2, -556.196495248234; 
2, -561.5496505336669; 
2, -561.8965452467564; 
1, -557.7402802595425; 
2, -544.7277664293542; 
1, -565.2232713752346; 
1, -553.0050377835178; 
1, -560.4430574963917; 
2, -557.2943094113871; 
2, -545.1575282107733; 
2, -553.294116890549; 
1, -544.3797495214785; 
2, -549.4671779879245; 
2, -548.605046356759; 
2, -553.5428701475357; 
1, -552.0513639324345; 
2, -562.5984312103246; 
1, -553.8198085072945; 
2, -545.4009598369921; 
2, -553.8690624756273; 
1, -550.719730071105; 
2, -555.5125371881222; 
1, -559.3857945879063; 
2, -559.5882061599877; 
1, -545.9726884190604; 
1, -561.7153553856988; 
2, -553.6734059769296; 
2, -553.2435175150604; 
2, -547.8479117288298; 
2, -552.1065844187324; 
1, -566.754023354697; 
2, -557.0671670745432; 
2, -549.4421620124194; 
2, -557.4047984885183; 
2, -550.1974253562512; 
2, -554.9393511937014; 
2, -554.9915321138105; 
3, -537.9474797785588; 
1, -555.6619054016919; 
2, -556.9684329040319; 
3, -560.4324765051933; 
2, -553.1781606713339; 
2, -554.3921986274727; 
1, -558.1448599487048; 
1, -547.3460940399891; 
3, -557.3041643554534; 
4, -565.3843735858827; 
1, -546.8665175784918; 
3, -562.7416796100442; 
3, -557.3370594232401; 
3, -550.6803578140098; 
1, -555.4318225746974; 
1, -556.6040503525146; 
1, -561.178267361036; 
2, -550.0496804621143; 
3, -556.6070512219885; 
2, -554.9560893266025; 
2, -559.7877110537884; 
3, -550.8333443110023; 
1, -556.9666964429271; 
3, -564.427829509179; 
2, -558.2267001952932; 
3, -569.1809172636058; 
2, -552.7035807360153; 
2, -558.9563786438011; 
1, -549.4510280392205; 
2, -547.2905394683694; 
3, -541.9964692806243; 
1, -557.9371286378446; 
3, -544.7679522105464; 
5, -565.3000512457656; 
3, -528.7438863531424; 
3, -531.5485482548393; 
3, -529.6051268486626; 
2, -534.0115362042488; 
2, -536.2140700284363; 
3, -535.7323636372967; 
2, -521.2588839307718; 
3, -535.9377488655809; 
3, -534.7149173850485; 
3, -526.8837475733089; 
2, -525.0134692822539; 
3, -520.2469704711912; 
2, -525.0518688081866; 
2, -517.549390984088; 
3, -529.2845700266334; 
2, -532.7365577117453; 
2, -525.9811639557447; 
3, -532.8111809599795; 
3, -526.2701730441477; 
3, -522.5271021151711; 
3, -519.9822636891186; 
2, -516.4148399327387; 
3, -513.094477228602; 
2, -519.9968478160299; 
3, -507.97615296242293; 
3, -509.1108088912006; 
3, -500.95181269613386; 
3, -501.36305790675397; 
4, -509.027026388605; 
4, -489.61983049224364; 
4, -493.23966958351957; 
4, -500.35602037368517; 
4, -508.7003393768973; 
4, -509.14601622897317; 
3, -536.9221415315114; 
3, -549.1219530663802; 
1, -567.3315719982202; 
3, -538.1908700935164; 
2, -565.7953490518266; 
2, -539.3842313730711; 
4, -549.955069793039; 
3, -536.924524285263; 
7, -544.0828508265695; 
2, -554.8552553528571; 
2, -555.0406797543692; 
4, -572.7520152703219; 
2, -543.6978598835994; 
2, -555.1327209872252; 
3, -549.0489019882516; 
2, -557.6267725727666; 
1, -542.7414332936023; 
4, -544.4108152443368; 
3, -546.4444291840482; 
4, -544.2887624784344; 
3, -544.9474791580724; 
1, -552.965640712966; 
2, -555.8517281083186; 
3, -562.7827107002813; 
3, -555.1060006334446; 
3, -555.8086550471926; 
9, -543.5991786483501; 
1, -567.2111330541666; 
2, -556.3388116179704; 
1, -547.9529429701361; 
4, -549.2675431875541; 
3, -552.2292733399081; 
2, -537.5521571041609; 
2, -547.0286262548179; 
2, -558.6756981559156; 
6, -551.6832291311439; 
6, -550.1918672524771; 
2, -562.4398230047373; 
2, -545.0095498362207; 
4, -552.1911711243592; 
6, -556.1145558240241; 
4, -545.5619611681468; 
1, -559.7623446498037; 
1, -548.5168863525614; 
3, -561.1550781371916; 
3, -558.3745508873253; 
4, -545.9512292349245; 
2, -538.2566533521167; 
4, -551.1286644124775; 
2, -559.8855120420048; 
4, -542.9062156188011; 
1, -564.1141614629305; 
4, -555.8680080021877; 
3, -567.3072238628665; 
4, -537.8628475746373; 
4, -541.3325888521213; 
3, -563.6339125274244; 
2, -557.3161451286142; 
4, -556.4002303315792; 
4, -547.3152558326401; 
2, -556.8761089407053; 
1, -553.3631268779573; 
4, -544.6878142023634; 
2, -560.0840458393795; 
4, -557.2690838063718; 
4, -563.4372572933207; 
2, -561.8942069170007; 
1, -547.5276234252669; 
1, -566.598120745999; 
3, -556.4651059991156; 
3, -557.1352487668191; 
3, -542.9263519237575; 
6, -560.0181530203263; 
2, -546.6896969972004; 
2, -550.4693591112446; 
1, -558.9346892966714; 
2, -562.7857053365151; 
4, -556.5666052309098; 
3, -527.1824697407137; 
7, -564.5908280474687; 
3, -561.7297375877242; 
3, -553.8739435245079; 
4, -561.0461834891903; 
3, -558.1677244905586; 
2, -556.0192234642018; 
6, -582.7982210220653; 
2, -566.9924904337095; 
3, -547.1908749344148; 
2, -545.4802867800172; 
1, -557.1378115847765; 
4, -548.0269554896513; 
1, -560.4547556652542; 
4, -553.6498775897198; 
3, -559.5908890039864; 
4, -548.0578015853389; 
4, -541.3523591684061; 
2, -557.8873254361679; 
4, -561.742552161304; 
2, -563.927421890432; 
2, -555.7833951674256; 
1, -555.9040318067418; 
4, -573.4635731964227; 
2, -553.3173700584448; 
4, -555.7888428835431; 
4, -549.556032668741; 
2, -550.5794710047485; 
3, -550.3085891336668; 
2, -554.6532651790185; 
1, -565.4098534626246; 
2, -551.1642077625147; 
4, -552.7269301677588; 
7, -552.0203671286872; 
4, -544.9110772547137; 
1, -558.1639404442394; 
4, -559.4403006168723; 
4, -546.8908835483599; 
3, -552.0578508800245; 
1, -558.9137100850348; 
4, -546.2870482534345; 
3, -549.2076970970957; 
2, -540.8355462402978; 
4, -552.0055940155289; 
3, -548.9464932658593; 
4, -550.5409627095796; 
4, -535.2590971121972; 
3, -543.8092090642895; 
3, -548.5937989639642; 
2, -546.0806581301149; 
1, -567.3743861497205; 
2, -546.4028587498178; 
4, -539.0629347191134; 
4, -540.9074503038428; 
2, -554.765254483762; 
5, -556.7862521397765; 
7, -542.606647370063; 
4, -545.1159437708266; 
3, -540.2280272202916; 
4, -548.7110446492443; 
2, -573.4855078756809; 
4, -555.5001023315126; 
4, -555.8487101710925; 
2, -557.4402565275377; 
4, -544.001177444472; 
7, -544.8781025460921; 
7, -552.7134893160255; 
3, -543.5484981738264; 
3, -546.8928213116887; 
4, -550.5716567157069; 
7, -556.5152906264993; 
1, -562.4841707956512; 
4, -560.2375128009298; 
4, -549.8692759436963; 
7, -546.6836172376643; 
5, -537.2764562371885; 
4, -543.0403459579393; 
4, -544.7387240930111; 
4, -552.5246268748888; 
3, -557.919487814419; 
4, -562.5039108928177; 
4, -555.1139067996992; 
4, -550.6811568752164; 
3, -554.1355649516336; 
4, -536.6312427867088; 
7, -553.9704395651061; 
3, -549.9387467906054; 
4, -540.5982702003093; 
5, -553.4322536849941; 
3, -543.66156132787; 
7, -562.5058899989526; 
5, -550.3364757215022; 
3, -555.9519708363223; 
2, -542.1568396563234; 
4, -548.7266592630476; 
7, -559.3273303773021; 
7, -571.812231239659; 
7, -556.5669109205774; 
4, -552.8900321224064; 
7, -558.0086300375988; 
7, -545.9653134171094; 
7, -574.1271564291383; 
4, -544.5547607289336; 
7, -566.149011506408; 
8, -546.9485887824849; 
7, -549.4388533959282; 
4, -554.8173939382541; 
7, -542.9287333757966; 
10, -550.8187412935076; 
6, -542.3882263995474; 
2, -577.998802996939; 
3, -556.0341743111203; 
2, -556.5223739157664; 
7, -544.1683504776447; 
7, -546.6671487506828; 
4, -553.4568631287257; 
2, -553.3458023765124; 
5, -555.2304023826146; 
