1, -1173.1829422798025; 
1, -1155.3624565495227; 
1, -1151.0575552915889; 
1, -1142.1573248661166; 
1, -1112.6372249772876; 
1, -1132.7574665691927; 
3, -1123.88643459801; 
2, -1109.7446090417197; 
1, -1147.8128877520176; 
2, -1132.299430375053; 
1, -1141.0867922575508; 
2, -1123.4639044944051; 
2, -1113.5921772759666; 
2, -1118.4572141155622; 
2, -1126.3324063924392; 
2, -1128.5173452107483; 
1, -1121.50048921489; 
2, -1115.478199443245; 
2, -1123.8155145504788; 
1, -1128.6007014999122; 
2, -1109.2627154584807; 
2, -1116.9558586583298; 
2, -1111.9145778236962; 
2, -1132.013982134762; 
1, -1118.576814730819; 
1, -1132.5846325804014; 
2, -1121.5996331639217; 
1, -1103.086799984536; 
1, -1104.2389399001186; 
2, -1099.5908385575858; 
2, -1096.0994969072053; 
2, -1114.9547029909154; 
2, -1121.7369832767508; 
2, -1120.5783024310513; 
2, -1120.316777443877; 
1, -1102.1314995001449; 
2, -1097.7473594479961; 
2, -1126.2621490635574; 
2, -1109.8734936445035; 
1, -1122.7226310320766; 
1, -1110.0268452673772; 
2, -1095.7547305733096; 
2, -1104.453480643504; 
2, -1097.242752266844; 
2, -1110.525100135288; 
2, -1109.5534242548529; 
2, -1113.053398635464; 
2, -1121.9686773149297; 
2, -1126.3146296308114; 
1, -1110.3554299743337; 
2, -1098.1408527990425; 
2, -1109.5151802103937; 
1, -1104.5987588833668; 
2, -1122.4931922900578; 
2, -1119.3994970414496; 
2, -1117.4107628856; 
1, -1106.5078950706738; 
2, -1117.079953067303; 
2, -1114.996288595983; 
3, -1112.93843149874; 
3, -1087.799335785181; 
1, -1106.893116153442; 
3, -1131.5780132546788; 
3, -1112.6950050041487; 
3, -1107.8845750051696; 
3, -1104.439246960901; 
3, -1106.7668009090557; 
3, -1116.7098229275289; 
3, -1105.5043806013564; 
3, -1094.458882149469; 
3, -1110.9578991116578; 
2, -1103.648527477446; 
3, -1116.3832604541967; 
3, -1095.2763695061585; 
3, -1108.7766613975546; 
3, -1104.515512615515; 
1, -1100.874323947617; 
2, -1112.532795613719; 
2, -1134.3074218306283; 
3, -1101.6675088008778; 
3, -1115.8856824114628; 
3, -1106.083779870125; 
2, -1099.8658848512277; 
2, -1108.1169883046823; 
3, -1102.2768752309494; 
2, -1113.0565178725083; 
3, -1103.2916039945412; 
3, -1102.3414982989052; 
3, -1112.8267497596244; 
4, -1117.664347149519; 
2, -1104.7095246805256; 
3, -1112.217072261963; 
3, -1126.4521462495468; 
3, -1109.2947661168873; 
5, -1122.4512857547961; 
3, -1107.7121738349815; 
2, -1122.5851725935645; 
4, -1100.1755417273089; 
3, -1110.3794863196963; 
2, -1089.7645717619453; 
2, -1120.9013479559799; 
5, -1098.6625947366992; 
5, -1141.7200494306016; 
3, -1079.4160772392788; 
2, -1091.1825895837974; 
3, -1071.6588917473418; 
2, -1092.908215438947; 
2, -1092.126446693088; 
3, -1089.4737086795358; 
2, -1073.928320703053; 
2, -1097.9937676731643; 
2, -1095.096299061668; 
2, -1074.5571219591657; 
2, -1071.0833047125925; 
2, -1061.2275943426648; 
3, -1075.8920443201932; 
3, -1065.6171418106387; 
2, -1079.795634467082; 
3, -1089.40859203742; 
3, -1073.04589419681; 
3, -1090.225700394425; 
3, -1082.4946873985173; 
3, -1073.0793287655397; 
3, -1078.8351721315703; 
3, -1064.425319574977; 
3, -1057.449986031861; 
2, -1080.8867846361536; 
3, -1044.8389821282763; 
3, -1068.3641000676434; 
4, -1053.011214285245; 
4, -1053.5112684045162; 
4, -1050.260168921901; 
4, -1036.7948636891088; 
4, -1033.5666709778889; 
4, -1041.3811892552767; 
4, -1052.3082711079041; 
4, -1064.7503379362752; 
3, -1088.502872531797; 
3, -1110.5365429632366; 
1, -1145.5619019514124; 
2, -1088.6806821721548; 
4, -1132.5271582482965; 
3, -1078.8139551651257; 
6, -1118.7696042718599; 
3, -1072.223553443735; 
3, -1095.519672070368; 
1, -1124.2801550061558; 
1, -1123.8115955413668; 
2, -1148.7176605625427; 
6, -1096.3107869427477; 
2, -1118.875316917838; 
3, -1106.6939157109882; 
2, -1120.8885161586222; 
3, -1092.2900240313902; 
3, -1103.5692977224535; 
3, -1096.9594715352287; 
3, -1103.2927195405355; 
2, -1102.409680262761; 
2, -1115.5364400525868; 
1, -1122.2060343228222; 
3, -1125.5053977493662; 
3, -1122.5990468680102; 
5, -1120.435177432606; 
2, -1111.2917044207861; 
4, -1140.186800539872; 
2, -1118.2885995463294; 
1, -1100.8484276973177; 
3, -1108.5804574871727; 
3, -1121.1759149567224; 
1, -1101.6818271742086; 
1, -1100.916308609856; 
2, -1116.234177862003; 
3, -1119.329662471515; 
3, -1122.086126651644; 
2, -1127.6611649845436; 
8, -1097.5774616325507; 
1, -1105.3368119010993; 
3, -1121.0617849072441; 
3, -1096.3109960591828; 
3, -1120.933707678807; 
3, -1112.3366532538203; 
4, -1129.8086486730317; 
2, -1122.7613342684926; 
4, -1103.216240642796; 
2, -1086.9773054149991; 
3, -1121.988947713544; 
2, -1125.3408799865574; 
4, -1105.5671778907126; 
1, -1127.6106255632185; 
2, -1119.3062258771388; 
4, -1131.4001389429905; 
3, -1088.8350705985795; 
3, -1094.2143851842848; 
4, -1132.3089719188574; 
1, -1120.3098170678713; 
3, -1112.593809866492; 
2, -1105.8267578157538; 
4, -1120.9859467087663; 
1, -1118.663172362576; 
4, -1101.3408493509341; 
2, -1121.030038853176; 
1, -1131.3576368187787; 
2, -1123.741848470323; 
3, -1126.5552908491518; 
2, -1104.6966245337098; 
1, -1142.601193207869; 
3, -1119.9271609410062; 
1, -1125.6473356163187; 
1, -1096.542610286706; 
4, -1126.4152704271255; 
4, -1109.37041673786; 
2, -1107.8189191010315; 
1, -1130.2649848150322; 
2, -1138.760296582681; 
4, -1138.6123146789323; 
3, -1082.4051463559736; 
3, -1119.0878847311542; 
3, -1121.1078754418413; 
3, -1118.8183917068818; 
2, -1119.11818334274; 
4, -1122.040824861062; 
4, -1111.9148700262595; 
2, -1173.114470307948; 
2, -1142.7067887237063; 
8, -1112.3928489520622; 
2, -1109.2366353471298; 
1, -1115.3308460929547; 
3, -1103.364680204686; 
1, -1124.6055000457854; 
4, -1119.5228969216696; 
4, -1117.0358574806014; 
2, -1102.8482012882887; 
2, -1105.1038990853704; 
4, -1109.4704782633635; 
3, -1136.913267728116; 
2, -1129.9890218072978; 
3, -1124.8344033959438; 
3, -1111.0057549035992; 
3, -1149.9583644920494; 
2, -1104.2261379932752; 
4, -1110.0411114175222; 
4, -1102.5777727724635; 
8, -1104.675146886264; 
2, -1116.5614292029059; 
2, -1114.3170851247269; 
1, -1128.9371859657113; 
4, -1095.868884092546; 
4, -1102.3525625174516; 
3, -1119.737354819721; 
4, -1102.417058837018; 
1, -1123.8338472732576; 
6, -1133.7455780056189; 
6, -1100.5777953228098; 
3, -1103.232252965914; 
2, -1118.1178766687517; 
8, -1111.117302470142; 
3, -1118.2991910264245; 
2, -1098.5407495609252; 
3, -1110.4235574901686; 
12, -1109.5915417898213; 
2, -1109.8236016023438; 
11, -1086.0493941768073; 
1, -1098.2729216085863; 
10, -1088.2662990665413; 
8, -1100.6251868357067; 
1, -1136.096662022639; 
2, -1103.8957615987165; 
3, -1088.4825684436364; 
4, -1103.069734591234; 
5, -1115.3804975933162; 
6, -1112.9846584060579; 
3, -1086.4196555455565; 
4, -1104.6284126577666; 
4, -1090.396780403622; 
4, -1099.465844963037; 
2, -1147.4808683025185; 
2, -1127.0082650890108; 
4, -1122.3079561812337; 
4, -1125.658202955965; 
4, -1105.6198142569046; 
3, -1090.7164314085967; 
3, -1110.1447600147803; 
5, -1106.069414586993; 
3, -1109.4159235328552; 
4, -1112.799987788021; 
4, -1126.987247259065; 
4, -1131.95120607008; 
4, -1125.2310923779733; 
3, -1107.882956977759; 
3, -1105.0635861363262; 
2, -1095.5791462289635; 
4, -1103.423278879549; 
4, -1094.1040320706088; 
4, -1102.7770535812015; 
4, -1105.2587317623547; 
6, -1138.3352399754222; 
4, -1121.5789061925025; 
4, -1120.121172939078; 
2, -1124.1698877063463; 
4, -1088.7120013591484; 
3, -1101.765792318096; 
5, -1111.3068108785665; 
3, -1095.3445611791685; 
3, -1111.7275239466107; 
5, -1090.9782744523254; 
4, -1132.5562959919916; 
4, -1115.5405481657945; 
3, -1118.3661155023146; 
4, -1096.7655824043322; 
4, -1112.4123201161856; 
2, -1123.3185582831502; 
4, -1148.631154804083; 
3, -1115.4597670607618; 
4, -1114.6393091693753; 
1, -1121.841052547039; 
4, -1107.958335044037; 
3, -1156.0306884609163; 
4, -1094.6198214956094; 
3, -1145.71452081576; 
4, -1112.4314520222833; 
2, -1121.6275708245812; 
4, -1119.8532221245114; 
4, -1096.177158702456; 
2, -1118.2700445841765; 
4, -1097.4110402346705; 
2, -1156.659807174583; 
7, -1126.5679900879622; 
2, -1119.9227786058327; 
4, -1100.6559410188347; 
4, -1117.1542169110617; 
3, -1114.206511098775; 
2, -1111.8621804008144; 
3, -1105.088752337615; 
