12, -378.8547912029531; 
12, -372.8865361915817; 
12, -361.09716865851044; 
12, -357.7805746680649; 
12, -380.25902691428814; 
12, -368.8571827252249; 
12, -355.4346809226645; 
12, -350.96680727090916; 
2, -360.62214813739274; 
2, -359.65081347644036; 
1, -344.76158629328165; 
12, -355.23688173522805; 
2, -348.56957555506324; 
12, -361.71526841665855; 
12, -358.6156053976056; 
12, -364.4452732423242; 
1, -353.13059445269846; 
12, -354.73522370422506; 
12, -376.8418367697459; 
12, -368.9592808397074; 
12, -363.41637155176886; 
3, -356.96989462219244; 
12, -363.3207475063173; 
1, -345.47185620964956; 
1, -346.5683285504183; 
2, -362.63202882267797; 
2, -344.4749631055238; 
12, -362.6142071891227; 
1, -347.9496199144378; 
2, -348.9025968044589; 
1, -348.71903109625964; 
2, -356.22134030500456; 
1, -330.1265165202567; 
1, -350.3988286826152; 
1, -340.29034177471476; 
2, -340.47033727214875; 
2, -353.9121627220502; 
2, -344.2866235851343; 
1, -337.5158202118455; 
12, -365.2797926188032; 
3, -349.94933102958566; 
3, -347.23364718969606; 
12, -361.3115662822547; 
1, -367.9623667268261; 
1, -351.95134824143315; 
3, -362.0410672773687; 
12, -364.1988850098169; 
1, -336.37522477342645; 
1, -348.33758431595925; 
1, -336.86229401076343; 
1, -335.92763109780935; 
3, -355.1267674245937; 
3, -338.6288163266727; 
2, -351.352913719129; 
2, -350.0339053286152; 
3, -354.5828095656216; 
1, -348.4564015063297; 
1, -354.21854652668844; 
1, -353.27970163152713; 
1, -346.573252989765; 
1, -340.14363555846285; 
1, -341.85956446878845; 
1, -331.9686239739676; 
1, -360.916301788533; 
1, -357.75521263116025; 
1, -356.0591326791182; 
1, -365.359796859364; 
1, -399.1046883286217; 
1, -361.6032428771905; 
12, -379.67387455960124; 
1, -352.81921836212496; 
1, -369.9982557427975; 
12, -364.59249544284467; 
1, -360.8249323262935; 
1, -384.0022868425003; 
12, -362.8704824589586; 
1, -359.66504086420537; 
1, -380.5275938712148; 
1, -378.32190689043637; 
1, -365.09631104954315; 
1, -357.21886779561464; 
12, -351.0297353472488; 
1, -346.1327914466019; 
1, -359.0773859820729; 
12, -361.30472937215745; 
1, -360.164435751125; 
1, -363.47763664520244; 
1, -372.6842003404781; 
1, -366.4725262333377; 
1, -374.79728160207014; 
1, -358.4818544829104; 
1, -366.55129881000175; 
12, -355.7205226007791; 
12, -352.7539440247201; 
1, -374.90433416234737; 
1, -365.0492570915303; 
12, -358.6744941058132; 
1, -363.8316251370197; 
1, -357.5339376825359; 
1, -365.4619254186473; 
1, -360.17953983022744; 
12, -371.92617450458783; 
12, -370.0688640335793; 
1, -367.62579715096945; 
1, -357.7052052482759; 
1, -370.90027035922685; 
1, -355.28796916008287; 
3, -355.7193928776469; 
1, -358.513130614032; 
3, -366.5803382125014; 
1, -355.8993425703957; 
12, -360.51496209402103; 
12, -377.7132452288424; 
12, -371.3045345650535; 
1, -378.52906169152993; 
12, -373.9370256086695; 
12, -379.678467729791; 
1, -372.0019841471658; 
1, -357.95774802946835; 
1, -370.51382160139474; 
1, -357.3123202633724; 
1, -353.24507234467455; 
1, -348.6113118002395; 
3, -359.2168296975724; 
3, -344.61611067353806; 
3, -357.59238105206896; 
12, -369.4779925352341; 
1, -377.0075734203856; 
3, -365.5860143179161; 
1, -361.9871561213513; 
12, -366.44206318348006; 
1, -373.45941793986276; 
12, -364.9068638379613; 
1, -357.0159350216636; 
1, -363.08751375537395; 
1, -347.29059785795107; 
1, -353.86504696131306; 
3, -361.8646067996524; 
1, -350.19583167668316; 
1, -363.6406682052839; 
1, -355.50070254784805; 
12, -367.8663530342674; 
1, -389.99723562014697; 
12, -393.04597823486984; 
12, -385.0479009317278; 
1, -391.50651429647405; 
1, -363.18488076540234; 
12, -397.16462129851425; 
1, -399.49732222384773; 
12, -388.6981061452607; 
12, -387.8586805928062; 
12, -389.58980994474405; 
12, -393.1932140928111; 
12, -373.9168868482957; 
1, -352.1375016408783; 
1, -369.54322163378674; 
3, -363.01946378633147; 
3, -372.7599614365172; 
12, -359.9734975675892; 
1, -356.3098855649514; 
1, -360.85612040624255; 
1, -356.3214895369965; 
1, -355.4535205806242; 
1, -356.9168015746691; 
1, -359.94444967702293; 
12, -358.8611158138301; 
7, -363.40299106163; 
12, -361.4888100662138; 
12, -357.05986249654234; 
1, -359.79693323234096; 
1, -365.0560315918192; 
7, -369.036593542005; 
1, -366.87255218289647; 
1, -362.90499840059783; 
6, -358.6889925158539; 
12, -363.2551258789608; 
12, -365.7985369538437; 
12, -360.64077367149; 
1, -351.50341089599533; 
12, -356.74132888829627; 
3, -360.16544917348074; 
1, -369.3813656058701; 
1, -354.30263493821985; 
1, -356.5308652607928; 
3, -368.4793159854162; 
1, -359.23544971176307; 
1, -363.8014301967487; 
1, -367.3160848381667; 
1, -363.20254175990704; 
12, -354.98565904345014; 
1, -359.0644533503073; 
1, -358.0296250699903; 
3, -360.6709718661732; 
1, -358.59276327227417; 
1, -359.9844942086638; 
3, -363.005432831691; 
1, -361.3940827419283; 
1, -363.2450912735221; 
1, -364.22638490182; 
1, -364.41084941945155; 
1, -356.33210761789815; 
1, -363.3142030328454; 
12, -362.23642250815465; 
12, -361.1893715860788; 
1, -357.0720106374938; 
1, -362.1367038061726; 
1, -357.99850162374787; 
1, -352.42547350043606; 
1, -352.89073652101797; 
3, -353.9006237232388; 
1, -358.0775157833268; 
12, -365.08328443545906; 
1, -360.83448789219256; 
3, -365.8863516608253; 
3, -360.84650949324714; 
7, -357.82658448627626; 
1, -357.018223060164; 
1, -357.27626940837945; 
7, -359.3768516930868; 
3, -361.025533724518; 
5, -361.78121550541255; 
3, -363.0487801508716; 
1, -358.84229087161657; 
1, -356.58156962532667; 
1, -358.3845668085123; 
1, -361.6962979005766; 
1, -354.83474925605697; 
1, -362.6575002979371; 
1, -365.3513906748849; 
1, -390.0832370020653; 
1, -382.3604303259199; 
1, -352.73628741587163; 
1, -360.4530784027156; 
7, -354.6743603612558; 
1, -363.27614313522645; 
1, -353.70130149390025; 
1, -358.3305956438853; 
7, -359.79472853030893; 
1, -354.05605039169313; 
1, -374.8141537063202; 
1, -390.94618541949603; 
1, -374.1712535264087; 
1, -365.65606019218103; 
1, -365.71079121140065; 
1, -363.59062803066627; 
1, -360.5482809083769; 
1, -358.0664059831033; 
1, -358.5821344591386; 
1, -355.21675551339285; 
2, -367.63088406303723; 
1, -358.1114560839487; 
2, -355.43317067316093; 
5, -359.2938876947592; 
1, -354.57885814172914; 
2, -360.5903508565534; 
1, -355.6820680256642; 
7, -366.09672095184214; 
1, -361.45160508554545; 
1, -354.9053336208599; 
12, -364.67730995017337; 
3, -371.17482445375936; 
1, -357.61771768020117; 
7, -367.84177587670274; 
3, -365.3658252707537; 
1, -363.8395853842376; 
1, -360.531201915961; 
5, -374.3848303478153; 
1, -359.0827739252418; 
1, -354.49686030493467; 
1, -362.8640442870674; 
1, -360.70213320144103; 
5, -365.84891910308215; 
5, -358.7547559727391; 
7, -359.7821236490272; 
3, -361.79391294001834; 
5, -358.52462885787827; 
6, -361.19585736597946; 
5, -366.3168826503679; 
12, -356.74367856739264; 
2, -355.4203955541161; 
2, -354.6189940331824; 
1, -356.74608966708183; 
1, -359.57860419148346; 
1, -359.49210255331127; 
1, -355.438068804855; 
2, -358.61897548669367; 
4, -357.7414540521131; 
5, -359.32100317165896; 
5, -357.75527373168734; 
6, -365.4524991697108; 
1, -359.58143229596317; 
1, -354.94628498572274; 
7, -364.1460643843602; 
12, -362.4795825559995; 
7, -363.42007931121043; 
1, -354.8763756547851; 
1, -365.822440580072; 
4, -368.53644070678274; 
1, -355.648390926508; 
2, -359.93099117033125; 
1, -362.24191383896687; 
3, -353.30291199934436; 
1, -374.12334805197315; 
1, -367.1378937221307; 
1, -362.04459211863286; 
1, -371.9621431770065; 
1, -371.1980492762814; 
1, -367.80244108678016; 
2, -374.3613797187718; 
2, -365.0809352474316; 
1, -361.0059750422515; 
1, -380.6545098622155; 
1, -368.8773756799783; 
1, -352.73662587701983; 
1, -366.65207322292554; 
1, -366.16424568308867; 
1, -371.73490714951186; 
5, -353.848954507499; 
5, -359.2306089927879; 
6, -354.4243323808769; 
1, -354.62268390391546; 
2, -360.30741174242576; 
3, -359.2411004760652; 
1, -353.0834155840712; 
1, -356.5150557278539; 
1, -350.60393995467166; 
4, -357.89118261159456; 
2, -354.79430752267945; 
3, -355.07501496348414; 
3, -357.7358619813167; 
1, -353.9776598977769; 
6, -354.139190247588; 
1, -355.7204335923889; 
1, -353.77171990116767; 
10, -359.8260111080017; 
1, -362.5683212288277; 
1, -354.9405036309763; 
1, -351.1164199023042; 
1, -359.6283066221804; 
4, -365.2529223898018; 
1, -354.82716053210606; 
5, -372.7527746315609; 
12, -362.17425486854336; 
1, -366.5420782134752; 
1, -352.0593974483054; 
1, -366.5667496697861; 
1, -370.4811331452802; 
1, -358.1866054155835; 
1, -357.6296920136083; 
1, -354.64565165097883; 
1, -355.02895790789626; 
1, -356.1207336609368; 
1, -352.02030913950875; 
1, -349.36863548637484; 
1, -348.6542219664552; 
1, -350.2253843304934; 
1, -349.47289582528174; 
3, -354.9112088237016; 
9, -358.23800892064173; 
1, -353.0432288716547; 
1, -345.6548637992237; 
1, -343.28016826436215; 
3, -363.53241860422713; 
2, -366.24599477573065; 
1, -361.18804947561875; 
1, -358.1072772650805; 
1, -364.079529659939; 
5, -364.163650100003; 
1, -362.6978672547266; 
5, -363.95503821804596; 
4, -364.484746455797; 
12, -358.90617442314397; 
1, -359.46968776968424; 
1, -350.49403707607416; 
5, -354.76613898202777; 
8, -358.64408696239116; 
4, -364.0107034847606; 
5, -364.3282242749119; 
4, -357.3547239518666; 
9, -366.7806927675265; 
5, -359.27514443951077; 
3, -364.20733263582224; 
1, -361.8109729393618; 
1, -352.9588697530853; 
7, -366.0845810318133; 
3, -362.9956096801616; 
5, -367.6088297886308; 
2, -355.02125170003274; 
2, -356.19205913640326; 
7, -360.23469739523716; 
6, -364.3222885039286; 
7, -362.192132271186; 
11, -360.5532786558615; 
11, -350.78201269663987; 
3, -367.97562321837177; 
5, -360.4268164813693; 
5, -358.60664951000945; 
9, -360.73173369758297; 
1, -361.2896873889258; 
1, -357.77418972732266; 
3, -366.8422213572485; 
7, -359.4417303232185; 
1, -350.62636705944897; 
1, -361.5777878718509; 
1, -363.7913921579602; 
1, -356.018766396126; 
1, -355.89702430626494; 
5, -362.41200977299013; 
12, -366.6749002947763; 
2, -365.84351439456805; 
3, -367.6022227538342; 
1, -351.1824115552881; 
2, -360.2229853902536; 
2, -410.5023830232967; 
5, -416.9335233839229; 
2, -409.07918443137896; 
12, -418.7571202649269; 
2, -437.79394580071676; 
12, -419.01689574544434; 
2, -400.53713685041294; 
1, -432.634237948776; 
2, -403.9443768338824; 
1, -411.29442775732605; 
1, -403.35608904561377; 
1, -413.38712510219193; 
1, -415.1209737340978; 
1, -412.16178154730005; 
1, -417.15454356203554; 
2, -416.25250986011815; 
1, -423.16459941788344; 
1, -402.62847229855834; 
1, -412.43165688298177; 
1, -420.8212434265879; 
1, -399.1382904324855; 
1, -390.70049728636513; 
1, -401.5334411500371; 
1, -404.41171459437464; 
1, -409.806975636835; 
1, -410.37795170684694; 
1, -397.5538791762956; 
1, -407.97075603393023; 
1, -403.1715796425415; 
1, -405.36530852731084; 
1, -393.1495561802294; 
1, -398.4045292789524; 
1, -403.8377673482464; 
1, -400.3811288648576; 
1, -385.3298088501324; 
1, -410.8066241306369; 
1, -399.4766661685426; 
1, -400.27924974568305; 
1, -377.82137104013236; 
16, -380.3894775918743; 
12, -375.59193383768434; 
1, -364.18693598444224; 
1, -356.1449881833978; 
1, -362.9564199796587; 
3, -368.0722114322125; 
6, -363.5044326130883; 
5, -365.97429503238527; 
5, -367.54558315014583; 
1, -356.6360813174397; 
12, -381.3216053187207; 
8, -369.1683019429038; 
6, -365.4507351631182; 
7, -367.67569732511765; 
5, -386.0827895811526; 
5, -368.14912495505996; 
16, -365.207393911347; 
5, -376.5089121578785; 
1, -360.11447389627574; 
1, -359.1698385575437; 
5, -366.72558581567137; 
1, -356.3140570736723; 
8, -363.2229282083863; 
8, -371.0042661180196; 
7, -371.5631868909404; 
5, -370.75435988610843; 
7, -375.8182207427453; 
9, -363.527001899085; 
5, -374.0174938374257; 
1, -359.7659880851861; 
8, -367.2564863580046; 
6, -356.94859875325346; 
6, -357.7786330982053; 
2, -360.8298908058787; 
5, -368.23865639819996; 
5, -366.5692870115163; 
4, -363.30593275104184; 
1, -358.51910815836163; 
1, -375.0118293953419; 
6, -373.13842180519714; 
3, -364.9334914723295; 
5, -375.4243559532915; 
1, -359.36043592364877; 
5, -365.5490671362495; 
2, -363.5891069788777; 
5, -374.09647813104675; 
1, -358.05448400240857; 
6, -370.7726204567007; 
8, -369.5626892852888; 
6, -375.81308491321397; 
4, -360.867681413074; 
3, -361.66888006663066; 
12, -366.78299323350075; 
5, -363.87114889154327; 
6, -365.98992924846243; 
5, -363.59853956566076; 
4, -362.2581793392019; 
5, -368.02219665734447; 
1, -367.43306735082297; 
1, -356.16968951182207; 
3, -364.366594537365; 
11, -369.4715776190569; 
4, -379.98800755135017; 
4, -360.2160154848825; 
1, -355.69860568162403; 
12, -360.89011655712966; 
2, -362.17230540822493; 
12, -365.27736020769225; 
7, -368.272946429468; 
1, -356.99271755863447; 
4, -364.19969135316205; 
1, -363.20085172215477; 
1, -356.67300990762305; 
1, -363.21333432698157; 
4, -365.45966356038116; 
6, -360.96690553217195; 
1, -365.0162301067612; 
1, -360.21434234367916; 
2, -353.84413440717617; 
1, -356.18106544433977; 
4, -368.9881821431045; 
6, -369.1407506215619; 
7, -364.5516025061952; 
3, -362.3826187586528; 
1, -352.13087131272187; 
7, -362.165450710163; 
1, -355.9966016530525; 
1, -358.39589974234696; 
4, -359.0484484893386; 
1, -359.0932237927336; 
2, -355.94357744258014; 
1, -358.7364911965851; 
5, -358.2271813750849; 
4, -359.74255600973265; 
3, -371.0289701685251; 
1, -354.8291433895647; 
2, -360.94274073906126; 
1, -357.58503153690253; 
14, -361.105933924322; 
7, -371.47942205599975; 
2, -366.2764322710864; 
1, -359.95891230594134; 
1, -358.0382416326611; 
1, -363.77310181825305; 
13, -362.454468792188; 
2, -362.0174985275953; 
1, -357.69257435869076; 
14, -381.70140514418017; 
5, -365.8053804956435; 
12, -361.07972765900195; 
3, -357.2792843634379; 
8, -362.52815762825776; 
4, -363.83715413385653; 
1, -359.0164952868654; 
1, -359.85074742350844; 
2, -362.55841412450536; 
1, -354.9459114598576; 
3, -355.97523254936095; 
11, -357.38113982902723; 
3, -367.41876397587475; 
8, -355.0408329748898; 
5, -360.7918529114395; 
1, -357.5993480120087; 
1, -356.5327285118692; 
5, -371.5214201169729; 
4, -370.63107621340896; 
8, -361.77956395506044; 
1, -356.1279157860263; 
5, -359.312817920465; 
7, -372.28758962405846; 
3, -358.06310803149245; 
2, -358.0695475359098; 
5, -364.05932835073327; 
3, -363.5057582918962; 
4, -363.45524411601946; 
10, -365.3347924609552; 
6, -381.8639680616325; 
8, -361.41812936690985; 
3, -359.1310122949362; 
1, -360.31609736042446; 
4, -373.37180793768493; 
1, -360.1975607427594; 
12, -370.80649103518226; 
3, -361.0524534001015; 
2, -365.58393639096175; 
1, -360.23097674452583; 
1, -362.38014473055955; 
4, -383.7324603610323; 
4, -366.2712069293775; 
4, -371.6026983743941; 
5, -365.574740326585; 
16, -408.11020901735174; 
7, -406.9820819303568; 
9, -380.2050208678993; 
1, -364.9854560949898; 
3, -377.82016553808353; 
7, -376.57300559515716; 
4, -366.3663424804108; 
6, -403.9885235458205; 
6, -436.62473945322563; 
5, -428.27664930175524; 
4, -378.3797294693941; 
1, -359.24791895988164; 
4, -375.89058278204175; 
12, -376.78814631002024; 
1, -366.2185855882999; 
1, -361.5339511981583; 
6, -379.71210260444786; 
4, -367.8723093555309; 
1, -356.6340119546221; 
8, -364.36885200237157; 
7, -359.1005914132693; 
5, -367.14969448477495; 
3, -363.141545437742; 
1, -356.3333685816033; 
4, -365.4321602283453; 
4, -367.0745692830533; 
9, -370.5572770111903; 
6, -360.9697567630792; 
1, -362.30134039049153; 
1, -359.9180155582144; 
12, -375.469682985713; 
1, -355.7879062083375; 
8, -362.3720137462078; 
3, -358.1867922949896; 
6, -358.8442857709306; 
7, -357.4506481255521; 
2, -360.06807825161377; 
2, -358.5542488336505; 
7, -364.4710609813628; 
9, -361.9495123939996; 
3, -364.81360173938447; 
9, -373.11285210805363; 
12, -359.27815539739095; 
7, -364.3468564459763; 
7, -363.4895639048191; 
1, -359.2334894660744; 
5, -360.7131109384354; 
5, -370.2189168863115; 
4, -371.69716402635095; 
1, -353.2308691358485; 
1, -365.14713031149586; 
1, -357.4150651592645; 
1, -360.6127539058216; 
3, -364.3150416337885; 
1, -357.12424850143725; 
5, -359.4276471658668; 
1, -361.45079174710554; 
1, -361.0986471506767; 
4, -356.124932371662; 
3, -363.6766465236433; 
1, -361.74598466584575; 
4, -365.92532298748847; 
4, -376.1596333790221; 
4, -370.2311493123416; 
1, -354.87068996354355; 
16, -384.25569518614793; 
5, -411.46958985278616; 
5, -396.9251633710228; 
4, -391.44122327308287; 
5, -398.21695128874853; 
5, -390.5390083772945; 
5, -367.825494788005; 
5, -380.7678777134279; 
1, -355.54713188909227; 
2, -356.8440392985067; 
1, -359.8851185332751; 
1, -356.99822392020724; 
10, -364.4152166415297; 
1, -355.5263683903613; 
3, -362.1610151367204; 
1, -358.0685228074144; 
4, -369.4044117794547; 
1, -359.38630262285005; 
1, -360.98356066748966; 
1, -353.7899182905676; 
1, -355.4159192497027; 
1, -357.53338257959695; 
1, -362.2263750799175; 
1, -353.2071699742228; 
3, -373.41816621660837; 
5, -378.0653259984683; 
1, -362.51185200354666; 
1, -360.40390283448505; 
4, -371.3820824714494; 
1, -354.110559089866; 
1, -357.3090099066321; 
2, -367.07995962986024; 
1, -361.4827394178137; 
5, -370.2603932019556; 
9, -362.93504548232886; 
6, -369.5688541046111; 
4, -361.7535520835081; 
3, -355.42394101285026; 
3, -359.09758470676024; 
1, -350.921276917652; 
1, -358.9519464576151; 
2, -361.43041522672866; 
3, -368.0149786998518; 
7, -374.8870294468943; 
5, -366.9402099424624; 
3, -356.3973863509018; 
4, -368.5098606517422; 
1, -356.2524463835871; 
12, -361.8325789258233; 
16, -358.63345552247483; 
6, -361.1642731537868; 
5, -371.93735243586707; 
9, -363.22539656070876; 
9, -367.2274467928801; 
5, -361.9539336906746; 
1, -361.82443185610464; 
1, -366.9850787682808; 
10, -373.9159758621827; 
1, -364.0752219982678; 
1, -360.85239555238513; 
1, -367.70944634464104; 
6, -378.94552934519015; 
2, -371.28812484644004; 
1, -364.76386578031816; 
12, -367.98076872256934; 
10, -383.0736351662781; 
1, -375.52996511774836; 
1, -358.7307843810995; 
5, -374.21076278132387; 
1, -362.90128736774204; 
5, -360.28803838582826; 
6, -374.319675587205; 
1, -356.19911568262614; 
1, -358.94775394705357; 
9, -362.43559445571736; 
4, -360.76533326430945; 
11, -364.49480099539505; 
13, -367.3939137198613; 
1, -364.4502441106015; 
1, -361.87142204190604; 
1, -363.9644496720284; 
1, -366.5802458464168; 
1, -361.1726307364879; 
1, -370.7325614292058; 
1, -365.4113352877321; 
1, -366.2126198976184; 
7, -361.5618674039724; 
1, -357.38146381638944; 
7, -361.56051757355453; 
7, -371.37068950926187; 
7, -368.1474754981464; 
1, -357.99363907560473; 
6, -371.9279253304703; 
4, -368.6730685970397; 
6, -381.4626963356277; 
7, -367.50751323328586; 
16, -362.45138325029984; 
5, -360.57958549738396; 
8, -393.6312037812313; 
16, -399.80535196478013; 
10, -394.43492650392; 
5, -399.0746581911808; 
6, -394.70448905805824; 
9, -405.52830639545573; 
9, -370.5933899395168; 
5, -369.4827977234381; 
1, -365.1271649370319; 
1, -356.8093846105621; 
3, -358.45087248127675; 
7, -354.2622030614875; 
1, -357.9248152732034; 
9, -355.3674223328708; 
5, -357.303252446698; 
4, -353.6616551314946; 
1, -356.4307404050487; 
2, -363.7145051637781; 
1, -353.99050785339205; 
7, -373.7247765652719; 
9, -369.85500504222; 
8, -392.3771550959791; 
11, -392.43797945807455; 
7, -385.6655549311545; 
8, -385.1414990593912; 
7, -375.76871821988607; 
6, -369.08673428563634; 
6, -405.0062194590573; 
12, -395.0424299566657; 
5, -374.3577127417666; 
7, -411.4805911676958; 
5, -391.35220686130924; 
1, -373.79250740550924; 
6, -402.86821320460876; 
12, -374.6569930660771; 
8, -365.77113598259166; 
8, -356.1003211811767; 
5, -354.3124157433049; 
1, -359.0003064632183; 
1, -363.98298987338785; 
6, -364.25894842419075; 
4, -380.53278985072393; 
2, -363.17550710530486; 
7, -354.06563225836726; 
5, -358.20197441009805; 
2, -360.42363320617005; 
1, -362.292047876399; 
2, -359.6550655515166; 
4, -364.92728347843513; 
1, -357.5323243847233; 
2, -357.9162408403936; 
7, -361.33533155947225; 
1, -352.5718168661697; 
1, -356.745250395732; 
1, -351.9792841693852; 
1, -356.772777239501; 
8, -382.75227347185137; 
4, -390.67286376137054; 
7, -388.3126545631094; 
1, -367.78032016550424; 
12, -384.7325196409365; 
11, -372.5714976968593; 
5, -389.62988995661726; 
1, -383.9184361496591; 
1, -374.51710977911716; 
7, -397.4559535753215; 
6, -382.37523950857576; 
3, -368.3055353217642; 
3, -360.8472592708422; 
1, -358.0755338150193; 
1, -351.64020754303783; 
10, -354.20565781585174; 
8, -357.7326303930022; 
2, -365.99037589895306; 
3, -354.93920663913013; 
1, -352.08141608152073; 
1, -356.7667021458037; 
3, -354.4909837866435; 
10, -362.5993086626986; 
8, -350.8956520506763; 
6, -356.06331505597336; 
8, -354.90064400905976; 
1, -357.42320045415545; 
1, -348.6534581517335; 
4, -354.67730764014414; 
1, -361.04439866839675; 
6, -365.05979537655367; 
6, -352.8065040183137; 
1, -352.5988252152456; 
2, -359.13553264708025; 
4, -367.16240375390043; 
12, -357.6742250319221; 
1, -359.075291997171; 
1, -356.92744809470605; 
1, -362.4214133184287; 
1, -352.18638762302; 
16, -368.7218023253954; 
6, -367.68709121388383; 
16, -360.92031013011; 
1, -354.64740011672257; 
1, -356.27220723888604; 
2, -360.9394932568539; 
1, -364.97458878869656; 
1, -356.3172528127907; 
2, -355.587705522601; 
4, -366.584593090578; 
7, -363.0653669621679; 
6, -368.32720967568457; 
1, -362.9359561341116; 
8, -368.0509032435366; 
1, -355.66274670523126; 
10, -355.5364341865643; 
1, -363.26507732621394; 
2, -367.03492274787277; 
1, -365.1381090536015; 
3, -364.2986515450175; 
9, -368.4037078184192; 
3, -362.05617330869427; 
16, -374.59685928432737; 
1, -361.90788883832283; 
1, -359.220832098159; 
1, -359.303593788296; 
1, -360.53557322814595; 
1, -362.91935147554614; 
5, -374.8967090860242; 
5, -366.00069183902815; 
4, -364.8395163017558; 
9, -358.5507856729091; 
6, -357.4315230092034; 
5, -368.9926112451358; 
3, -367.2342891872977; 
8, -367.4345978931524; 
4, -374.41029701172374; 
10, -375.9618237677496; 
2, -360.73004124104045; 
5, -369.2218066298519; 
4, -356.1559154303395; 
8, -359.4353704379755; 
8, -370.16104184114374; 
2, -361.05267513281433; 
7, -358.06953271571547; 
1, -360.05188536667265; 
12, -367.20538663846673; 
1, -361.54245931259356; 
1, -359.0664337031194; 
1, -355.23257092101267; 
1, -355.30176983372075; 
5, -368.08996956102783; 
6, -368.9633867232478; 
1, -358.4619575095712; 
1, -357.80295953853056; 
7, -357.2391695912229; 
3, -359.0749844374368; 
3, -368.13937854522374; 
7, -369.8424467347795; 
9, -362.98353350919206; 
7, -374.2385007177363; 
2, -352.816884877102; 
11, -355.1059095017845; 
8, -373.2855501578888; 
4, -363.60090001131175; 
1, -357.1531910743215; 
7, -357.7929709695163; 
12, -356.34745676920284; 
6, -382.34740207967116; 
1, -353.8105823144433; 
1, -355.7883007992059; 
1, -357.61235041730106; 
5, -356.1898795423331; 
7, -357.31893951509846; 
5, -353.933869723056; 
1, -352.04339575371705; 
16, -366.8351441419218; 
1, -354.42292534088483; 
1, -353.96738399739843; 
8, -354.90587800729554; 
1, -363.32898341701366; 
1, -358.46195026423084; 
1, -360.0737540057162; 
5, -363.65488713479135; 
4, -376.9039924383396; 
1, -364.18097174400464; 
1, -357.05528665700695; 
1, -360.23439009976573; 
1, -357.5655352603644; 
1, -357.17875678342534; 
1, -356.9930216461653; 
1, -356.97680341498926; 
7, -369.79908377333777; 
5, -369.3011214317521; 
4, -362.0108579993248; 
8, -363.66786434384994; 
7, -359.8553431109176; 
3, -355.3845269800513; 
3, -354.08839981548954; 
4, -365.001242912258; 
8, -367.33129524439573; 
15, -358.2255240265513; 
7, -358.5466466761427; 
8, -380.00043759308755; 
12, -380.1424007656169; 
9, -368.76999345386866; 
10, -365.23476705211215; 
1, -357.646316507773; 
1, -362.3454143666895; 
1, -364.8964022868895; 
1, -368.1581989635597; 
5, -360.12824630667455; 
2, -354.7490123407915; 
6, -357.76361046207603; 
12, -355.7390763060539; 
12, -363.3639830647735; 
4, -359.26709540368756; 
1, -366.5082160884049; 
1, -370.62090379185975; 
5, -359.962999243231; 
1, -349.48690030240687; 
7, -367.3513474202482; 
1, -356.2707044677227; 
1, -352.7412645678851; 
1, -352.9641798341763; 
11, -359.4838846412604; 
3, -352.25264175393386; 
1, -353.3562198844156; 
3, -357.11206935474183; 
1, -356.5363156761159; 
1, -357.71577471122146; 
1, -355.1807003192371; 
2, -365.6054311359767; 
2, -357.5556137212552; 
7, -357.6438576159999; 
2, -355.65817896841327; 
4, -359.48233259579865; 
4, -357.4269406547537; 
3, -360.796361912915; 
2, -365.1593014508835; 
1, -358.0590933149215; 
1, -363.07215160818305; 
1, -363.7678791877115; 
4, -353.97162319900235; 
5, -365.089429749758; 
9, -369.51423419686034; 
1, -363.71059952507494; 
2, -359.34477976930793; 
1, -352.4081642932724; 
1, -360.54329829372; 
1, -360.7226467675064; 
2, -363.84629767993465; 
1, -360.4415680092643; 
5, -365.15964634914417; 
1, -355.02212929952657; 
8, -372.6528840191895; 
1, -359.9414582780446; 
1, -359.4835697214003; 
3, -366.09716679080157; 
5, -359.4206395211513; 
1, -356.13761742110364; 
1, -371.25374526303494; 
1, -369.43031614657957; 
1, -364.97981422767043; 
1, -355.2772028578911; 
1, -356.5873194494052; 
1, -353.33147097507026; 
5, -363.35104369954206; 
6, -370.3848478353466; 
1, -355.80146697332384; 
2, -359.73305648367386; 
1, -353.9862383127911; 
1, -369.6519038109109; 
1, -362.877680167323; 
1, -355.21180984715465; 
1, -359.8817172879353; 
1, -351.65403297066223; 
1, -352.7292476473376; 
7, -368.39958587515866; 
4, -370.7268452269491; 
1, -364.86909276468214; 
1, -356.288278046879; 
7, -373.0635294828098; 
1, -371.30772776022786; 
3, -378.1755603137426; 
1, -361.4340847179992; 
1, -360.44170283473795; 
2, -357.8977976774331; 
1, -351.67068888497306; 
3, -356.2606816973421; 
3, -361.9924446650548; 
1, -357.1971117153298; 
1, -356.04455260623945; 
2, -362.27801069023553; 
8, -365.85617953323526; 
7, -362.1606828343938; 
2, -365.16218365344685; 
9, -373.5884036158677; 
12, -361.8650630545453; 
1, -359.1191789674922; 
1, -358.9488943120814; 
1, -356.84585433569737; 
1, -356.8388478468987; 
1, -352.5211737783393; 
1, -358.07066654675873; 
7, -357.62947898654966; 
1, -353.2657465929515; 
1, -361.04348726652097; 
1, -355.50055304839043; 
1, -360.87744369730353; 
2, -353.70006869453937; 
10, -374.5983867404866; 
1, -358.5328511772095; 
1, -358.7034660898498; 
1, -366.1106624446111; 
1, -356.52710227965144; 
1, -356.5164858501521; 
9, -371.29436758632073; 
8, -360.74769057997037; 
3, -357.0100141745643; 
7, -358.95386065519415; 
11, -359.2534946122905; 
1, -353.16270436462946; 
9, -365.1515563093126; 
11, -364.0095053969417; 
1, -348.8194420185755; 
8, -360.73983806354227; 
2, -353.95566236396553; 
8, -375.2867479341221; 
1, -352.631985859829; 
6, -370.7605555348564; 
5, -354.65465369826416; 
8, -369.42344889673404; 
11, -364.96008848474594; 
8, -365.55992990155937; 
11, -359.31991718523204; 
6, -363.94269516854547; 
1, -357.04946263792226; 
11, -350.5485042491928; 
9, -359.0574750378146; 
3, -354.7832230826025; 
3, -362.66078881866997; 
1, -354.89620483852923; 
1, -359.072898756247; 
7, -362.11134091141867; 
8, -361.7444194839336; 
1, -364.4782730455627; 
1, -357.28264168143505; 
1, -355.5087393868598; 
1, -353.46492709987797; 
1, -356.7216236314853; 
2, -362.9440159993828; 
2, -363.75159043597523; 
7, -383.8356110646855; 
8, -382.97248761332594; 
7, -380.86400380544364; 
1, -385.673619684414; 
1, -388.8705955489422; 
1, -381.7276032351074; 
5, -388.8367512935656; 
1, -350.7008813348366; 
1, -360.90554580366006; 
6, -381.42101434076903; 
7, -358.8313913214952; 
1, -367.8184822126641; 
1, -361.06881070684176; 
8, -362.5539646795951; 
9, -362.09490696748253; 
9, -355.8801891087205; 
7, -370.4514800736797; 
1, -360.0725532754441; 
1, -362.05992958060233; 
9, -366.4929645284428; 
4, -357.9239706262015; 
9, -359.38730635418324; 
1, -355.6575535562588; 
1, -363.38392294402; 
1, -356.8526119220187; 
4, -367.65779690718045; 
1, -358.3862765940721; 
1, -359.09048116212944; 
2, -356.8908680539462; 
1, -358.96824981993996; 
1, -363.21271494642133; 
1, -360.13659888645634; 
9, -361.73398124962114; 
1, -353.5787005092716; 
1, -360.87113580229925; 
1, -377.06567919038935; 
1, -365.0151443784707; 
1, -360.31832806789316; 
6, -366.369762729737; 
1, -360.8606164447265; 
1, -361.05606034433004; 
1, -359.1719436654239; 
1, -357.9226758174482; 
1, -356.57015179569134; 
1, -362.84479220968205; 
1, -352.82037808187306; 
7, -354.4459285273333; 
8, -372.70317979867104; 
7, -362.4509768841672; 
3, -360.6449904727633; 
2, -356.81011442269664; 
1, -355.7142530985875; 
1, -369.5567526051891; 
1, -355.9338294660556; 
1, -353.29708860599203; 
1, -360.02972044213675; 
1, -368.1333529546391; 
1, -355.2964307088405; 
1, -360.0916810601484; 
1, -361.7746086374973; 
1, -360.7730170718278; 
9, -363.1108090612688; 
5, -365.6245500908699; 
11, -374.15527061908506; 
8, -384.8731974574039; 
8, -380.4941844517598; 
7, -383.3710708831204; 
8, -378.10796038393164; 
8, -369.5065568376449; 
9, -378.99291261227336; 
9, -371.3485911259777; 
9, -366.4449825891061; 
10, -380.0735039153951; 
7, -376.5098859508289; 
5, -360.9355193474912; 
5, -367.9625983318547; 
7, -363.61733494186774; 
9, -370.13164403656265; 
1, -361.0521014564438; 
1, -365.1817309356411; 
7, -363.11997643567156; 
9, -363.8002294814796; 
10, -369.3798876283108; 
9, -371.26649822463514; 
1, -360.71736151882214; 
1, -356.33349433075637; 
10, -356.7169684934197; 
4, -356.0636857863865; 
1, -359.2658165054163; 
2, -357.05770079186186; 
5, -370.37194319657283; 
1, -358.3174713355256; 
1, -362.20087364921346; 
1, -362.8159196074703; 
1, -357.15490167512326; 
1, -358.6184430772555; 
7, -363.0136602265993; 
6, -358.9120879325783; 
1, -356.1261285615037; 
8, -370.57627235137625; 
1, -357.09732085687574; 
6, -364.49265408492647; 
5, -357.86944769951515; 
5, -364.0734554543742; 
5, -368.2877347540343; 
1, -362.5051029365277; 
1, -360.00623459840426; 
1, -363.25685155106476; 
1, -360.2781238332391; 
1, -364.57373394677415; 
5, -359.68137633241713; 
7, -371.31483746378217; 
1, -360.02120132610435; 
2, -353.41496381367324; 
9, -358.68654788611457; 
4, -359.19495765538886; 
9, -370.7863270890666; 
9, -368.31315684958827; 
7, -383.12143986823503; 
1, -353.94177593215136; 
10, -357.49240294256015; 
5, -363.35594042635057; 
1, -357.11687190295197; 
1, -355.2139300701674; 
5, -381.45756523351884; 
1, -354.1312949422281; 
1, -356.07944219373167; 
1, -354.80316040472826; 
8, -352.69460763712414; 
3, -357.5559493926121; 
9, -369.6301801817026; 
9, -379.49617933575064; 
2, -357.23704276629724; 
1, -352.1521829761914; 
1, -360.52381448540837; 
1, -359.7164141237736; 
1, -363.4866988574504; 
1, -357.1124147498631; 
1, -361.3051785522839; 
7, -369.2055307541159; 
8, -369.6871929166955; 
1, -349.42970377678284; 
1, -351.0065645931172; 
1, -367.17075982532697; 
1, -354.6176301484229; 
2, -358.3938439738122; 
8, -360.7680594123667; 
7, -367.4129132074304; 
1, -361.02085773670115; 
7, -364.4683500567917; 
9, -357.58482220215956; 
1, -361.02447139366996; 
1, -363.0686851463397; 
1, -358.2182812068495; 
1, -355.0168919337448; 
1, -352.2361504792934; 
1, -359.8968807976926; 
1, -364.86478638648987; 
1, -358.18082779145334; 
7, -365.4814627279411; 
5, -376.363307517895; 
3, -360.23177384608425; 
9, -359.4422588094021; 
9, -371.1059606888448; 
6, -355.4791904555168; 
1, -362.8762315395288; 
1, -359.2769555958221; 
1, -367.77979871153366; 
6, -363.6051076174481; 
8, -375.87520734546706; 
9, -367.0155054415227; 
9, -368.0875391046284; 
10, -362.51665980630787; 
13, -356.23292802186916; 
1, -355.07721328828484; 
1, -361.23347353970166; 
1, -354.3442069370067; 
1, -361.5420582202496; 
1, -359.73094944731565; 
1, -351.78428344940767; 
11, -359.0046921764151; 
9, -358.3175561208045; 
9, -369.86577467166353; 
6, -368.29277760500554; 
8, -354.0164560149424; 
9, -361.22052641096525; 
9, -370.84971898130607; 
6, -356.624724994821; 
7, -361.759111737716; 
9, -363.46956040587975; 
10, -371.19715023966273; 
7, -372.41698111902224; 
1, -353.1469305395731; 
10, -355.72192213271046; 
9, -360.8226894924883; 
8, -355.12616243120283; 
10, -366.35679815354524; 
5, -358.7102406533086; 
7, -361.19861812033923; 
1, -349.0737365287496; 
1, -354.51686631073244; 
14, -358.5265587361064; 
8, -359.9040181202581; 
1, -360.2609058540547; 
1, -355.5532137431437; 
11, -362.1085435238201; 
1, -363.86405485204887; 
1, -361.2612294681021; 
1, -359.5953048392548; 
1, -346.6863212280441; 
5, -365.8733962396509; 
6, -374.3652971765259; 
6, -368.0031360630528; 
1, -354.77972941775806; 
10, -368.5061990653048; 
10, -358.77695436932845; 
7, -356.54194751544856; 
1, -366.7140538431122; 
5, -360.35574602056295; 
1, -354.8982862184057; 
1, -357.1830723875901; 
1, -361.0099379385938; 
1, -363.0925350729376; 
1, -363.43679983436596; 
1, -353.1543083075667; 
1, -365.7408714136109; 
3, -362.2301022313768; 
7, -366.9456929064472; 
1, -360.99957888555946; 
1, -358.9889404819114; 
1, -361.80446525127627; 
6, -376.907017637277; 
1, -360.76870468608104; 
1, -361.91768213221803; 
1, -360.362138148339; 
1, -362.41533384949435; 
1, -362.03883558738744; 
2, -357.87010548915714; 
1, -355.17917984502856; 
1, -364.4217463059467; 
8, -376.2880381816649; 
7, -364.4054196876241; 
8, -365.5208278357168; 
1, -357.36239359353203; 
1, -356.29112346220063; 
1, -353.17032372643007; 
1, -357.2365994906868; 
2, -353.95951967907604; 
3, -367.1668943853001; 
9, -370.3201765216072; 
1, -364.85290867462754; 
1, -359.4150087288581; 
8, -374.7999101150781; 
8, -367.33757548662834; 
1, -354.73730076267384; 
1, -353.2279225541861; 
8, -364.97054731013486; 
8, -368.01010418345686; 
15, -365.12221345258877; 
9, -370.7955634772079; 
1, -357.7822452823166; 
5, -358.3846228036564; 
5, -365.11442894203356; 
8, -366.96624080016045; 
8, -359.54127022169996; 
1, -359.1359239722369; 
1, -361.9419523248216; 
1, -361.31633195793256; 
1, -354.9429261168116; 
1, -357.10771982435836; 
4, -357.2144403256243; 
1, -364.4799170792103; 
1, -354.2254873558413; 
1, -354.68222001660615; 
9, -375.4288370816503; 
3, -358.3690233414527; 
7, -378.24559013394173; 
8, -356.6848699658294; 
9, -365.7757295842166; 
9, -371.43368745141197; 
1, -357.26638547331095; 
4, -354.37461316998815; 
8, -368.56034890108276; 
8, -363.0839842148125; 
8, -389.510260226205; 
10, -382.1942833539215; 
7, -367.34498429019004; 
11, -362.33257498336025; 
7, -359.9441718709422; 
8, -367.0162141751498; 
7, -355.87964206625475; 
1, -353.09297694067936; 
6, -353.703092276759; 
12, -372.1170299964142; 
2, -355.8682140187011; 
9, -366.94929567631334; 
1, -358.49663816881366; 
1, -356.25995492894435; 
10, -359.16016531095374; 
7, -363.026125348988; 
5, -365.6463077418157; 
9, -358.8684365951922; 
9, -380.9266998250969; 
7, -376.04616500699194; 
1, -353.14955962781096; 
6, -353.7864768161089; 
1, -355.5881662913016; 
1, -362.2214697622694; 
4, -361.8257236724021; 
1, -355.1726990502211; 
1, -356.6397622121149; 
5, -371.63787920348113; 
4, -363.82728143030545; 
9, -364.7988824612112; 
9, -367.27857123402646; 
10, -364.5443273758865; 
8, -360.4711475544609; 
1, -371.725772550446; 
1, -357.21305511461105; 
13, -359.310547630128; 
9, -365.31773272313876; 
12, -352.83026168332435; 
8, -369.70240953558823; 
1, -358.91149251617026; 
5, -375.07661365479; 
4, -364.05160237295786; 
5, -369.1092035447946; 
9, -364.259757660795; 
7, -364.84043516527163; 
1, -362.2223410694278; 
1, -368.2931494085351; 
1, -359.94237738044467; 
8, -381.29845742468024; 
5, -368.4281703788438; 
1, -363.6728507739026; 
1, -365.5826306361123; 
1, -358.1775125939166; 
2, -356.131436771655; 
1, -359.8989948896924; 
6, -365.9267406503204; 
1, -361.20474300940987; 
1, -368.12054823024664; 
1, -355.7281192142982; 
1, -355.5868712204974; 
7, -383.1788558140397; 
9, -369.60422107955674; 
10, -366.64741681184387; 
8, -366.7347909210948; 
8, -386.4328412198811; 
7, -381.01694792712806; 
6, -353.23320713144494; 
8, -353.67261558095925; 
1, -353.31497792038135; 
1, -363.2015834447229; 
9, -382.5816339390003; 
8, -365.8504914569203; 
7, -363.1706345359562; 
11, -363.77504372393014; 
1, -349.02495383506175; 
1, -359.8082903341856; 
6, -351.5568220564164; 
1, -353.1937874663854; 
10, -366.8156408916693; 
11, -367.7687867564964; 
8, -362.0567124756635; 
11, -372.3483979164157; 
4, -360.2190410254407; 
1, -346.4644710943103; 
12, -362.2491122522624; 
7, -374.37768640968716; 
5, -358.279451997485; 
9, -364.1001664028736; 
7, -366.34788115299307; 
1, -359.8484514411539; 
8, -365.4494516806444; 
10, -370.86082466400694; 
7, -356.00778974057175; 
6, -365.35604522167705; 
1, -357.7651615870418; 
1, -358.96088356594555; 
1, -356.95244072622154; 
1, -351.6182755215559; 
1, -353.35190089431126; 
1, -354.6717539600795; 
6, -362.3039663557429; 
11, -364.4169103697059; 
6, -357.4893630120205; 
5, -366.9566429319093; 
9, -378.35639787459513; 
9, -373.0030569352675; 
10, -367.3037648195168; 
1, -356.3182830493897; 
1, -354.25873356929515; 
1, -352.78451791382395; 
3, -365.18110087607056; 
5, -351.85909934237134; 
5, -372.415309331147; 
6, -395.96648537227884; 
8, -357.6705771876732; 
7, -375.0180082786828; 
9, -370.37935229751747; 
6, -363.76589976635296; 
8, -357.05841926892754; 
6, -364.8458221425535; 
1, -363.48849048872944; 
9, -372.7253472501179; 
1, -366.02111454471014; 
8, -360.8361718277447; 
7, -363.23398794513196; 
8, -375.88627131830435; 
3, -354.1458756659413; 
8, -358.3973868531175; 
11, -364.4043310082052; 
8, -366.7504072780721; 
1, -346.2376059971284; 
9, -351.1938557426911; 
9, -369.35733477631584; 
8, -359.37204590137117; 
1, -361.3192305661505; 
8, -354.117417313857; 
8, -361.18658985500224; 
8, -359.39897451456636; 
11, -362.0298797461437; 
8, -357.7080308404984; 
8, -357.6320065729087; 
7, -363.698986700736; 
1, -349.9172367672436; 
12, -357.57903505826835; 
1, -348.1438293842366; 
8, -353.5176579687977; 
9, -356.4303522486007; 
6, -369.19945538812317; 
9, -367.5191254328238; 
8, -375.4194277175702; 
9, -357.8353869516868; 
8, -368.04018191818614; 
10, -360.50800975144375; 
9, -357.2670919470256; 
8, -350.04108005738817; 
7, -353.32786605739966; 
1, -359.8660321433563; 
8, -363.5856209269259; 
1, -354.5183273938019; 
10, -353.9010317364009; 
11, -367.0680211628787; 
8, -351.3642212083796; 
9, -353.1497735341545; 
7, -357.59805740544107; 
11, -359.2963670066092; 
6, -355.51850094110705; 
9, -362.80206300807185; 
10, -363.31985972321127; 
8, -378.79265004885383; 
9, -370.8405978818191; 
9, -360.3527924127411; 
3, -352.92775510426145; 
1, -350.341709077009; 
1, -349.53731833805796; 
8, -371.07869223412126; 
6, -348.91065190546215; 
6, -374.8009317535907; 
6, -366.5176692256937; 
9, -373.60738059680443; 
7, -375.9886496209074; 
6, -359.23210918868426; 
11, -358.5407677674666; 
1, -348.93506569683086; 
7, -356.41169475996867; 
9, -353.9390415751841; 
10, -362.67456655262504; 
6, -353.3146782007534; 
7, -361.33699336706195; 
6, -366.5301530805882; 
5, -354.1539143754635; 
10, -355.5143253894057; 
5, -359.2805402269587; 
11, -353.53473192092497; 
1, -357.70347158727236; 
7, -365.4325510151684; 
10, -355.4343921781983; 
3, -349.41948747448623; 
1, -351.3950553514296; 
8, -376.8500226609176; 
10, -356.5960082531674; 
13, -354.7751675818581; 
7, -365.2667840413051; 
6, -368.64800901152194; 
7, -365.09571837063413; 
7, -378.6063681524247; 
1, -349.02139440120663; 
1, -363.7973509315634; 
1, -357.3399077607319; 
1, -355.6848494793521; 
11, -365.8154420987703; 
1, -359.74386681849137; 
1, -356.83424486545846; 
6, -367.8380870728288; 
1, -360.64848276029807; 
1, -348.8895461810753; 
1, -354.44796350446995; 
1, -354.14521795744076; 
1, -354.7348624567967; 
1, -352.50173934397753; 
1, -353.41217314300593; 
1, -359.18181828339584; 
1, -361.00736931932624; 
2, -354.1893243145896; 
1, -355.2135772652691; 
5, -361.8118054330116; 
1, -353.47349139791913; 
1, -358.22850528592244; 
1, -358.62181718449574; 
3, -358.9430108773522; 
7, -375.36061213188805; 
7, -367.38064228976145; 
2, -348.48096679826267; 
1, -351.33911116293166; 
1, -357.26670938846655; 
2, -354.9846310415305; 
2, -353.2144715124741; 
6, -356.53557429171633; 
11, -379.03648231190164; 
1, -355.3107569727581; 
1, -364.56227745721117; 
12, -365.5626279831631; 
8, -361.80887801083736; 
9, -353.9709285887657; 
6, -361.4363615702605; 
1, -368.2728463404346; 
1, -361.2174262031913; 
1, -348.78320431231987; 
7, -363.04591745417565; 
8, -373.2760989990784; 
9, -396.7787956041284; 
10, -362.83961210551206; 
9, -376.2033084353898; 
6, -362.11976843036246; 
7, -380.5811324985698; 
6, -354.34877382335253; 
8, -363.2805969615001; 
1, -343.0729292532196; 
8, -358.1624621329829; 
9, -344.77109991316684; 
9, -368.9722010658588; 
8, -366.17063371744007; 
10, -362.3350357450545; 
7, -366.9853351821657; 
1, -353.96115320164245; 
10, -363.6850918753771; 
8, -362.77280451345723; 
7, -362.0042619778542; 
9, -366.17888965050224; 
1, -356.46558224607725; 
13, -355.92932022432797; 
4, -352.427849354106; 
1, -350.7773456755094; 
1, -356.37499928474426; 
3, -374.53420268790796; 
7, -348.4629713994218; 
9, -352.89757975307293; 
7, -361.68482954544015; 
6, -375.58176313503645; 
5, -362.5037882246543; 
9, -361.4869337147102; 
1, -345.9277233980829; 
1, -356.31304003461264; 
7, -354.4720639177831; 
9, -361.78928106697276; 
6, -362.99099465599284; 
7, -351.21003598498646; 
8, -361.30348641239107; 
8, -362.36661176232155; 
10, -358.7163732489571; 
9, -358.80381857347675; 
7, -360.4550451330142; 
9, -357.9134145033313; 
6, -356.1205006411765; 
11, -360.9295642549405; 
9, -365.778070045053; 
5, -364.8403494009981; 
6, -369.1436176466523; 
7, -373.08200001507066; 
1, -354.3276400163304; 
1, -357.7242908058688; 
6, -378.90412088669837; 
1, -353.6909750602208; 
1, -358.1336795797106; 
3, -356.81560670759063; 
12, -371.4036275506951; 
9, -357.95010995701887; 
6, -376.9396276368061; 
8, -372.76623929454945; 
5, -374.49171862402; 
6, -361.58117277373094; 
7, -363.99177775275894; 
9, -374.52849392942153; 
1, -355.3158495572861; 
1, -353.0156870278297; 
1, -359.64797756122425; 
1, -355.6360492412932; 
1, -357.2513016926823; 
1, -364.19995974819176; 
1, -350.9491319898516; 
1, -355.9700435841223; 
6, -358.2430018095765; 
9, -357.36074578249827; 
5, -360.91741162119433; 
4, -358.22276996891014; 
1, -358.2324820536887; 
1, -358.93064826878253; 
1, -347.25863485841546; 
1, -354.20865335932467; 
2, -354.075319018797; 
1, -376.1242919471115; 
1, -347.17660399130546; 
7, -353.440315500251; 
6, -344.6383159545949; 
7, -357.8832448918838; 
6, -357.7063733583782; 
6, -364.7382470946759; 
8, -369.2411656868644; 
7, -357.92577809176873; 
1, -359.9099109409144; 
1, -354.5999620319344; 
7, -371.4147632025415; 
9, -372.3167502307333; 
7, -347.01339742948767; 
1, -357.2949301720364; 
1, -351.41364264441654; 
1, -353.9711354030296; 
5, -359.51094417925924; 
8, -361.5228767360095; 
10, -369.4952177766245; 
9, -366.09210723650176; 
7, -376.53915406635497; 
1, -358.91078697901685; 
1, -356.60910805594176; 
1, -361.73071548109874; 
8, -360.4834930165671; 
1, -361.4116437478224; 
6, -380.21965024259407; 
8, -371.05120402993634; 
7, -365.281135751633; 
2, -355.088042594376; 
1, -358.4268871063832; 
1, -355.926996657392; 
1, -355.7291959663853; 
5, -366.05383746360894; 
7, -370.81591639795806; 
9, -371.45841173804365; 
9, -369.89534397632815; 
5, -368.86134423385374; 
1, -353.8405317524448; 
1, -357.07216355006676; 
1, -351.41437983245123; 
8, -364.3175969228614; 
10, -383.5650609697914; 
8, -356.45112638245337; 
7, -360.9391102754744; 
9, -363.30364444397856; 
1, -358.89400028821547; 
8, -367.8600345964078; 
1, -355.6350880288519; 
1, -363.5741751034511; 
1, -361.6537522106664; 
6, -356.9342105605174; 
8, -350.8161848176969; 
9, -364.546967905364; 
7, -349.04042145924177; 
11, -352.2747866152786; 
6, -347.8982641068287; 
6, -370.3880965632852; 
6, -352.9410990080796; 
1, -347.99753361870535; 
1, -351.8809259966947; 
9, -365.37407914933283; 
1, -347.2296412187861; 
7, -351.57515057269484; 
1, -349.6433086646721; 
9, -369.62560838030186; 
1, -356.8070408385247; 
1, -364.32472864200827; 
1, -350.17637315718457; 
1, -348.0642023261171; 
9, -348.71772884135135; 
9, -365.0111178064253; 
1, -346.82761340087745; 
2, -351.39127006358467; 
7, -366.3357776274206; 
9, -358.03395374130923; 
6, -361.81973119522445; 
9, -362.7828254667111; 
9, -370.6357776620425; 
10, -375.71555692807306; 
7, -347.9238961779047; 
11, -361.5784340198152; 
8, -351.87728697340935; 
9, -355.1629784958204; 
7, -366.4924229462631; 
8, -367.947236468317; 
1, -361.14032455859706; 
2, -364.0260628153337; 
10, -383.26640430884436; 
5, -359.9709974316647; 
5, -372.01943297230173; 
6, -364.6137627788121; 
6, -369.2316358805401; 
6, -367.8786318512866; 
1, -357.6058527668938; 
2, -358.77856697072275; 
8, -354.6607460123487; 
12, -377.95364353689365; 
7, -366.61322368029505; 
2, -370.097714882344; 
1, -360.5449603215093; 
1, -359.0863312589936; 
1, -357.8709408622235; 
1, -352.12401951139327; 
9, -373.15446518571116; 
4, -369.3884093404049; 
5, -375.63333940296434; 
1, -355.8211079988396; 
3, -355.5772144970251; 
8, -362.99216257117223; 
8, -382.2503707727883; 
5, -362.16494465922005; 
8, -381.37649613572285; 
7, -364.1472204871243; 
1, -359.71196947293356; 
1, -364.589877407765; 
8, -369.01395530439913; 
6, -373.32375881494954; 
9, -374.9063844932243; 
8, -370.44410206517205; 
9, -367.08500761236064; 
1, -358.5552201863611; 
8, -371.4266791344853; 
6, -371.426684789476; 
10, -364.8326044983696; 
6, -361.73185132513754; 
3, -352.51414212735835; 
5, -377.41772461356595; 
9, -364.8473038494121; 
4, -350.85953016974963; 
7, -362.4594206708716; 
8, -381.953305776231; 
1, -351.9790220313007; 
1, -355.5892870705575; 
9, -371.4091007980751; 
2, -358.4648306487361; 
2, -353.5096250359202; 
6, -358.9600168069592; 
8, -363.2294380920939; 
8, -363.56658264505677; 
13, -359.8468687720597; 
1, -356.7087042311905; 
1, -353.5112392528681; 
1, -356.7201734642731; 
1, -364.70390769373626; 
1, -348.3643342440482; 
1, -370.556241023005; 
1, -356.74944042565767; 
9, -366.7935464142356; 
5, -353.2103936725762; 
7, -368.2825561920181; 
9, -354.03316536091734; 
9, -361.9392207717756; 
8, -369.95845573197585; 
8, -365.5807073453907; 
1, -348.635112135089; 
1, -357.0758635895327; 
5, -366.62411623448133; 
1, -359.9576636335114; 
1, -358.3802603461081; 
1, -358.8547647433588; 
10, -367.36238533840515; 
8, -358.9225522101624; 
7, -373.2555455826223; 
7, -359.3545954852598; 
7, -355.2005501248641; 
7, -364.17247563926503; 
11, -362.46258190239314; 
8, -364.99146427819505; 
7, -371.48984260251746; 
9, -368.0266622118652; 
9, -370.7723897472024; 
7, -348.2612692465773; 
7, -365.80780403490644; 
1, -360.93517715705093; 
7, -376.57930128253065; 
11, -365.6836292289663; 
1, -358.288731398643; 
1, -357.9130823109299; 
1, -351.3095662770793; 
5, -367.316149464692; 
7, -369.3973929132335; 
9, -380.9812578903511; 
5, -377.7796122991713; 
10, -369.1061104426626; 
8, -364.4302848338848; 
7, -364.7866105574649; 
5, -358.701540408656; 
6, -353.88869693223387; 
6, -361.8670816909289; 
5, -363.71416814485565; 
7, -357.05028738838155; 
1, -355.8130421137903; 
6, -373.46671903529204; 
6, -361.682633533841; 
1, -361.22049966291524; 
1, -362.4763978039846; 
16, -370.52367138757836; 
11, -364.91432106960565; 
1, -360.8534392362926; 
9, -360.45185765554197; 
5, -376.3115690581035; 
1, -366.70827175758313; 
1, -359.91048564366065; 
1, -365.0763906243956; 
8, -361.9085758464644; 
1, -359.81935331970453; 
1, -361.95532989525236; 
1, -364.44743845658377; 
1, -369.5586064194795; 
7, -361.4063789974898; 
1, -356.8453296237858; 
2, -361.24710292951204; 
3, -360.1934449262917; 
1, -353.7110683625797; 
11, -364.00210091401823; 
3, -362.1420676019043; 
6, -358.7508845332777; 
8, -363.34418843046296; 
7, -358.95328063017223; 
9, -350.3447848651558; 
1, -351.3948589027859; 
9, -360.6236908072606; 
1, -366.1129739260068; 
1, -374.04219024663325; 
1, -359.4308010620298; 
1, -361.84594074077904; 
1, -364.7748274608748; 
1, -361.9624981540255; 
1, -358.9962679197779; 
8, -364.20246287283953; 
1, -359.93892746500205; 
1, -361.9995374600403; 
8, -367.26403941679746; 
1, -377.4704559170641; 
1, -365.8070664717816; 
7, -372.7007351464126; 
6, -384.36763307242654; 
7, -401.0553882961394; 
1, -377.89764258102514; 
5, -356.498120186734; 
8, -354.69509176304564; 
9, -352.906655628467; 
9, -367.1621396561386; 
1, -347.91270919004455; 
1, -353.764925112715; 
1, -351.69372226519044; 
7, -364.9379295492545; 
8, -365.00452597707044; 
1, -353.46460546017624; 
8, -376.2066343629267; 
9, -395.1264095855877; 
1, -367.8079115591245; 
1, -367.9416894071037; 
7, -397.44478631264064; 
1, -367.4341957545839; 
7, -375.5792153219227; 
1, -354.43726792244706; 
1, -364.06376890675165; 
1, -367.9265418954892; 
9, -373.9469473536592; 
8, -377.3234577269759; 
1, -373.4952043275116; 
1, -368.7507350653177; 
4, -367.07519911334384; 
8, -369.20032126409933; 
8, -376.0576726088766; 
5, -365.72966938023455; 
1, -359.4310529702343; 
1, -361.98436363833025; 
6, -374.0876525359927; 
