3, -493.4439757421566; 
2, -350.6683416648061; 
5, -349.26629113573506; 
5, -215.770920188746; 
5, -367.7499978510459; 
5, -311.28228718834725; 
5, -255.13378945904833; 
5, -257.43099788531345; 
5, -311.5220016077924; 
5, -285.4731033664889; 
5, -371.82222743802276; 
5, -278.7482190305004; 
5, -284.68867868647976; 
5, -291.2557296998857; 
5, -299.86058818743004; 
5, -246.55830538871487; 
5, -230.32272692060815; 
5, -306.03553691567504; 
5, -258.81693998795527; 
5, -326.85088838276715; 
5, -329.85567296433965; 
5, -244.792722462068; 
5, -283.6427192584797; 
5, -268.37773389897666; 
5, -271.21569762046875; 
5, -274.6606660699881; 
5, -257.1958681066744; 
5, -285.5238840179245; 
5, -269.9032753387037; 
5, -254.46345297411426; 
5, -264.76613395161075; 
5, -265.2565088199317; 
5, -316.79396247511977; 
5, -309.96310606481165; 
5, -275.73358744496727; 
4, -319.7979672451056; 
5, -262.63694180826496; 
5, -218.50594895575705; 
5, -289.39182077469377; 
5, -258.41957031657876; 
5, -270.7078820948118; 
5, -230.7333288279915; 
5, -254.823389242536; 
5, -279.9047907369659; 
5, -315.9365753275324; 
5, -249.2700567547654; 
5, -233.37719127898526; 
5, -221.0034325729339; 
5, -259.48934250345883; 
5, -258.1847838009435; 
5, -257.0950331903441; 
5, -257.5311118617101; 
5, -197.392623865926; 
5, -270.60916217891645; 
5, -227.1968626833259; 
5, -206.04052918754678; 
5, -267.7968593073001; 
5, -559.1235562579586; 
1, -761.8324041623127; 
1, -747.479954447299; 
1, -628.5082881065246; 
3, -689.8551446585225; 
3, -703.90014278319; 
4, -676.473193589969; 
1, -652.3148678467041; 
2, -686.2728425077257; 
5, -666.8490784084024; 
1, -673.4850599505371; 
1, -643.1524673376771; 
4, -671.8042569176941; 
4, -642.9458918568089; 
5, -653.0199993193346; 
4, -641.042285174568; 
4, -679.7576863468239; 
5, -582.8746761820221; 
5, -537.6549463629453; 
5, -595.6106639819918; 
1, -693.9437656300652; 
5, -667.5483241611546; 
1, -669.3008152827024; 
1, -668.8454556930228; 
5, -632.5938973492921; 
5, -644.5791666507357; 
5, -660.4067378208783; 
4, -637.8245825562335; 
4, -629.9159680226876; 
4, -603.8010863899253; 
4, -606.4909033255026; 
5, -621.3332712825431; 
5, -620.4161621278618; 
5, -604.3619980645817; 
4, -609.5880315790127; 
5, -597.66089956012; 
4, -607.663502152267; 
5, -585.8219788224233; 
1, -602.8673954618498; 
1, -595.9301182475901; 
5, -613.4581442025301; 
5, -616.9644413429196; 
1, -604.9977785262308; 
