4, -390.50355387741064; 
1, -394.3081400929355; 
2, -388.89681048633327; 
4, -390.60229820688755; 
5, -384.28157737149354; 
4, -386.1780858208749; 
5, -389.3325723817479; 
2, -380.66967280409244; 
2, -363.3928890699758; 
1, -385.6356368137267; 
1, -377.55660495292796; 
2, -371.11796531040545; 
2, -380.39331839567785; 
2, -368.8207511816927; 
2, -375.65823794799144; 
1, -382.63833801144665; 
2, -379.2316970881593; 
1, -393.8784130277563; 
2, -381.31737378203616; 
1, -374.837422349432; 
2, -374.6156966699946; 
1, -391.89106456372065; 
2, -380.9787133263544; 
1, -376.02635399959036; 
1, -379.03570734274217; 
2, -383.7380461714256; 
1, -382.18229959330165; 
1, -390.4544626100578; 
1, -378.6562253066386; 
1, -370.4785663454895; 
1, -389.49504465342216; 
1, -398.80949438153584; 
1, -382.36877092051327; 
1, -398.2065422354626; 
1, -401.2279166565422; 
1, -404.124306131871; 
1, -400.66550982528133; 
1, -413.20175539897355; 
1, -393.99476872979176; 
3, -384.8397580238452; 
3, -380.56492613170667; 
1, -375.83188085586517; 
1, -381.36380130928956; 
1, -383.767640313461; 
1, -361.3198890802123; 
2, -380.976151536579; 
1, -375.75265649355424; 
2, -380.1072843930233; 
3, -377.353634378127; 
2, -383.790687635199; 
3, -376.44720661068277; 
2, -375.9069344661257; 
2, -373.48106437248134; 
3, -370.9437515634054; 
1, -387.19365609256056; 
1, -378.0623962453319; 
2, -377.8640657239084; 
1, -386.6823760615298; 
1, -379.5609254801493; 
1, -384.4484332482607; 
1, -374.49950432431797; 
1, -381.11556981710964; 
1, -376.67701425312407; 
1, -383.79905568515096; 
1, -375.0163319725689; 
3, -385.64802222056824; 
2, -387.6314805722359; 
1, -384.62244142562486; 
1, -400.06799456577573; 
1, -388.74974591721184; 
1, -390.5049684207115; 
1, -377.7797865881148; 
2, -383.02597705319204; 
1, -369.41686148617373; 
1, -379.87336827614126; 
3, -375.85789372715226; 
1, -379.49846761195295; 
1, -385.58837009159834; 
3, -372.17834095231956; 
1, -382.0273136932956; 
1, -374.1851721544299; 
1, -375.5294475335031; 
1, -380.52658918996894; 
1, -377.7156401474167; 
1, -385.838917979665; 
1, -393.22985285661343; 
1, -371.64487134624505; 
1, -380.21061358467705; 
1, -371.83710352986236; 
1, -377.77587876711186; 
1, -378.550774113588; 
1, -381.83167708885594; 
1, -381.9016271428263; 
1, -375.1081842197018; 
1, -367.59235952233576; 
1, -369.60195661495527; 
1, -375.82187188608805; 
1, -367.8162402391026; 
1, -370.5283216336102; 
1, -369.8562203361216; 
1, -370.75513953439804; 
1, -380.0581349140557; 
1, -379.0648100678227; 
1, -368.8567306510304; 
1, -369.50126884495694; 
1, -371.24560058010684; 
1, -387.3310040706783; 
1, -362.22793099943374; 
1, -366.2580343426598; 
1, -381.3902152847877; 
1, -379.93537209746137; 
1, -387.50242121899646; 
1, -393.8879509677354; 
1, -383.697956766875; 
1, -383.16848125208344; 
1, -380.62623423849436; 
1, -399.97221220658685; 
1, -392.93378957799723; 
1, -388.5163337152917; 
1, -371.9931339005707; 
1, -373.23988991909573; 
1, -369.29936931002885; 
1, -372.8559225645877; 
1, -387.00540197974624; 
1, -363.7990962943077; 
1, -368.2535938400688; 
1, -369.2214529742196; 
1, -374.1339053980482; 
1, -372.9411973685419; 
3, -386.0968244990145; 
1, -381.3378905975187; 
1, -380.91368516111834; 
1, -368.7440207948166; 
1, -382.4638910596186; 
1, -379.5549461559276; 
1, -378.33501291916036; 
1, -387.98528138073743; 
1, -388.87431753428245; 
1, -383.45540526839613; 
1, -377.68155875128286; 
3, -380.6654378205203; 
1, -377.4791717313492; 
1, -378.5457564982353; 
1, -388.48697149189684; 
1, -378.695648063258; 
1, -395.65875749681436; 
1, -386.2322083248873; 
1, -378.85705734540534; 
1, -363.77125176994014; 
1, -374.6405125103265; 
1, -375.14252453298104; 
1, -380.2016006013; 
1, -379.96043143913266; 
3, -388.70517976098927; 
1, -385.76239094416087; 
1, -376.923767945751; 
2, -391.76520023145713; 
1, -380.0918313431466; 
1, -385.7451891327655; 
1, -375.03518270878703; 
1, -367.72486759137246; 
1, -365.0985209497085; 
1, -388.83507039973483; 
2, -372.3056815800446; 
1, -373.89915535713953; 
1, -369.98416967628873; 
1, -385.71922483194794; 
1, -378.4263334515563; 
1, -386.4570100467681; 
1, -370.23191454514745; 
1, -372.2550402465713; 
1, -393.4038066163994; 
1, -382.57551308835536; 
5, -366.2919282848743; 
2, -375.51619945143466; 
1, -368.71834871904866; 
1, -364.4421946601651; 
1, -369.593561362999; 
1, -375.00711409107316; 
1, -367.24756485404214; 
1, -370.8476156766119; 
1, -368.9318990922038; 
3, -374.71723419748014; 
1, -357.8066789906443; 
3, -364.0816907942499; 
1, -379.1713109031698; 
1, -369.06364573180326; 
1, -366.40382386927377; 
1, -367.0147045907943; 
1, -366.3647827750101; 
1, -375.47512067493517; 
1, -365.0802968292119; 
2, -395.2652063102869; 
1, -401.1777234739129; 
1, -394.4158578368515; 
1, -379.7435874435032; 
1, -372.9687460984278; 
3, -370.5558889779204; 
1, -360.4281917367334; 
1, -359.0555035644793; 
