12, -476.04813763197; 
10, -476.04813763197694; 
16, -474.12332512835474; 
16, -470.6135501240251; 
10, -476.0481376319822; 
6, -477.72008552642; 
6, -479.0310328467317; 
7, -478.7101593928578; 
5, -484.03310392134836; 
6, -479.0726642208947; 
6, -482.3993904842846; 
8, -477.5188126190151; 
10, -476.46317513127724; 
9, -477.9371063196086; 
12, -476.04813763199854; 
10, -476.04813763199854; 
7, -477.2400578654824; 
13, -476.04813763199763; 
14, -476.04813763199854; 
16, -435.7702652525404; 
16, -412.53233755121255; 
16, -458.42407511396596; 
11, -476.46317513127724; 
9, -478.18059071678726; 
10, -476.7851032261642; 
10, -476.123325128392; 
10, -476.87821263055594; 
7, -481.72418638855015; 
9, -477.3505157182299; 
11, -476.04813763199854; 
9, -477.6903657211151; 
11, -476.04813763199854; 
12, -476.04813763199854; 
9, -480.484596903676; 
9, -477.33096570957423; 
10, -476.123325128392; 
10, -478.0302157240003; 
7, -479.13285621404793; 
10, -476.5204407196725; 
11, -478.123325128392; 
13, -476.63310013271985; 
11, -476.04813763199854; 
10, -476.87821263055594; 
9, -479.4436251226216; 
11, -476.04813763199854; 
11, -476.87821263055594; 
11, -476.46317513127724; 
9, -477.2003843885286; 
11, -476.87821263055594; 
10, -477.2753282218364; 
11, -477.29325012983463; 
11, -476.04813763199854; 
11, -476.46317513127724; 
9, -479.38985939862687; 
12, -476.46317513127724; 
13, -476.04813763199854; 
16, -474.87821263055594; 
15, -476.04813763199854; 
16, -465.50089071101684; 
16, -462.63627020056447; 
9, -482.91592821029553; 
12, -476.46317513127724; 
13, -476.04813763199854; 
16, -451.12519689213514; 
13, -476.63310013271985; 
16, -472.5383626276707; 
16, -458.1203987236331; 
7, -480.44571808253386; 
8, -477.2823279506374; 
7, -478.0265644747815; 
16, -452.3747777613826; 
11, -477.27053005267953; 
16, -470.19851262415614; 
16, -476.2996763983392; 
11, -476.4631751306151; 
16, -467.0638304409513; 
16, -468.68873761985014; 
12, -476.78510322550574; 
11, -476.4631751306151; 
15, -474.93068004980887; 
16, -476.0481376313328; 
9, -480.2378563046077; 
10, -478.52044071904675; 
16, -463.82119070469344; 
16, -462.82119070469344; 
16, -454.20168269205897; 
16, -461.1610407075641; 
16, -471.36843762559147; 
16, -439.97473576541233; 
16, -468.5956282154584; 
16, -425.5247852445027; 
16, -437.1933571211266; 
16, -476.20014072478807; 
16, -401.78874743529013; 
16, -407.50784201916395; 
6, -483.728556499409; 
12, -476.0481376313328; 
16, -470.68873761985014; 
15, -477.87821262989746; 
16, -456.2487509456987; 
16, -474.39278580273094; 
9, -480.5025188110667; 
7, -480.4199551382335; 
14, -476.0481376313328; 
8, -477.7977268532268; 
7, -482.00979809329874; 
10, -477.6579442427901; 
11, -476.4631751306151; 
11, -476.5383626270268; 
7, -485.85848244511; 
11, -476.12332512774447; 
14, -476.0481376313328; 
8, -484.27590168102324; 
12, -476.0481376313328; 
10, -478.12332512774447; 
7, -480.1367048056418; 
7, -477.8886469723584; 
16, -465.1037751191325; 
16, -446.04195502540097; 
16, -467.9354782183291; 
11, -476.87821262989746; 
9, -477.86216248577693; 
16, -476.0481376313328; 
9, -479.7280813003017; 
16, -476.0481376313328; 
7, -480.8993110545489; 
16, -470.19851262415614; 
7, -484.97057160376426; 
10, -476.9354782183291; 
11, -476.4631751306151; 
9, -479.82281880532537; 
7, -495.5008298883986; 
8, -480.12249168330163; 
12, -476.87821262989746; 
9, -479.0090376141088; 
10, -477.7834751248738; 
9, -478.0909811762758; 
10, -476.9354782183291; 
12, -476.4631751306151; 
7, -481.5588593224966; 
10, -476.5383626270268; 
16, -469.028587623965; 
16, -469.44362512324005; 
16, -452.27687018958386; 
16, -456.34433311263274; 
16, -445.6820590813586; 
11, -476.46317513193935; 
16, -451.64963760366663; 
1, -399.49732222384773; 
1, -385.76549164879543; 
1, -386.9894438133415; 
1, -388.8216044091241; 
16, -426.8377281760768; 
16, -460.3316630165791; 
14, -476.0481376326643; 
10, -476.994371908615; 
8, -478.8336481959268; 
14, -476.0481376326643; 
16, -466.68873762106523; 
12, -476.46317513193935; 
14, -476.0481376326643; 
10, -477.27532822247304; 
11, -476.8782126312144; 
8, -481.10208176795277; 
10, -477.3505157188483; 
13, -476.0481376326643; 
8, -478.7635300692491; 
9, -478.2528518089239; 
10, -478.7834751261398; 
9, -481.72808130140766; 
9, -476.10084871549043; 
12, -476.0481376326643; 
12, -476.46317513193935; 
8, -489.4972205313825; 
9, -479.4586206264066; 
13, -476.0481376326643; 
10, -477.6903657217481; 
12, -476.0481376326643; 
14, -476.0481376326643; 
14, -476.0481376326643; 
13, -476.46317513193935; 
12, -476.46317513193935; 
16, -466.34888761816546; 
16, -454.2346001043916; 
12, -476.0481376326643; 
11, -477.7082876297645; 
8, -479.9200015346287; 
14, -476.0481376326643; 
13, -477.7485773508088; 
13, -476.0481376326643; 
10, -477.01066571594856; 
13, -476.0481376326643; 
9, -477.9962436722417; 
14, -476.0481376326643; 
12, -476.46317513193935; 
8, -480.01856870054326; 
16, -465.51881261961535; 
8, -485.8611439739325; 
13, -476.0481376326643; 
16, -425.4773552281986; 
16, -427.142440424941; 
11, -478.03021572464786; 
9, -479.8963782021747; 
9, -477.8768281934754; 
12, -476.46317513193935; 
7, -495.1266779226862; 
11, -476.1985126254149; 
11, -476.4452532239229; 
11, -476.53836262831464; 
15, -476.0481376326643; 
11, -478.53836262831464; 
8, -480.31107924855314; 
8, -478.33680302486755; 
7, -486.91216882570006; 
8, -480.4342071975552; 
9, -483.0380638479255; 
9, -477.35075938179216; 
16, -475.63310013338923; 
10, -476.40940940789005; 
9, -483.99144550376514; 
10, -477.01066571594856; 
9, -478.6906093846919; 
11, -477.29325013048947; 
16, -443.04675319492526; 
7, -493.7550547672581; 
16, -459.66918761236593; 
16, -467.8586626225151; 
11, -477.29325013048947; 
16, -476.0481376326643; 
16, -429.69085304763576; 
16, -416.56766650333884; 
16, -444.8016406971001; 
12, -477.0481376326643; 
13, -476.0481376326643; 
16, -471.7834751261398; 
1, -353.7013014940312; 
1, -358.3305956438853; 
4, -364.2189748765086; 
1, -354.05605039172224; 
16, -462.8276169749588; 
1, -390.9461854194087; 
1, -374.1712535264378; 
16, -465.28271054153447; 
1, -365.71079121131334; 
16, -463.0733304705209; 
16, -388.4188089289819; 
16, -467.5760782079742; 
14, -476.46317513193935; 
14, -476.0481376326643; 
9, -477.40485490235733; 
15, -476.0481376326643; 
11, -477.7834751261398; 
9, -478.6726874766755; 
16, -453.2404752618604; 
16, -470.1876179842948; 
12, -476.46317513193935; 
13, -476.0481376326643; 
15, -477.2705300539965; 
16, -464.038784958655; 
12, -476.46317513193935; 
13, -476.0481376326643; 
10, -478.7460032094241; 
12, -476.0481376326643; 
15, -475.63310013338923; 
16, -368.116448936722; 
16, -459.51144030973956; 
8, -485.89254188495397; 
13, -476.0481376326643; 
10, -476.8407407144987; 
16, -456.9792902718764; 
16, -462.1431188006827; 
10, -476.9143001101911; 
10, -477.893208134381; 
12, -476.7851032268227; 
8, -485.28980114623846; 
12, -476.46317513193935; 
9, -477.19434651169286; 
7, -476.70898219743685; 
8, -478.05950276815565; 
10, -477.40135503804777; 
9, -481.3037497234327; 
14, -476.0481376326643; 
16, -438.69773296033964; 
16, -457.4634187949123; 
16, -455.70853129273746; 
10, -481.05422035341326; 
16, -469.028587623965; 
16, -476.0481376326643; 
16, -474.8782126312144; 
11, -477.29325013048947; 
16, -435.52524906391045; 
16, -461.8391126138158; 
9, -482.70853129270836; 
10, -480.44362512324005; 
11, -477.2001407261123; 
16, -474.1233251290396; 
16, -444.1502495967725; 
12, -476.46317513193935; 
16, -476.3700657275622; 
13, -476.46317513193935; 
10, -482.2557782137883; 
10, -478.78054872131906; 
13, -476.0481376326643; 
13, -476.0481376326643; 
10, -483.80489689850947; 
14, -476.0481376326643; 
9, -478.20532711507985; 
16, -476.0481376326643; 
11, -476.53836262831464; 
9, -478.53730798716424; 
8, -480.2607635494205; 
8, -482.8808978981979; 
13, -476.0481376326643; 
7, -478.5136812090059; 
16, -472.53836262831464; 
16, -440.93409378186334; 
1, -371.73490714951186; 
13, -476.0481376326643; 
11, -476.53836262831464; 
9, -486.39206095944974; 
16, -474.8782126312144; 
16, -368.9552660236659; 
16, -465.51881261961535; 
16, -436.0497012363048; 
16, -433.39517078877543; 
16, -436.36863819436985; 
11, -477.29325013048947; 
10, -479.0679313043365; 
13, -476.46317513193935; 
16, -472.53836262831464; 
13, -476.0481376326643; 
16, -444.5524273372139; 
16, -447.5910737111699; 
16, -459.5918760818313; 
9, -484.4368190524401; 
15, -476.3700657275622; 
13, -476.0481376326643; 
14, -476.0481376326643; 
16, -451.79684252862353; 
10, -476.8817124955822; 
9, -476.9827560419799; 
8, -486.17510751710506; 
16, -474.0481376326643; 
16, -397.3332240623422; 
16, -472.30132343102014; 
16, -458.8861808674992; 
16, -461.2541501130909; 
16, -405.1581049518718; 
1, -357.62969201359374; 
16, -412.5766024168988; 
16, -463.10110098600853; 
16, -386.42810001812177; 
16, -360.86604119229014; 
16, -389.61334539038944; 
16, -401.57255288306624; 
16, -463.80211789763416; 
16, -455.142517803004; 
10, -479.2557782137883; 
12, -476.78510322683724; 
16, -412.5421440169448; 
16, -370.5642636095581; 
1, -343.2801682645222; 
8, -478.89011141384253; 
8, -481.21700133691775; 
11, -478.1233251290396; 
13, -476.46317513193935; 
11, -477.36843762686476; 
9, -477.051881160005; 
10, -476.50089071161347; 
14, -476.0481376326643; 
9, -481.3968005325296; 
8, -486.6620647671807; 
16, -405.40981060027843; 
16, -386.25337774158106; 
8, -478.35422842382104; 
12, -477.59245814889437; 
9, -481.7123609536502; 
15, -476.46317513193935; 
12, -477.1070313217351; 
12, -476.46317513193935; 
13, -476.0481376326643; 
9, -481.5588186600944; 
16, -469.8586626225151; 
16, -453.1391408139316; 
16, -464.34888761816546; 
9, -478.51139030471677; 
16, -461.2541501130909; 
16, -463.1789626167156; 
13, -476.0481376326643; 
13, -476.78510322683724; 
15, -476.0481376326643; 
13, -476.46317513193935; 
10, -477.6186780897551; 
11, -478.44525322393747; 
11, -478.1233251290396; 
12, -476.46317513193935; 
14, -476.0481376326643; 
15, -476.0481376326643; 
10, -479.4077813072363; 
13, -476.0481376326643; 
12, -476.78510322683724; 
12, -478.1233251290396; 
11, -476.9534001275897; 
16, -476.0481376326643; 
13, -476.0481376326643; 
16, -470.56573906724225; 
11, -476.84236881521065; 
10, -480.72808130143676; 
13, -476.0481376326643; 
10, -480.8163925373228; 
10, -476.8391126138158; 
11, -477.9338501188904; 
9, -481.34979087428655; 
16, -471.7834751261398; 
16, -438.91454377316404; 
2, -408.76666326925624; 
1, -417.5840599614603; 
2, -437.5864956608857; 
2, -418.7311402808991; 
16, -463.64646753587294; 
1, -432.6342379486887; 
2, -402.9460940474819; 
1, -411.2944277575589; 
1, -403.35608904558467; 
1, -413.38712510227924; 
1, -415.1209737341269; 
1, -412.16178154715453; 
1, -417.15454356221016; 
2, -416.11244503967464; 
1, -423.16459941782523; 
1, -402.6284722983837; 
1, -412.4316568830982; 
1, -420.8212434265879; 
1, -399.1382904323109; 
1, -390.70049728636513; 
1, -401.5334411499789; 
1, -404.41171459449106; 
1, -409.8069756368059; 
1, -410.37795170690515; 
1, -397.5538791763829; 
1, -407.9707560337847; 
1, -403.1715796427452; 
1, -405.3653085270489; 
1, -393.1495561800548; 
1, -398.4045292789524; 
1, -403.8377673480718; 
1, -400.381128864974; 
1, -385.3298088500451; 
1, -410.80662413072423; 
1, -399.4766661686881; 
1, -400.27924974579946; 
16, -470.9063318739063; 
16, -470.9354782195878; 
13, -478.1006050525466; 
16, -463.1610407087137; 
16, -452.5386062912876; 
16, -390.60887555370573; 
16, -445.28097105165944; 
10, -478.10727498470806; 
8, -483.1718711886497; 
9, -477.59115123719675; 
11, -479.2574063144857; 
12, -476.1233251290396; 
9, -484.68131530616665; 
9, -477.5424359521712; 
12, -476.8782126312144; 
9, -487.61575168493437; 
9, -484.0342890485772; 
16, -463.34888761816546; 
11, -476.53836262831464; 
16, -469.76555321813794; 
16, -459.0268544590508; 
13, -476.0481376326643; 
10, -477.20201248975354; 
9, -484.32484169938834; 
12, -476.1233251290396; 
11, -477.2753282224876; 
10, -479.99274380793213; 
8, -487.1102207592048; 
13, -476.46317513193935; 
16, -451.26984292268753; 
16, -418.38006353066885; 
8, -487.7288852701604; 
9, -483.0393584181729; 
12, -477.0481376326643; 
16, -392.71031692277757; 
16, -455.6817103541689; 
10, -478.2199343977845; 
10, -481.8037649289763; 
16, -444.37194111029385; 
1, -375.0118293953419; 
16, -446.6680187325692; 
11, -476.61355012468994; 
16, -468.59562821668806; 
10, -477.7626223815023; 
9, -485.54723412072053; 
11, -477.028587623965; 
9, -477.7679984413553; 
13, -476.46317513193935; 
9, -481.2384297653334; 
11, -479.36843762686476; 
12, -476.46317513193935; 
10, -476.63334379636217; 
14, -475.63310013338923; 
12, -476.1233251290396; 
10, -481.82281880651135; 
9, -486.8905064619321; 
14, -476.0481376326643; 
11, -478.52044072031276; 
9, -478.2883158233308; 
1, -367.43306735082297; 
16, -425.56482728087576; 
16, -476.0481376326643; 
9, -484.0416461120476; 
15, -476.0481376326643; 
9, -477.0547423133976; 
14, -476.0481376326643; 
12, -477.7082876297645; 
10, -480.65289380506147; 
11, -476.61355012468994; 
12, -476.8782126312144; 
11, -479.76555321813794; 
16, -474.46317513193935; 
16, -413.58648723876104; 
16, -465.12169702834217; 
16, -402.60913346221787; 
16, -453.81041130406084; 
16, -472.86029072321253; 
16, -369.9680125961604; 
16, -465.3841304364614; 
16, -422.511387792154; 
16, -473.8782126312144; 
8, -480.07039740961045; 
8, -493.991931245022; 
10, -477.4650468956097; 
16, -425.56267753249267; 
16, -432.1870147070731; 
12, -477.29325013048947; 
16, -456.76085857884027; 
16, -408.3350418257469; 
9, -483.7485343684384; 
16, -451.4175016391091; 
16, -447.5440054574865; 
16, -459.6346421004855; 
9, -482.72898455755785; 
11, -477.4077813072363; 
10, -480.2378563057864; 
15, -476.0481376326643; 
16, -458.72165503224824; 
16, -405.65480103128357; 
14, -476.0481376326643; 
14, -476.0481376326643; 
16, -414.8980773384392; 
16, -384.27743783337064; 
16, -452.7056927946396; 
16, -389.8608713858994; 
16, -470.180590717413; 
16, -467.51881261961535; 
16, -416.2203597026237; 
9, -489.2874559162592; 
9, -483.44064871338196; 
12, -476.29325013048947; 
10, -482.89800630285754; 
12, -477.61517822538735; 
16, -457.08210107748164; 
1, -359.0164952867781; 
16, -477.8782126312144; 
16, -451.9045246001624; 
14, -471.69036572176265; 
13, -476.0481376326643; 
12, -477.29325013048947; 
11, -477.76555321813794; 
11, -478.69036572176265; 
9, -480.44672993957647; 
16, -444.44224068551557; 
16, -390.6404344828625; 
15, -476.78510322683724; 
10, -478.40897101088194; 
12, -476.8782126312144; 
9, -496.07770636992063; 
11, -478.27370012179017; 
9, -481.46465184757835; 
14, -476.0481376326643; 
16, -439.0255750855431; 
16, -442.195500086993; 
6, -367.45875969922054; 
6, -384.67854347100365; 
11, -477.3505157188629; 
9, -481.75137483747676; 
16, -443.7052750913426; 
16, -421.64254338125465; 
16, -431.45831162732793; 
8, -494.586257652496; 
14, -476.0481376326643; 
11, -478.0981285572052; 
16, -477.2705300539965; 
16, -404.04583924647886; 
16, -476.0481376326643; 
10, -481.12682499337825; 
13, -476.0481376326643; 
15, -476.0481376326643; 
16, -435.59098757756874; 
16, -391.6484968289151; 
9, -483.5984033594432; 
8, -489.26591029707924; 
13, -476.78510322683724; 
16, -452.96721150458325; 
11, -477.52044072031276; 
15, -476.0481376326643; 
10, -476.6106237198692; 
10, -479.66354104925995; 
8, -489.9181506532186; 
10, -480.1805907173839; 
12, -478.29325013048947; 
16, -473.2526081459946; 
16, -438.4484426123672; 
16, -432.3772141903173; 
12, -476.53836262831464; 
10, -480.604256046121; 
13, -476.0481376326643; 
11, -476.61355012468994; 
16, -476.4791166757932; 
13, -476.0481376326643; 
14, -476.0481376326643; 
14, -476.0481376326643; 
10, -483.7117874941323; 
16, -407.5251447292976; 
12, -477.2753282224876; 
9, -483.56101745337946; 
10, -478.97319379926194; 
13, -476.46317513193935; 
16, -386.2433765492751; 
16, -363.8552564618294; 
9, -483.84508523956174; 
14, -476.0481376326643; 
10, -478.4061532065389; 
12, -477.5648348396644; 
10, -477.2153329807916; 
16, -476.0481376326643; 
16, -451.28166835807497; 
12, -476.46317513193935; 
11, -479.3277956423699; 
10, -479.50439057598123; 
15, -476.0481376326643; 
10, -476.69403172301827; 
11, -476.27370012179017; 
12, -476.51564255182166; 
11, -477.3505157188629; 
9, -476.7455030971323; 
13, -476.46317513193935; 
16, -469.0106657159631; 
10, -475.8263186708791; 
14, -476.0481376326643; 
16, -403.14539471501485; 
1, -357.41506515911897; 
16, -408.48396667052293; 
11, -478.68873762106523; 
9, -481.73907435080037; 
15, -476.0481376326643; 
16, -447.8995971388067; 
9, -477.31331196636893; 
12, -478.1054032210377; 
16, -468.67304481146857; 
16, -405.26137267879676; 
11, -479.69036572176265; 
16, -449.2755718854605; 
8, -488.20415755413705; 
10, -480.4454968869104; 
14, -476.0481376326643; 
9, -479.62087964999955; 
16, -471.36843762686476; 
16, -473.7834751261398; 
16, -471.7834751261398; 
16, -446.76416878041346; 
9, -477.92708739714; 
10, -481.5581562999869; 
11, -477.44362512324005; 
16, -466.0858532123384; 
16, -457.37640586314956; 
13, -476.8782126312144; 
10, -476.70853129273746; 
12, -476.1233251290396; 
10, -476.2934937934624; 
16, -474.8782126312144; 
16, -458.1594126080163; 
16, -476.3700657275622; 
16, -456.64106836967403; 
11, -477.79847062932095; 
16, -419.3911680264864; 
16, -438.92184093786636; 
1, -362.2263750798302; 
16, -466.0333857924561; 
9, -488.85826757451287; 
15, -476.0481376326643; 
16, -470.52044072031276; 
1, -360.4039028346597; 
16, -380.2394456201; 
16, -457.5354362234939; 
16, -460.4974683733308; 
16, -382.70730075781466; 
1, -361.4827394178719; 
12, -477.7082876297645; 
9, -483.9673995850608; 
10, -478.95527189126005; 
9, -483.4623641537619; 
13, -476.46317513193935; 
16, -439.1380540179671; 
16, -474.53836262831464; 
16, -464.42090504674707; 
16, -435.8697250232799; 
16, -466.7867158362642; 
8, -480.02017275209073; 
10, -480.8817124955822; 
10, -480.1431188007118; 
12, -476.1233251290396; 
16, -438.0208418404218; 
15, -476.78510322683724; 
14, -476.0481376326643; 
13, -476.8782126312144; 
9, -482.13928248378215; 
11, -476.61355012468994; 
16, -474.8782126312144; 
16, -476.0481376326643; 
1, -361.82443185627926; 
1, -366.9850787683972; 
13, -476.0481376326643; 
1, -364.0752219981514; 
16, -455.39909012260614; 
16, -439.0870565866353; 
12, -476.8782126312144; 
2, -371.28812484635273; 
16, -410.02947549446253; 
16, -469.7834751261398; 
15, -477.3700657275622; 
16, -460.77575055282796; 
16, -365.70714884472545; 
9, -480.2937394079636; 
9, -482.7210549270385; 
15, -476.0481376326643; 
9, -482.35205102997134; 
16, -413.37487959931605; 
16, -449.44739618874155; 
10, -479.9031342679518; 
9, -481.322741222335; 
10, -477.6726874767337; 
16, -473.2753282224876; 
16, -473.7082876297645; 
16, -428.4162222656305; 
16, -389.72851073992206; 
15, -476.0481376326643; 
16, -409.8063240526244; 
16, -448.99756090709707; 
16, -472.44525322393747; 
16, -476.46317513193935; 
13, -476.8782126312144; 
16, -476.0481376326643; 
12, -476.1233251290396; 
12, -477.7082876297645; 
13, -476.46317513193935; 
11, -476.5549862321932; 
9, -483.2849215225433; 
10, -476.7333754033898; 
10, -480.33609367522877; 
8, -476.66444472043077; 
13, -476.46317513193935; 
10, -477.73569727427093; 
8, -482.98555670375936; 
13, -476.46317513193935; 
10, -477.97471051075263; 
14, -476.0481376326643; 
10, -476.07272947282763; 
8, -477.06284767232137; 
10, -477.72808130143676; 
11, -477.9585280926549; 
1, -365.1271649366827; 
16, -373.76812540355604; 
11, -478.14474690140923; 
10, -477.8420938801137; 
10, -480.13653444236843; 
13, -476.46317513193935; 
14, -476.0481376326643; 
14, -476.3700657275622; 
16, -411.6852328334353; 
16, -419.47756382165244; 
10, -478.97255870728986; 
11, -477.028587623965; 
10, -478.73483736719936; 
9, -478.3302183987107; 
11, -479.028587623965; 
13, -476.3700657275622; 
9, -487.9690276857582; 
11, -477.16429691010853; 
9, -478.78637742990395; 
9, -483.40705646265997; 
13, -476.46317513193935; 
10, -479.69093918130966; 
9, -478.64359972649254; 
10, -476.2183062970871; 
12, -477.29325013048947; 
16, -473.7082876297645; 
15, -476.0481376326643; 
10, -479.5386062912876; 
10, -476.54210615565535; 
10, -478.3575154475984; 
16, -434.2338894792483; 
16, -374.9403902986087; 
9, -486.4891436948092; 
11, -477.12451483268524; 
9, -482.7387921512709; 
14, -476.0481376326643; 
10, -480.16454057308147; 
16, -464.89963440358406; 
16, -464.8910841002362; 
12, -477.29325013048947; 
11, -476.59562821668806; 
11, -476.91755631158594; 
15, -476.0481376326643; 
11, -479.44362512324005; 
16, -476.0481376326643; 
12, -476.8782126312144; 
10, -478.10043030808447; 
8, -483.77225056343013; 
10, -479.9421481517493; 
9, -480.81435045797843; 
8, -480.28510832058964; 
11, -476.9354782195878; 
10, -481.50122050818754; 
11, -477.9338501188904; 
13, -477.2001407261123; 
16, -473.7082876297645; 
9, -480.43653260491556; 
13, -476.46317513193935; 
9, -476.35551983705955; 
10, -478.2055123541504; 
10, -480.03558735270053; 
10, -483.8967079987633; 
16, -476.0481376326643; 
12, -477.7834751261398; 
10, -479.595871879661; 
11, -477.80831923679216; 
13, -477.68556755327154; 
12, -476.9534001275897; 
13, -476.8782126312144; 
10, -480.5537183449487; 
9, -480.6735530195874; 
11, -476.99274380796123; 
12, -476.44525322393747; 
9, -478.6303332094685; 
10, -478.051881160005; 
10, -477.2628552375245; 
8, -486.57132896996336; 
16, -476.0481376326643; 
14, -476.0481376326643; 
15, -476.46317513193935; 
10, -478.3593096851837; 
12, -477.7082876297645; 
9, -482.93153330218047; 
16, -474.8782126312144; 
16, -372.45015638141194; 
16, -368.9087325586006; 
16, -380.585784330382; 
16, -451.55745002499316; 
9, -487.56070853897836; 
9, -479.2450430535828; 
16, -457.98835929011693; 
16, -379.8207460871199; 
16, -476.0481376326643; 
2, -360.9394932569121; 
16, -418.68016853777226; 
16, -431.292829920887; 
16, -444.59651725011645; 
16, -467.76555321813794; 
14, -476.0481376326643; 
9, -481.6887309650774; 
10, -480.25927807815606; 
13, -476.46317513193935; 
14, -476.0481376326643; 
11, -477.9159282108885; 
16, -416.8549535248312; 
16, -410.32539326522965; 
15, -476.78510322683724; 
10, -481.6743155774311; 
12, -476.8782126312144; 
16, -476.0481376326643; 
16, -429.4611466010683; 
14, -476.46317513193935; 
16, -359.39509592129616; 
1, -359.3035937877721; 
1, -360.5355732279713; 
16, -438.5798980462132; 
12, -477.29325013048947; 
13, -476.46317513193935; 
12, -476.1233251290396; 
12, -476.86029072321253; 
13, -476.1233251290396; 
11, -480.1054032210377; 
10, -479.0714311687043; 
9, -480.9200376633671; 
10, -477.5223124839831; 
11, -477.6545219057589; 
12, -477.36843762686476; 
8, -491.33577548060566; 
11, -477.2928976693074; 
9, -476.5297704329132; 
9, -478.333740729955; 
13, -476.0481376326643; 
14, -476.78510322683724; 
15, -475.29325013048947; 
12, -476.8782126312144; 
16, -432.46051215793705; 
1, -359.066433703294; 
16, -467.82786924549146; 
16, -377.35740493255435; 
11, -478.1054032210377; 
11, -478.76555321813794; 
1, -358.4619575095712; 
1, -357.8029595387634; 
14, -476.0481376326643; 
12, -477.7082876297645; 
11, -478.180590717413; 
9, -480.779552675609; 
11, -476.67081571306335; 
13, -476.46317513193935; 
12, -477.36843762686476; 
13, -476.46317513193935; 
12, -476.8782126312144; 
12, -476.59083004819695; 
16, -476.0481376326643; 
11, -480.81964873871766; 
11, -478.50089071161347; 
12, -476.53836262831464; 
10, -476.7972027420765; 
16, -448.65640846680617; 
16, -453.86519514088286; 
10, -480.1918114211294; 
10, -477.1222704878892; 
9, -479.87540604249807; 
10, -477.90337793092476; 
13, -477.46317513193935; 
11, -481.8586626225151; 
12, -476.86029072321253; 
12, -477.61517822538735; 
16, -421.1526465464267; 
16, -364.8221340980381; 
16, -450.14684270170983; 
10, -480.5088364810217; 
9, -478.5997601360432; 
1, -364.18097174423747; 
16, -378.886133439024; 
16, -368.51453281519935; 
1, -357.56553526048083; 
16, -395.65368098102044; 
16, -399.2131692796829; 
16, -454.61769018834457; 
9, -482.43319966323907; 
10, -482.20201248978265; 
10, -485.4327029439737; 
16, -476.0481376326643; 
10, -483.1466186650796; 
9, -484.871174974367; 
11, -477.50089071161347; 
12, -476.8782126312144; 
9, -479.79356074059615; 
13, -476.8782126312144; 
11, -476.68873762106523; 
8, -481.74752696621; 
9, -483.917052663106; 
10, -477.844240578881; 
16, -474.8782126312144; 
12, -476.86029072321253; 
15, -456.72273801174015; 
16, -409.52847483364167; 
1, -368.15819896315224; 
12, -478.1233251290396; 
16, -462.03666092449566; 
15, -476.0481376326643; 
11, -479.5025188123109; 
11, -479.8586626225151; 
9, -491.0409365138039; 
1, -366.50821608805563; 
1, -370.6209037913359; 
12, -476.8782126312144; 
11, -482.57607820798876; 
9, -479.9843529855134; 
16, -447.9377022467088; 
16, -441.67280047998065; 
10, -476.98215142526897; 
11, -478.50089071161347; 
11, -478.3309657101636; 
15, -476.0481376326643; 
11, -478.3309657101636; 
16, -447.56184767175; 
16, -455.4133703444968; 
16, -464.68531528278254; 
16, -404.70554403966526; 
16, -432.9249682778609; 
14, -476.0481376326643; 
10, -480.47204662434524; 
11, -479.028587623965; 
13, -476.46317513193935; 
16, -422.2756298746099; 
16, -449.67556983663235; 
16, -444.36784031341085; 
1, -363.07215160818305; 
16, -386.6733422787511; 
12, -477.2753282224876; 
13, -476.86029072321253; 
11, -478.1626688094111; 
16, -469.76555321813794; 
2, -359.34477976948256; 
16, -434.0392402014695; 
16, -371.9686146413442; 
16, -417.9901859544334; 
16, -400.97610862896545; 
16, -440.76240054593654; 
11, -477.3146719028591; 
16, -466.91525109438226; 
11, -476.1626688094111; 
16, -461.2087099601049; 
16, -411.33200146991294; 
16, -447.0685529538314; 
10, -480.86729045194807; 
13, -476.46317513193935; 
1, -371.2537452629185; 
1, -369.4303161468124; 
16, -388.7868438392179; 
16, -394.41450311878; 
16, -423.45090327359503; 
16, -452.8760024634539; 
16, -476.3700657275622; 
14, -459.83917698747246; 
15, -470.42013061168836; 
16, -369.0072317023878; 
16, -358.32212090078974; 
1, -369.6519038112019; 
1, -362.87768016703194; 
16, -375.87440627103206; 
16, -474.0302157246624; 
16, -379.7278069513268; 
15, -475.67244381376076; 
9, -481.877731449611; 
12, -478.0302157246624; 
11, -480.91755631158594; 
10, -477.9411796442; 
10, -484.65159550093813; 
1, -371.3077277603443; 
16, -390.64707837847527; 
16, -380.80142937076744; 
16, -446.743645835435; 
16, -458.8346746021416; 
14, -478.1006050525466; 
16, -470.2753282224876; 
16, -473.3132960726507; 
16, -417.2186499577365; 
16, -381.45217604836216; 
10, -476.570487731311; 
13, -476.46317513193935; 
9, -484.241290918726; 
8, -485.9279121872387; 
11, -476.91755631158594; 
10, -481.5974999803584; 
16, -419.12264138582395; 
16, -400.6994603294879; 
16, -439.6898003240931; 
16, -465.1077648514183; 
16, -437.10901878244476; 
14, -476.0481376326643; 
13, -476.9534001275897; 
16, -474.53836262831464; 
1, -361.04348726634635; 
16, -370.1491233339184; 
1, -360.87744369747816; 
11, -476.5597844006843; 
10, -480.3754373556003; 
1, -358.532851177617; 
16, -421.55132252018666; 
16, -386.9238422419294; 
1, -356.52710227959324; 
16, -376.0569422345143; 
8, -487.59967975574546; 
10, -476.7232331279083; 
13, -476.86029072321253; 
12, -476.1233251290396; 
12, -476.9929284917307; 
16, -468.27370012179017; 
11, -480.15787064092; 
10, -477.1628900055075; 
10, -482.8468920486048; 
16, -476.0481376326643; 
11, -479.1610407087137; 
9, -479.75782198883826; 
14, -476.0481376326643; 
9, -480.39939048478846; 
9, -482.7663326273905; 
14, -476.3700657275622; 
9, -488.4769732164568; 
10, -477.80839676287724; 
15, -476.0481376326643; 
15, -476.0481376326643; 
11, -477.5581562999869; 
11, -481.0090376152657; 
9, -480.6922308294452; 
10, -479.0061698058853; 
15, -476.5600366711733; 
16, -359.80741407873575; 
16, -416.15209697320824; 
10, -480.3754373556003; 
11, -478.91755631158594; 
16, -404.4917323580012; 
16, -375.8241757269134; 
16, -384.548369234486; 
16, -409.96541631181026; 
16, -459.84506188018713; 
2, -362.94401599949924; 
16, -407.20526939531555; 
10, -482.65639366942924; 
10, -483.9783217643271; 
11, -477.0106657159631; 
12, -480.1261401446536; 
9, -477.83498930669157; 
12, -476.44525322393747; 
14, -476.0481376326643; 
14, -476.0481376326643; 
16, -473.36843762686476; 
16, -472.53836262831464; 
12, -476.53836262831464; 
1, -367.8184822125477; 
16, -386.2988691223436; 
12, -480.51564255182166; 
11, -478.57607820798876; 
10, -481.0475044991472; 
10, -479.56841223011725; 
1, -360.07255327538587; 
1, -362.0599295810098; 
14, -476.0481376326643; 
10, -480.9862675337354; 
16, -452.5663768067607; 
16, -386.7172850066563; 
1, -363.3839229438454; 
16, -384.21788414818; 
16, -474.46317513193935; 
16, -358.8406234954018; 
16, -408.91677302872995; 
16, -458.51718451891793; 
16, -472.44525322393747; 
1, -363.21271494642133; 
15, -438.23871047387365; 
9, -484.33139285596553; 
16, -456.3550257241586; 
1, -360.87113580241567; 
16, -473.31597020698246; 
16, -395.56037684425246; 
16, -388.70938067056704; 
11, -476.82281880651135; 
1, -360.86061644466827; 
16, -364.2392034874647; 
16, -425.77244607935427; 
1, -357.9226758176228; 
16, -460.47263501939597; 
16, -394.3925188626745; 
1, -352.82037808175664; 
12, -478.29325013048947; 
8, -477.9028433508356; 
10, -479.7254846931901; 
16, -465.28675983130233; 
16, -365.25278644950595; 
1, -355.7142530984711; 
16, -460.5710886445595; 
16, -363.8301774339634; 
1, -353.29708860628307; 
16, -363.6801180872135; 
1, -368.13335295475554; 
1, -355.2964307087241; 
1, -360.0916810601484; 
1, -361.7746086369152; 
16, -437.89707966602873; 
14, -476.0481376326643; 
10, -485.53926588443574; 
9, -482.4281449022237; 
14, -476.0481376326643; 
15, -476.0481376326643; 
12, -476.53836262831464; 
12, -476.9534001275897; 
10, -484.3933592636022; 
13, -476.8782126312144; 
10, -480.94247794832336; 
12, -477.29325013048947; 
13, -476.46317513193935; 
11, -477.44362512324005; 
12, -476.1233251290396; 
12, -477.028587623965; 
11, -478.59400011599064; 
14, -476.0481376326643; 
16, -408.33153317007236; 
1, -365.1817309357575; 
16, -454.515649772482; 
12, -478.3376442498411; 
10, -483.76841799059184; 
16, -473.7082876297645; 
16, -450.0937575013377; 
16, -467.6013571792282; 
10, -478.6659675395349; 
13, -476.46317513193935; 
16, -431.00468273856677; 
16, -466.04719159193337; 
10, -479.86053438618546; 
1, -358.31747133575846; 
1, -362.2008736494463; 
16, -428.80680141446646; 
16, -428.5403525357833; 
1, -358.6184430773137; 
10, -483.1836710325442; 
16, -464.1335224637296; 
16, -405.9068419706309; 
9, -482.3908060872345; 
9, -486.300844200945; 
13, -476.46317513193935; 
14, -476.0481376326643; 
10, -483.40965307090664; 
11, -477.1037751203403; 
16, -454.40615320648067; 
1, -360.00623459840426; 
16, -373.592423391412; 
1, -360.2781238332973; 
1, -364.5737339463667; 
12, -478.44525322387926; 
10, -477.333167270408; 
12, -477.005867547472; 
16, -441.17611351190135; 
16, -467.50221065222286; 
13, -476.46317513193935; 
11, -479.0858532122802; 
9, -485.4177983822301; 
11, -478.9354782195296; 
15, -476.29325013048947; 
13, -476.1233251290396; 
12, -476.9534001275897; 
16, -451.29503595805727; 
16, -383.8078797662165; 
9, -479.83105158794206; 
16, -422.8136951001361; 
16, -397.21916146564763; 
16, -474.8782126312144; 
10, -478.8474539947929; 
10, -483.30407951923553; 
10, -479.0176654441748; 
13, -476.46317513193935; 
16, -413.77605217916425; 
16, -407.32332076888997; 
16, -412.8513861588435; 
1, -359.7164141238318; 
1, -363.48669885727577; 
16, -394.7677261150675; 
16, -447.06861690059304; 
11, -480.1626688092947; 
14, -476.1006050525466; 
15, -476.0481376326643; 
11, -479.09277541481424; 
12, -476.53836262831464; 
10, -478.9558228830574; 
11, -477.4077813071199; 
13, -476.46317513193935; 
14, -476.0481376326643; 
10, -481.92651393671986; 
14, -476.46317513193935; 
14, -476.0481376326643; 
16, -390.36055256810505; 
16, -422.4271482916083; 
16, -448.1908022632124; 
16, -455.5912299286574; 
1, -352.23615047940984; 
1, -359.8968807978672; 
16, -454.2257552604424; 
16, -450.2263714236906; 
16, -476.37006572750397; 
10, -482.3101173971081; 
16, -469.7834751261398; 
11, -481.680994116934; 
10, -480.50427918636706; 
9, -480.64730655774474; 
16, -440.4023047629744; 
16, -419.1529934955761; 
1, -367.77979871211573; 
16, -468.9828131219838; 
14, -476.0481376326643; 
16, -463.1789626167156; 
13, -478.0302157246042; 
10, -477.9818216280546; 
10, -487.5127465635305; 
16, -416.5932546640979; 
16, -403.06750239175744; 
16, -403.98444251762703; 
1, -361.54205822001677; 
16, -454.96990481752437; 
10, -480.20454384572804; 
14, -477.46317513193935; 
11, -477.32933760946617; 
9, -484.39856285694987; 
9, -480.21051293448545; 
13, -476.8782126312144; 
12, -476.9354782195296; 
11, -479.0858532122802; 
10, -484.07915200758725; 
10, -479.2534252679907; 
11, -476.97482189978473; 
9, -478.2906153629301; 
12, -476.53836262831464; 
11, -479.44362512324005; 
11, -477.7443751087412; 
10, -482.0147390392376; 
11, -476.95689999172464; 
11, -477.19437766913325; 
9, -486.7731522435788; 
10, -488.01816137775313; 
16, -433.8949871256482; 
16, -428.49857194314245; 
10, -484.44127217750065; 
9, -479.8050186642213; 
1, -360.26090585422935; 
16, -383.9963145505171; 
15, -476.37006572750397; 
1, -363.8640548521071; 
1, -361.2612294682185; 
1, -359.59530483942945; 
16, -474.46317513193935; 
13, -476.0481376326643; 
9, -479.9400683573913; 
15, -476.0481376326643; 
11, -480.3731244059745; 
12, -476.53836262831464; 
10, -482.63717345672194; 
9, -479.92406468244735; 
16, -471.7834751261398; 
15, -476.93710632028524; 
16, -424.8612010248471; 
16, -422.69121578650083; 
16, -462.9057308761403; 
16, -371.8021111455746; 
16, -423.0264937042957; 
1, -353.15430830797413; 
16, -458.48134070285596; 
14, -476.46317513193935; 
12, -476.53836262831464; 
16, -393.54710316937417; 
9, -422.7192992179189; 
16, -454.1710284531582; 
14, -476.0481376326643; 
16, -458.9338501188904; 
1, -361.91768213250907; 
16, -416.5882374854991; 
16, -444.89439783792477; 
16, -389.5873769156169; 
2, -357.87010548921535; 
16, -414.42104664689396; 
14, -477.2001407260541; 
13, -476.46317513193935; 
10, -479.5718534986954; 
10, -479.4669186589308; 
16, -473.44525322387926; 
16, -396.4882819271879; 
1, -353.1703237260226; 
1, -357.23659949051216; 
16, -417.1292859382229; 
9, -479.2475535754347; 
11, -476.68873762106523; 
1, -364.85290867404547; 
16, -406.0785393100232; 
9, -485.32945542561356; 
11, -478.3325938107446; 
16, -385.01925670553464; 
16, -425.8435033316491; 
15, -476.0481376326643; 
13, -477.61517822532915; 
12, -478.0302157246042; 
10, -486.96235775284003; 
16, -463.5368304750882; 
10, -480.9801935274154; 
14, -476.0481376326643; 
14, -476.46317513193935; 
12, -477.69036572170444; 
16, -444.0817079253029; 
1, -361.94195232522907; 
16, -457.9967673749197; 
16, -460.8588676796062; 
1, -357.10771982430015; 
16, -424.4934134579962; 
12, -476.61355012468994; 
16, -455.5550259037409; 
16, -452.3622550206492; 
12, -476.1233251290396; 
15, -476.37006572750397; 
11, -476.9159282108303; 
15, -476.0481376326643; 
9, -481.57176577916835; 
14, -476.0481376326643; 
12, -478.6416504366789; 
11, -478.2199343976099; 
10, -486.0247513059294; 
14, -476.0481376326643; 
10, -478.9660237542121; 
10, -480.975453314255; 
12, -478.1233251290396; 
15, -476.0481376326643; 
16, -476.0481376326643; 
10, -486.1696685375646; 
15, -476.0481376326643; 
13, -476.1233251290396; 
14, -476.0481376326643; 
14, -476.46317513193935; 
12, -478.53836262831464; 
12, -477.61517822532915; 
1, -358.4966381691629; 
16, -447.38186641654465; 
13, -476.46317513193935; 
12, -477.36843762686476; 
16, -476.0481376326643; 
11, -477.458620626363; 
15, -476.0481376326643; 
15, -476.0481376326643; 
15, -476.46317513193935; 
14, -475.63310013338923; 
16, -471.90468484256417; 
16, -431.8000125964172; 
16, -461.5930947943125; 
16, -362.3270888350671; 
1, -356.6397622117656; 
16, -473.7082876297645; 
11, -476.23785630567; 
10, -484.23842976486776; 
10, -483.1961596796755; 
9, -480.1791603881866; 
16, -474.8782126312144; 
1, -371.72577255091164; 
16, -368.85192760662176; 
14, -476.0481376326643; 
9, -478.4231406399049; 
12, -478.53836262831464; 
10, -478.8268146039918; 
16, -444.8679381052498; 
15, -476.0481376326643; 
10, -482.689311080263; 
12, -476.1233251290396; 
10, -480.81729579286184; 
10, -485.0832566036843; 
16, -428.86771388107445; 
1, -368.2931494085933; 
16, -469.61355012468994; 
12, -477.29325013048947; 
14, -476.0481376326643; 
16, -441.3639660824556; 
16, -369.21033864084166; 
16, -468.13149587775115; 
16, -417.83199921343476; 
16, -458.9632133214036; 
12, -476.9534001275897; 
1, -361.2047430096427; 
15, -470.47817063506227; 
16, -419.18745729431976; 
16, -468.051307700458; 
13, -477.0481376326643; 
10, -477.94052005081903; 
14, -476.0481376326643; 
11, -477.3146719026845; 
8, -482.050312338979; 
10, -480.3789372192696; 
16, -449.18213268450927; 
16, -457.67230736417696; 
1, -353.31497792026494; 
16, -378.0793203461217; 
9, -484.56088762904983; 
11, -479.6365999975242; 
10, -477.0906175170094; 
13, -476.46317513193935; 
1, -349.02495383506175; 
1, -359.80829033465125; 
16, -429.41481970692985; 
11, -478.3933592631947; 
14, -476.46317513193935; 
11, -477.9159282108303; 
16, -476.0481376326643; 
11, -481.0858532122802; 
16, -451.8947501014918; 
15, -445.6709264430683; 
16, -468.27370012179017; 
13, -477.29325013048947; 
13, -476.76718131883536; 
9, -485.1598911269102; 
11, -478.4077813071199; 
11, -480.25610801018775; 
11, -477.48296880349517; 
10, -479.2106403184589; 
13, -476.46317513193935; 
11, -484.4077813071199; 
16, -366.62759117479436; 
16, -382.75060035509523; 
1, -356.9524407259887; 
1, -351.61827552178875; 
16, -412.5967368114507; 
16, -425.47981150483247; 
11, -477.40615320648067; 
11, -478.1037751203403; 
12, -478.9534001275897; 
9, -484.29370169260073; 
9, -483.9478118616389; 
13, -477.29325013048947; 
10, -476.90370772674214; 
16, -432.8090323273791; 
16, -449.199956761091; 
1, -352.78451791382395; 
16, -453.9128294613911; 
12, -476.9879456394119; 
15, -476.44525322387926; 
11, -478.9159282108303; 
10, -481.68801277596503; 
12, -476.61355012468994; 
15, -476.0481376326643; 
10, -486.95617514662445; 
12, -476.53836262831464; 
11, -478.2199343976099; 
16, -473.9255183460191; 
11, -478.95689999172464; 
16, -449.8855337087298; 
9, -494.3084809568245; 
14, -476.0481376326643; 
14, -476.0481376326643; 
11, -476.70853129262105; 
15, -476.46317513193935; 
12, -476.53836262831464; 
12, -480.8502370584756; 
14, -476.46317513193935; 
16, -472.4273313158192; 
10, -476.35775910993107; 
16, -462.58056841406506; 
1, -361.3192305661505; 
14, -478.46317513193935; 
14, -476.0481376326643; 
11, -478.0483812955208; 
16, -476.0481376326643; 
15, -476.0481376326643; 
15, -476.0481376326643; 
11, -479.9556016874267; 
12, -479.61355012468994; 
16, -473.7082876297645; 
16, -434.7609125790186; 
10, -480.45608261274174; 
15, -476.0481376326643; 
10, -484.3789372192696; 
9, -486.5836453860393; 
11, -476.5927018116927; 
16, -476.0481376326643; 
12, -479.3505157188047; 
14, -476.0481376326643; 
11, -476.61542188818567; 
11, -480.26090617862064; 
12, -478.7834751261398; 
14, -476.46317513193935; 
12, -477.1626688092947; 
14, -476.0481376326643; 
16, -476.0481376326643; 
14, -476.0481376326643; 
16, -476.0481376326643; 
10, -477.9874239463825; 
14, -476.0481376326643; 
14, -476.46317513193935; 
15, -476.0481376326643; 
16, -476.0481376326643; 
12, -477.4094094077591; 
12, -476.38866969558876; 
10, -479.0740122825373; 
11, -478.71015939337667; 
9, -485.38282889081165; 
16, -474.8782126312144; 
15, -476.0481376326643; 
16, -474.8782126312144; 
16, -458.3882312984206; 
10, -489.47085338353645; 
14, -476.0481376326643; 
15, -476.0481376326643; 
11, -480.76555321807973; 
11, -483.4569735949626; 
10, -487.129686145694; 
11, -479.94708720128983; 
11, -480.9182383713778; 
12, -478.4845969041344; 
12, -478.1233251290396; 
13, -477.29325013048947; 
12, -479.2753282224294; 
10, -477.77125464205164; 
10, -480.50429646263365; 
10, -478.22219369153026; 
11, -480.1840905814897; 
12, -478.74925941077527; 
13, -477.61517822532915; 
12, -476.61355012468994; 
12, -477.2615224228939; 
14, -476.0481376326643; 
12, -478.36843762686476; 
10, -485.71878722216934; 
11, -481.97482189978473; 
10, -479.1148757105693; 
13, -476.8782126312144; 
12, -476.52044072025456; 
15, -476.46317513193935; 
10, -492.8839140551863; 
16, -420.38157584448345; 
1, -363.7973509315634; 
16, -408.5096067927079; 
16, -463.52058700297493; 
14, -476.0481376326643; 
16, -379.9838776445249; 
16, -400.45408295246307; 
10, -476.83521770092193; 
16, -400.28223092039116; 
16, -395.9792054235004; 
16, -408.0631564061623; 
1, -354.14521795744076; 
1, -354.73486245714594; 
16, -356.5485819900641; 
16, -458.34186035126913; 
1, -359.1818182836287; 
16, -391.2026859339094; 
16, -467.20242078369483; 
16, -406.5351190523943; 
10, -476.3765691034496; 
16, -416.6235074234428; 
16, -409.4484035682399; 
16, -437.8856137825642; 
16, -445.84717845974956; 
13, -477.29325013048947; 
10, -482.27989747934043; 
13, -477.36843762686476; 
12, -476.61355012468994; 
16, -414.5281833341578; 
2, -354.9846310414141; 
16, -417.97676686244085; 
9, -478.44688679266255; 
12, -481.3070370821515; 
1, -355.3107569734566; 
16, -407.655518856016; 
9, -478.6376731140772; 
11, -482.2951218939852; 
13, -476.8782126312144; 
10, -490.9817991608288; 
16, -414.35970279888716; 
1, -361.2174262035405; 
1, -348.7832043124363; 
14, -476.46317513193935; 
14, -476.0481376326643; 
10, -476.7875484494725; 
9, -487.4856589998817; 
10, -477.03233115095645; 
14, -476.46317513193935; 
14, -476.0481376326643; 
12, -482.84236881509423; 
11, -479.78697499027476; 
11, -481.3360936748795; 
15, -476.0481376326643; 
14, -476.8782126312144; 
13, -477.29325013048947; 
13, -477.29325013048947; 
11, -477.5239405843895; 
10, -480.3792670156108; 
11, -478.7248251000419; 
11, -479.6170499888249; 
15, -476.0481376326643; 
12, -477.8586626225151; 
14, -476.46317513193935; 
16, -420.9640451427549; 
14, -476.8782126312144; 
12, -477.028587623965; 
16, -450.47568952676374; 
16, -410.0729194905143; 
16, -473.9707147127483; 
10, -480.5328120761551; 
12, -478.53836262831464; 
10, -479.52997180470265; 
15, -476.0481376326643; 
11, -478.896378202131; 
13, -477.29325013048947; 
13, -479.1233251290396; 
11, -478.5632842646446; 
15, -476.0481376326643; 
12, -477.2753282224294; 
11, -478.0663032035809; 
14, -476.46317513193935; 
10, -485.1731684015831; 
12, -479.36843762686476; 
14, -476.0481376326643; 
12, -477.3277956423117; 
13, -476.8782126312144; 
14, -476.46317513193935; 
11, -478.76742498157546; 
10, -479.44318674027454; 
14, -476.46317513193935; 
13, -476.1233251290396; 
13, -476.8782126312144; 
13, -476.8782126312144; 
16, -432.5755790543044; 
16, -410.38806934596505; 
12, -476.53836262831464; 
16, -381.1463616878027; 
1, -358.1336795795942; 
16, -421.44733714859467; 
16, -443.7052750913426; 
12, -478.0122938165441; 
10, -477.62115085078403; 
10, -492.4272660634015; 
10, -479.9644073637901; 
13, -477.29325013048947; 
15, -476.0481376326643; 
16, -473.7082876297645; 
16, -460.8256483207224; 
16, -424.2172420504503; 
14, -477.78510322677903; 
16, -435.83967605477665; 
16, -399.3751555340132; 
1, -364.19995974807534; 
16, -399.16027258872055; 
16, -400.3893015560461; 
13, -476.8782126312144; 
11, -478.38180502934847; 
16, -476.0481376326643; 
15, -477.0481376326643; 
16, -461.27582415600773; 
16, -442.37105605972465; 
16, -476.46317513193935; 
16, -441.8179668239318; 
16, -395.3590959365247; 
16, -477.2001407260541; 
16, -442.8752000927925; 
16, -450.7248251000419; 
16, -463.1789626167156; 
11, -479.3898593990598; 
16, -476.0481376326643; 
12, -479.3505157188047; 
10, -485.38282483501825; 
11, -478.1610407086555; 
1, -359.90991094103083; 
16, -400.7854691016255; 
12, -476.3139898427762; 
11, -476.72808130132034; 
15, -476.0481376326643; 
16, -472.7082876297645; 
16, -429.99270709522534; 
16, -385.99920430523343; 
12, -480.1054032209795; 
13, -476.78510322677903; 
12, -478.8602907231543; 
11, -478.48296880349517; 
10, -484.13415451778565; 
16, -418.6148923042929; 
1, -356.60910805582535; 
16, -462.3018068042584; 
16, -476.0481376326643; 
16, -457.47314823186025; 
9, -486.6744301223662; 
15, -476.46317513193935; 
15, -476.0481376326643; 
16, -420.39248848031275; 
16, -464.4192422567867; 
16, -410.03005681652576; 
16, -424.6571638532914; 
14, -476.0481376326643; 
9, -486.57531768246554; 
13, -477.2001407260541; 
16, -470.1985126254149; 
14, -476.46317513193935; 
1, -353.84053175279405; 
16, -446.4165082247928; 
16, -456.88488256314304; 
11, -478.57607820793055; 
10, -481.54569215292577; 
11, -482.37475529522635; 
10, -486.17316840181593; 
11, -477.39661546447314; 
15, -477.46317513193935; 
16, -476.0481376326643; 
16, -358.4745936738327; 
1, -363.5741751039168; 
16, -471.7834751261398; 
10, -485.46019872114994; 
13, -476.1233251290396; 
12, -476.67081571300514; 
12, -476.52044072025456; 
12, -477.9354782195296; 
12, -477.0106657159049; 
14, -476.0481376326643; 
15, -476.0481376326643; 
15, -476.0481376326643; 
11, -477.6384717610199; 
9, -478.740563487052; 
13, -476.1233251290396; 
14, -476.46317513193935; 
11, -477.6499674000079; 
14, -476.46317513193935; 
16, -451.0370131881209; 
1, -364.3247286421247; 
16, -422.0963082954986; 
13, -476.8782126312144; 
12, -479.67244381364435; 
11, -477.4897248689085; 
16, -476.0481376326643; 
12, -478.42570321517996; 
11, -481.85736431821715; 
11, -477.5632842646446; 
14, -476.46317513193935; 
15, -476.0481376326643; 
15, -476.0481376326643; 
9, -483.1102681799093; 
10, -479.6214531084988; 
11, -484.1431188005954; 
16, -476.0481376326643; 
15, -476.0481376326643; 
14, -476.78510322677903; 
12, -477.3325938107446; 
16, -466.68873762106523; 
16, -453.6442384374095; 
13, -476.46317513193935; 
10, -481.0733029318508; 
11, -479.42570321517996; 
11, -479.3540155829396; 
10, -486.6650214979891; 
12, -478.2574063143693; 
16, -436.59956125880126; 
16, -430.51308090705425; 
11, -478.5453623565845; 
9, -482.4611753417412; 
10, -477.6931407407392; 
12, -477.36843762686476; 
16, -435.13113579235505; 
16, -369.69001344847493; 
1, -357.8709408630384; 
14, -455.9293990570586; 
16, -476.0481376326643; 
9, -478.8972000631038; 
14, -476.0481376326643; 
12, -477.59562821662985; 
13, -478.9534001275897; 
10, -477.0310328466585; 
11, -476.2020124895498; 
13, -476.8782126312144; 
10, -478.7434066007845; 
15, -476.0481376326643; 
16, -406.3270970553858; 
1, -364.58987740811426; 
16, -473.7082876297645; 
16, -465.51881261961535; 
16, -469.028587623965; 
16, -405.51278754277155; 
9, -481.20422848756425; 
16, -360.59783198696095; 
13, -476.46317513193935; 
11, -479.50089071155526; 
12, -478.8602907231543; 
10, -485.35425924579613; 
10, -479.1141408561962; 
9, -483.9638664345257; 
10, -480.34984946856275; 
13, -477.61517822532915; 
13, -477.29325013048947; 
14, -476.0481376326643; 
16, -434.4834440392442; 
16, -469.2574063143693; 
12, -477.7082876297645; 
16, -436.6017735018395; 
16, -428.7820493998006; 
11, -477.5991280807648; 
11, -479.5626022047363; 
13, -477.29325013048947; 
14, -477.61517822532915; 
16, -400.5844201183645; 
16, -438.3841860132525; 
16, -473.9534001275897; 
16, -474.8782126312144; 
16, -478.1006050525466; 
1, -370.55624102358706; 
16, -388.9325402681716; 
10, -478.7151794623351; 
16, -463.59400011599064; 
11, -478.2183062969707; 
16, -476.0481376326643; 
12, -478.44525322387926; 
12, -476.9534001275897; 
11, -480.66918761236593; 
16, -454.3530615773052; 
16, -427.6331354326103; 
16, -475.61517822532915; 
1, -359.95766363386065; 
16, -372.18057413655333; 
13, -476.8782126312144; 
11, -476.78534688963555; 
15, -476.37006572750397; 
10, -482.2208376531489; 
13, -476.8782126312144; 
14, -476.46317513193935; 
10, -484.4902983281063; 
11, -477.69223748520017; 
10, -483.93547423765995; 
9, -479.4376504163956; 
15, -476.0481376326643; 
12, -477.44362512324005; 
12, -479.4487530880142; 
10, -477.9040375230834; 
13, -476.29325013048947; 
10, -482.15422292717267; 
12, -476.61355012468994; 
16, -453.93287511286326; 
1, -357.91308231058065; 
16, -402.60924095252994; 
15, -476.46317513193935; 
14, -476.46317513193935; 
10, -481.26114984136075; 
16, -474.8782126312144; 
10, -480.68801277596503; 
11, -483.1760362117784; 
16, -472.53836262831464; 
14, -476.0481376326643; 
16, -458.9143001101911; 
16, -471.36843762686476; 
16, -462.59562821662985; 
16, -472.2753282224294; 
16, -471.36843762686476; 
15, -476.0481376326643; 
13, -476.8782126312144; 
11, -476.259278077865; 
15, -476.46317513193935; 
9, -487.92329125257675; 
12, -476.2509800452972; 
12, -476.9354782195296; 
13, -477.29325013048947; 
12, -477.7834751261398; 
10, -477.8163425314706; 
16, -472.9306800510967; 
11, -476.6845635572681; 
10, -478.42173344187904; 
12, -479.6400223359233; 
16, -408.9049006868154; 
1, -364.44743845576886; 
13, -477.82376484712586; 
10, -484.0820168941282; 
16, -466.0695594048593; 
2, -361.24710292951204; 
16, -465.5557326300768; 
16, -474.1233251290396; 
12, -476.50251881219447; 
10, -481.9033779304009; 
11, -476.0483812955208; 
10, -483.62721978488844; 
11, -479.8263186705299; 
13, -476.1233251290396; 
10, -477.3618599718902; 
12, -476.9354782195296; 
12, -476.1805907173548; 
10, -479.3875615221914; 
16, -456.45395917852875; 
1, -361.8459407404298; 
15, -476.0481376326643; 
1, -361.96249815414194; 
16, -377.1598620831501; 
14, -476.0481376326643; 
15, -476.0481376326643; 
11, -480.99461557134055; 
10, -480.4771159936208; 
13, -476.7082876297645; 
16, -468.68393945263233; 
14, -476.46317513193935; 
13, -476.46317513193935; 
11, -480.8586626225151; 
12, -478.1805907173548; 
11, -480.88008439471014; 
13, -477.29325013048947; 
12, -478.82444690703414; 
10, -486.7293729480589; 
15, -477.9550282283453; 
10, -476.36424942919984; 
11, -482.16274633503053; 
12, -476.59562821662985; 
12, -478.61355012468994; 
13, -476.53836262831464; 
10, -483.51711837761104; 
11, -478.3309657101054; 
16, -470.1985126254149; 
15, -476.0481376326643; 
13, -476.46317513193935; 
15, -475.64972373715136; 
11, -477.48296880349517; 
16, -458.6492092567496; 
16, -423.78704823111184; 
14, -476.0481376326643; 
16, -476.0481376326643; 
9, -486.2710092708003; 
11, -479.6759436777793; 
16, -476.0481376326643; 
10, -478.2310935826972; 
13, -476.8782126312144; 
9, -481.33180795726366; 
10, -477.58657780033536; 
16, -441.3289766757516; 
15, -476.46317513193935; 
10, -479.0163671398768; 
