2, -488.3536498821452; 
2, -342.97978649755225; 
3, -344.09346778244503; 
5, -224.46604037383213; 
3, -383.52820472110307; 
4, -330.10574363564274; 
5, -283.1456060325704; 
5, -263.2480118120234; 
5, -341.20512357752614; 
4, -292.1083339610432; 
3, -363.35481943596324; 
5, -281.4011788139187; 
5, -281.88980735725363; 
5, -301.72856936652715; 
5, -295.2828489922804; 
5, -269.9244101035074; 
5, -232.4078785120373; 
5, -320.2407755407585; 
5, -260.99318626235527; 
5, -339.70078669904615; 
4, -322.9286162019607; 
5, -244.90873849129912; 
5, -304.6252148390813; 
5, -275.32768121948357; 
5, -283.9022006912237; 
5, -273.72383440826707; 
5, -263.89652759216006; 
5, -277.9094009882392; 
5, -268.9597217372193; 
5, -249.70668272491457; 
5, -269.1612267974997; 
5, -276.27857941639195; 
5, -313.4802397268577; 
5, -306.93164996603264; 
5, -278.5197650940463; 
4, -300.8826222217158; 
5, -262.8341821800659; 
5, -223.33587238575637; 
5, -296.7665573839222; 
5, -260.8897669809121; 
5, -283.472215007605; 
5, -222.34988876552416; 
5, -255.59726357895124; 
5, -283.8327225077246; 
5, -308.8913826383123; 
5, -258.7623251386867; 
5, -230.03190465607076; 
5, -220.12928464839933; 
5, -251.04631382156913; 
5, -259.099975545676; 
5, -264.0511309564845; 
5, -251.14967670783153; 
5, -185.7346643843848; 
5, -259.3135896530621; 
5, -228.80368829287727; 
5, -185.44437305598876; 
4, -267.96551194560743; 
5, -518.8210881364776; 
9, -737.5248376954733; 
1, -724.0782062458093; 
1, -609.6771934762764; 
4, -668.3286533254359; 
3, -683.6126603412522; 
1, -662.3160242623089; 
1, -636.0227102309582; 
2, -668.3031031264181; 
3, -667.8956399255912; 
1, -662.2136298176265; 
1, -628.5820794321953; 
3, -671.9063295934538; 
1, -644.1596024629725; 
3, -638.5407661257705; 
4, -638.929684014467; 
4, -667.1550234471179; 
6, -482.37493636336876; 
5, -469.0075298418342; 
5, -584.6762892164843; 
1, -676.6544880956499; 
4, -680.7908468447931; 
1, -657.3675411415461; 
1, -652.6313781056233; 
4, -641.7058833392366; 
4, -646.5242228151255; 
1, -647.5116574022395; 
1, -632.2856581510132; 
4, -613.3245102538422; 
4, -601.5516493914256; 
4, -613.0616943554123; 
4, -619.8826697522818; 
3, -637.5302247159998; 
4, -606.9123630410395; 
1, -600.5002896961887; 
4, -612.3527599425797; 
1, -597.940186366417; 
4, -591.2132934996553; 
1, -587.7799502959388; 
1, -581.7751194474258; 
1, -602.6540588741627; 
1, -605.6049015491881; 
1, -593.7940481566475; 
