1, -627.6628734739437; 
1, -584.611770184776; 
1, -573.7270181874258; 
1, -578.7609106127716; 
1, -565.1560057735724; 
1, -563.4803411281114; 
2, -553.3364115837812; 
2, -546.3510058927659; 
1, -577.4961377325963; 
1, -570.9892237018821; 
1, -581.4990289489997; 
2, -562.9698402074555; 
1, -560.9224523915982; 
2, -561.1732833853885; 
1, -573.3641585420191; 
1, -571.6189867232297; 
1, -563.25609155661; 
1, -558.2524321752226; 
2, -561.7884898992543; 
2, -564.4188409875514; 
2, -551.7842753203913; 
1, -561.0404513586163; 
1, -561.163938394966; 
2, -568.7639303941505; 
1, -561.1980330323913; 
1, -571.4334023539886; 
3, -558.2093227857677; 
3, -547.7658390170309; 
2, -557.36741668168; 
2, -549.617626623065; 
2, -549.5959238033865; 
2, -556.2758469187429; 
3, -557.9747031563165; 
2, -564.8346729910481; 
2, -563.4685138414061; 
1, -565.0973535940648; 
1, -555.8278900793957; 
2, -571.8859991195241; 
2, -560.8645653993699; 
1, -568.2853324479584; 
1, -565.755464490685; 
1, -554.5825114554536; 
2, -561.778587581859; 
1, -551.4650982521671; 
3, -553.2976250225402; 
1, -557.990577614597; 
3, -557.7420219879859; 
1, -560.3920558418467; 
2, -572.6050305152457; 
3, -558.3762640005116; 
2, -552.5258860604554; 
1, -565.0337927676228; 
1, -558.4690676538412; 
2, -560.4235093859461; 
1, -567.5179356788758; 
3, -564.838591058462; 
3, -548.8828808714316; 
1, -570.2753405900949; 
3, -563.0748794202373; 
3, -554.6943381837336; 
3, -550.9589304531546; 
3, -559.3870584204342; 
3, -570.5723575340016; 
3, -561.3529720706792; 
2, -555.7965791034949; 
3, -560.6315620724417; 
2, -556.3607013401415; 
2, -564.3968544356758; 
3, -557.6337429026898; 
3, -546.3889802393533; 
3, -560.3991563322488; 
2, -563.416463375921; 
4, -563.2915966336368; 
2, -558.1974607017473; 
3, -557.5007344733312; 
3, -564.1531396556602; 
2, -553.5592070317725; 
3, -562.8736451331279; 
3, -572.2975933234775; 
4, -548.216721073899; 
2, -567.4218455505179; 
3, -563.3121700684787; 
3, -555.4320911411196; 
2, -556.6475263291431; 
1, -564.3644539359229; 
4, -567.1344408582736; 
2, -558.3542613051031; 
3, -556.9650407711306; 
4, -553.6589365825857; 
4, -558.1410039076727; 
3, -555.3990944881007; 
3, -560.9760240485994; 
2, -568.656897327477; 
3, -564.2598044913757; 
3, -568.1819155899357; 
4, -555.2560131158389; 
3, -561.5984462168344; 
3, -549.7835654726441; 
3, -549.8347694368858; 
4, -543.3395602895835; 
1, -564.1597230927218; 
2, -553.758242812888; 
2, -574.105513739858; 
3, -532.3440397456943; 
3, -541.5984824283223; 
2, -535.2641259546217; 
3, -540.1382365931931; 
4, -532.584862513766; 
3, -532.8358682147737; 
4, -520.3385090154479; 
3, -534.6564417858681; 
4, -538.5747127276336; 
3, -522.8056882375968; 
4, -508.997390534787; 
4, -501.42600485535513; 
4, -506.7019746932201; 
5, -496.5880582378304; 
3, -530.1120973763027; 
4, -525.157435291665; 
4, -522.158397986088; 
3, -539.7937869124726; 
4, -521.7924770078243; 
4, -494.03680461739714; 
4, -502.6554011179978; 
6, -486.9385039198387; 
8, -400.47563320730114; 
8, -419.1021179226809; 
8, -342.83003833053226; 
8, -320.92096055985894; 
8, -310.9006498064846; 
8, -358.7666228048183; 
7, -408.83043201168766; 
6, -472.6372474295349; 
4, -483.4396289232682; 
5, -498.20411871054966; 
4, -511.8619554442703; 
4, -506.6597212681809; 
3, -540.4040621250169; 
3, -558.4452615329064; 
2, -575.0692705305701; 
2, -546.6661207534344; 
1, -574.9797862492851; 
1, -546.9605549763219; 
2, -559.7397049680585; 
3, -543.6136726514524; 
2, -552.2300133332465; 
2, -564.5482291691733; 
2, -560.8875758486101; 
3, -583.9424280238454; 
2, -551.4779395852674; 
3, -560.8461866975413; 
3, -552.3187733100931; 
3, -565.0175947838434; 
3, -548.2423479194404; 
3, -550.8501032611966; 
3, -552.7595229684666; 
3, -551.6461072745296; 
3, -552.3058594876784; 
1, -561.5946044736775; 
2, -563.8351381056418; 
3, -570.7990590289264; 
3, -564.1833631770714; 
3, -560.0938713844953; 
2, -554.7044365100446; 
3, -574.9903547170543; 
2, -562.4875279337721; 
1, -554.6514470423426; 
3, -556.153139586866; 
3, -560.4433355001966; 
2, -542.6470644633373; 
2, -553.1850581751933; 
3, -563.253324649515; 
3, -555.5539899079449; 
3, -562.285654970663; 
3, -567.2823890439468; 
2, -550.9477762848983; 
4, -557.8371203054994; 
4, -562.6419478291355; 
3, -553.6814566201501; 
1, -566.5984552538284; 
1, -555.4130546190136; 
3, -565.8616536389018; 
2, -564.452953410655; 
3, -555.6903872215626; 
3, -545.6913175361988; 
4, -560.3017078487028; 
2, -566.9289336806978; 
3, -546.0479700341093; 
1, -570.9005777578132; 
2, -563.8799649664725; 
3, -570.7312698168826; 
3, -543.6971240969724; 
3, -550.0714770548802; 
4, -569.0824218778725; 
4, -561.6323749881558; 
3, -563.6852571917843; 
3, -554.5357627467165; 
2, -564.7641145956732; 
1, -559.5266318053473; 
4, -550.1667140359204; 
2, -567.2766449213523; 
4, -563.8609390751953; 
3, -569.0028721332783; 
3, -568.7405259678635; 
1, -553.7243319586123; 
1, -574.1686203983118; 
3, -563.4291560879064; 
3, -564.4322585091722; 
3, -551.8181108463759; 
3, -569.2424819541338; 
2, -555.102485054027; 
4, -557.1645822908322; 
2, -565.7039463649126; 
2, -570.539660555296; 
3, -565.1125503606017; 
3, -534.9883898701955; 
3, -572.221756803614; 
3, -570.1218887067225; 
3, -563.3276078460185; 
2, -568.2283224954299; 
4, -563.5880399618472; 
3, -562.5306635297893; 
2, -592.7146063592081; 
2, -574.3690282766474; 
4, -550.5115180079156; 
2, -553.1761003099818; 
1, -563.836289060986; 
5, -553.5125338728831; 
4, -566.5911513546889; 
4, -553.1121115985297; 
2, -567.5976975097146; 
3, -555.3929168445611; 
3, -548.9184838892834; 
4, -562.7690664775146; 
4, -566.053419438249; 
3, -570.7893467547547; 
3, -560.2120041412418; 
4, -560.8233201877447; 
4, -578.4071216821321; 
2, -560.7568499196786; 
4, -561.3054827170854; 
3, -558.4607324977696; 
3, -554.963794104202; 
4, -557.2118106007401; 
2, -563.4988948557293; 
1, -571.8604791292455; 
3, -557.0286377297016; 
4, -557.3661055498233; 
3, -561.4152901102789; 
3, -552.9142105350329; 
4, -565.6701739787532; 
2, -567.9440471915586; 
3, -553.6239593169594; 
5, -557.1857932526036; 
1, -566.0988858435885; 
4, -552.5086984322406; 
4, -555.6185752917663; 
4, -545.1491007935838; 
4, -559.2627896548656; 
3, -553.2057460045326; 
2, -558.813360617205; 
4, -537.9052864901605; 
3, -552.0294240310031; 
5, -547.9261225615046; 
5, -547.257334664755; 
2, -573.7053089593537; 
2, -553.542327773408; 
3, -548.1861490680894; 
3, -553.0453164270439; 
2, -563.2356159936462; 
4, -561.7767706665618; 
2, -549.3657218221924; 
4, -548.2728537109506; 
3, -540.8281750541937; 
4, -552.4264195321302; 
4, -578.5660098314402; 
2, -568.8218981441751; 
4, -558.7371363484708; 
3, -563.0943400783581; 
4, -550.321066943754; 
4, -549.8762895889522; 
5, -546.386127197853; 
3, -550.2436686150322; 
4, -551.8288702709542; 
5, -555.7465452972683; 
3, -563.3699755356065; 
1, -570.7381060925545; 
4, -566.5383448638604; 
2, -558.2257779651845; 
5, -549.1238637673669; 
4, -547.5644408274966; 
4, -546.5861091141705; 
4, -552.7497828245105; 
2, -560.5319254953647; 
4, -561.8650557028013; 
4, -570.6067828718806; 
3, -561.6187209530908; 
4, -557.3582493859576; 
4, -557.2732282232319; 
3, -545.748227189004; 
