1, -618.7190347805804; 
1, -576.7337764837641; 
1, -565.7548470954405; 
1, -570.6544489883304; 
1, -556.4855472130594; 
1, -555.4212634712931; 
2, -545.605284171731; 
2, -538.4008342349807; 
1, -570.1667792430308; 
1, -562.6462997617946; 
1, -574.9224107349128; 
2, -554.3318933056426; 
1, -554.417929182463; 
2, -552.9584362579244; 
1, -566.5272378174977; 
1, -563.8944248271291; 
1, -555.3049284951085; 
1, -549.1513657528521; 
2, -554.2722384843637; 
2, -556.7579795632682; 
2, -544.1221150960519; 
1, -553.8611439469005; 
1, -552.9500687832133; 
2, -561.1189762484955; 
1, -552.9686187923926; 
1, -563.4811948133829; 
3, -550.1764361020996; 
3, -539.9974775816481; 
2, -547.5629589817545; 
1, -541.809102602525; 
2, -541.7390609200811; 
2, -548.8215458606574; 
3, -550.980800771049; 
2, -557.1442705157533; 
2, -557.1877014150523; 
1, -557.7402802595316; 
1, -547.8562558170088; 
2, -564.8409510197598; 
2, -552.8626554658549; 
1, -560.4430574964208; 
1, -558.5096457493564; 
1, -546.9921708451948; 
3, -553.9667822322626; 
1, -544.3797495215003; 
3, -545.6348123761636; 
1, -549.8053800372218; 
3, -551.3718406797125; 
1, -552.0513639324126; 
2, -564.004350905554; 
3, -550.653407850652; 
2, -543.9940702260901; 
1, -555.6803534386236; 
1, -550.7197300710941; 
2, -553.0066398614108; 
1, -559.3857945879136; 
3, -557.6634690992978; 
3, -542.172121560463; 
1, -561.7153553857206; 
3, -554.5985263267285; 
3, -547.9328883546696; 
3, -543.11833060965; 
3, -550.2768379843328; 
3, -563.2954780168657; 
4, -554.435216980637; 
2, -547.7583714854263; 
3, -553.1982153868958; 
2, -548.7453954003286; 
2, -555.6100545115551; 
3, -548.8044575415042; 
3, -535.9378894456895; 
2, -552.8292282135299; 
2, -556.530632529626; 
4, -556.3158870089464; 
2, -550.9395229639995; 
3, -549.9893688739685; 
1, -558.1448599487703; 
2, -547.1121902165978; 
3, -556.5421220739809; 
3, -564.2684917120423; 
4, -539.975538016959; 
2, -560.1744322136801; 
3, -553.2344920559626; 
2, -549.7815482133738; 
2, -550.7981762620475; 
1, -556.6040503525073; 
4, -560.2646032352714; 
2, -549.5063977422615; 
3, -548.9623801442795; 
4, -547.2887974370678; 
4, -551.4543985667988; 
3, -548.4582707638547; 
3, -552.8408884403034; 
2, -560.990644263904; 
3, -555.867345697472; 
3, -560.8200731596444; 
3, -547.3899293347349; 
3, -555.1515215043546; 
3, -541.9369460478338; 
3, -542.3165582808579; 
4, -537.0020194121826; 
1, -557.9371286378882; 
2, -545.9699784037439; 
3, -565.3767661624879; 
3, -522.7830389110823; 
3, -533.0929511789873; 
2, -527.8002350182869; 
3, -533.398472321489; 
4, -524.5508059961867; 
3, -522.3554531440022; 
4, -512.5809903173722; 
3, -527.5360086388464; 
4, -530.4575492068107; 
3, -515.1577035221198; 
4, -501.3195887214897; 
4, -495.1553194297012; 
4, -500.22326771356165; 
5, -488.72538830742997; 
3, -523.8620748494432; 
4, -518.0706735759595; 
4, -513.6521304947819; 
3, -531.615906050778; 
4, -515.4910444813431; 
4, -484.8129093268799; 
4, -495.9110662695166; 
6, -476.9513064614148; 
9, -398.5710540120199; 
9, -403.96055961132515; 
9, -325.20323761161126; 
10, -302.36727028542373; 
9, -285.54360917209124; 
8, -362.04011200346577; 
7, -406.97895985007926; 
6, -462.30604473534913; 
4, -477.342177804705; 
5, -491.50541440877714; 
4, -505.14527209603693; 
4, -502.4131758859148; 
3, -533.0716158694995; 
3, -549.8990783279442; 
1, -567.331571998162; 
2, -537.562807765833; 
1, -567.0877764139877; 
1, -540.0074113350711; 
4, -550.7068919757439; 
3, -535.8078371170268; 
2, -544.6000952781469; 
2, -556.297334158211; 
2, -554.8712547246396; 
3, -576.2933708424389; 
1, -544.2716713996633; 
3, -551.908432649434; 
3, -547.4295645910315; 
3, -556.580012138962; 
3, -540.0461472199677; 
3, -542.6028541501728; 
3, -546.9744596781529; 
3, -543.6696961617417; 
3, -546.5307370897062; 
1, -552.965640713097; 
2, -555.2984013844834; 
2, -563.0950729133765; 
3, -556.564295517499; 
3, -553.87279711265; 
2, -544.731636579032; 
3, -566.3942566530022; 
2, -555.7683869956818; 
1, -547.9529429701506; 
3, -548.7536651836563; 
3, -553.8605802179227; 
2, -537.0271527508448; 
2, -546.556231538314; 
3, -556.0621734506421; 
3, -549.2921291244129; 
3, -552.5010452911083; 
3, -561.503032322842; 
2, -544.0430437309842; 
4, -549.900336543913; 
4, -554.2178050232615; 
3, -545.1738619404059; 
2, -559.5020431546582; 
1, -548.5168863526778; 
3, -558.6529915876599; 
2, -556.8021800983988; 
3, -546.3245721151325; 
3, -536.7038063427462; 
4, -552.0848905194289; 
2, -559.5005762551009; 
3, -540.804917847141; 
1, -564.114161462916; 
4, -555.0944762359723; 
3, -565.1579202812572; 
3, -538.5064633427974; 
3, -542.0989253232547; 
4, -561.5944225446146; 
4, -554.1041219017497; 
3, -557.6833475985186; 
2, -547.7147522672021; 
3, -556.7502591296216; 
1, -553.3631268778845; 
4, -542.4780756010441; 
2, -560.0820373874885; 
4, -555.5798077341897; 
3, -562.0474225473154; 
3, -561.1768597108749; 
1, -547.5276234252378; 
1, -566.598120745999; 
3, -553.2731996863295; 
3, -557.2084384701302; 
3, -543.9953167368367; 
3, -561.5268408878183; 
2, -546.6896160937613; 
4, -550.2388120700489; 
1, -558.9346892966132; 
2, -562.785704535956; 
4, -557.6240674825967; 
3, -527.0498681387835; 
3, -564.7970267297642; 
3, -562.627364527405; 
2, -556.0315098082356; 
2, -561.3157076841453; 
4, -558.5005972214276; 
3, -553.8115163182665; 
2, -583.7976617755048; 
2, -566.9924904882937; 
4, -543.2735176107963; 
2, -545.4802867228573; 
1, -557.1378115846892; 
5, -546.6416692916537; 
4, -559.401942395969; 
4, -545.6206257705053; 
2, -560.0480748681148; 
3, -546.7290554736537; 
3, -542.6581389954517; 
4, -555.8658315686043; 
4, -555.8800394056889; 
3, -563.2534927795641; 
3, -553.1832101135224; 
4, -553.5602199595887; 
4, -570.412095664069; 
2, -553.3173699850449; 
4, -555.398191182263; 
3, -550.8610826549702; 
3, -547.3174933682894; 
4, -548.3596529713541; 
2, -554.6532651761663; 
1, -565.4098534623336; 
3, -550.063805526559; 
4, -550.1899089553626; 
3, -554.130070345971; 
3, -545.2086515922565; 
4, -557.2021689674293; 
2, -562.2214834290207; 
3, -546.4303943209234; 
5, -550.0380484783091; 
1, -558.9137100851221; 
4, -546.2032509995624; 
4, -547.7551965365419; 
4, -536.1053647911758; 
4, -552.2421498576878; 
3, -546.0567241013341; 
2, -551.9095005902636; 
4, -530.9052014296758; 
2, -545.0865650141786; 
5, -539.0204051200417; 
5, -541.1348744497227; 
1, -567.3743861498078; 
2, -546.4028587498469; 
3, -540.7917042163026; 
3, -543.4264081973233; 
2, -554.765254483762; 
4, -555.853300936491; 
2, -543.0809446351195; 
4, -540.4559401035076; 
3, -535.0101927518263; 
4, -544.4740252674383; 
4, -569.5475919853197; 
2, -560.5181228417205; 
4, -552.9529424289067; 
3, -555.2579929803323; 
4, -544.0758599391847; 
4, -543.5039948919148; 
5, -539.9868529249215; 
3, -542.832056337531; 
4, -544.4547620773665; 
4, -548.2168234560813; 
3, -555.3527186727733; 
1, -562.4841707954765; 
4, -560.810772911791; 
2, -550.0991058752115; 
5, -542.8782095310744; 
4, -539.7225106407132; 
4, -537.5116620465124; 
4, -543.9861376284971; 
2, -553.3723011377733; 
4, -555.5281279365299; 
4, -562.7985363377084; 
3, -554.9125380102487; 
4, -549.5789741951157; 
4, -550.8559879842505; 
3, -538.2821534678515; 
3, -553.3512787469081; 
3, -546.5642880672531; 
2, -541.5560753366735; 
3, -551.7652776316972; 
3, -543.5710460392875; 
3, -561.8618756496289; 
4, -547.5940175137075; 
3, -554.5922819758707; 
4, -540.5499238075281; 
5, -549.1687981598079; 
2, -559.7966132017318; 
4, -574.2902757060656; 
3, -557.2324566120515; 
4, -550.7955414795724; 
5, -556.0017736881273; 
4, -548.409807620279; 
4, -578.6610953721392; 
5, -539.5193079836317; 
3, -565.8395325813035; 
5, -544.2852635656309; 
4, -551.3375716577284; 
4, -554.8548744002474; 
4, -537.4029920878529; 
4, -552.8938576482178; 
4, -537.5740804401285; 
2, -577.998802996939; 
5, -556.4585974267684; 
2, -556.522373915679; 
2, -548.3459707886213; 
5, -549.0545485119801; 
4, -552.633342009125; 
2, -553.3458023765706; 
3, -555.4422332844697; 
