15, -476.04813763197; 
15, -472.61355012404385; 
16, -455.9959138751591; 
16, -449.4272451817774; 
16, -349.89017748817537; 
16, -332.9608158360652; 
16, -441.55229626932123; 
16, -437.1749689675826; 
16, -337.56617094578223; 
16, -366.18389374357184; 
16, -344.9412340460012; 
16, -255.88914172393288; 
16, -417.08846542400715; 
16, -426.95883505853635; 
16, -295.79183652074244; 
16, -383.8136526172775; 
16, -431.0213109430015; 
16, -310.9268237111746; 
16, -407.0559014007631; 
16, -357.89323443392186; 
16, -303.05406749388476; 
16, -285.1358032998751; 
16, -320.2762907308006; 
16, -358.23172314503427; 
16, -288.79328350954347; 
16, -319.3006750618115; 
16, -428.1988121757586; 
16, -341.5763805588467; 
16, -373.269117499558; 
16, -403.5132221196636; 
16, -382.326992654449; 
16, -440.98827170197364; 
1, -259.68450784631386; 
16, -374.0505879107859; 
16, -384.07243403545726; 
16, -299.4646248007284; 
16, -343.31137996034886; 
16, -349.4286873315923; 
16, -371.6960184572072; 
16, -375.23312395584253; 
16, -315.6917966966248; 
16, -340.9866532366923; 
16, -286.6505352557615; 
16, -395.9582634903327; 
16, -340.44458586879045; 
16, -307.69715358440953; 
16, -444.50206190445533; 
16, -339.27774710778976; 
16, -370.28576984200845; 
16, -339.90551667609907; 
16, -301.4677425876507; 
16, -311.4551565387774; 
16, -390.81719184741087; 
16, -385.06635395292324; 
16, -324.62546720432874; 
1, -272.1040687863406; 
16, -291.4346711051985; 
16, -401.14675077371794; 
16, -353.2831162606417; 
16, -331.99551671379595; 
16, -364.08536297934916; 
16, -408.48678507841396; 
1, -227.76809760438482; 
16, -371.7972163812301; 
16, -354.1802597548376; 
16, -358.4247589584593; 
16, -375.33812747811317; 
16, -366.0842013125548; 
16, -304.43730537054944; 
16, -317.57084881490664; 
16, -289.5800025633689; 
16, -305.6654729139882; 
16, -309.88969128848476; 
16, -329.8332812805347; 
16, -267.43697645860084; 
16, -357.2650684575565; 
16, -374.4945744836077; 
16, -296.03391462756554; 
16, -311.33229754181957; 
1, -241.5542573503335; 
16, -339.9779535190537; 
16, -304.2186043084039; 
1, -249.87046979728257; 
1, -250.28471826759414; 
16, -347.5212169474107; 
1, -258.5121268287003; 
4, -512.6545010858972; 
5, -518.1003543688548; 
4, -514.7825099805559; 
5, -506.6787141425448; 
10, -478.25740631383815; 
8, -481.96969095061286; 
2, -499.37815272224543; 
5, -494.1401380960815; 
8, -479.35170542194464; 
8, -480.7345154176619; 
8, -481.46254003940703; 
9, -477.7834751255068; 
7, -492.5389494375231; 
8, -488.307153354559; 
7, -486.766524532919; 
7, -483.5215687082382; 
10, -478.29325012983463; 
5, -489.319251149569; 
8, -480.9965734683028; 
8, -478.92797837805847; 
12, -476.0481376313328; 
8, -478.9269052510499; 
8, -478.9912292475274; 
10, -476.12332512774447; 
1, -508.51723188354663; 
1, -529.4503803189; 
1, -521.2651698734844; 
1, -505.6727040895785; 
1, -462.69071718452324; 
6, -493.2544004434676; 
6, -493.14966245472533; 
6, -481.728353175582; 
5, -484.1400254612781; 
8, -478.59270181079773; 
6, -480.9465419892622; 
7, -485.49637955437356; 
11, -476.0481376313328; 
7, -480.64736584385537; 
7, -478.95145990446326; 
6, -492.26135730956594; 
7, -490.69576930818585; 
11, -476.0481376313328; 
8, -478.08292680648447; 
11, -476.4631751306151; 
9, -477.76555321689375; 
12, -476.0481376313328; 
12, -476.0481376313328; 
9, -476.25577821258776; 
7, -483.6923955143502; 
8, -484.95697751701664; 
11, -476.4631751306151; 
8, -481.5734815987744; 
16, -474.87821262989746; 
8, -484.644320836087; 
6, -478.9248038636506; 
8, -476.52581234739773; 
16, -476.0481376313328; 
13, -475.2932501291798; 
16, -476.0481376313328; 
14, -476.0481376313328; 
9, -479.3505157176114; 
9, -477.2215624972596; 
8, -480.57827976730186; 
12, -476.0481376313328; 
9, -476.899634402369; 
14, -476.0481376313328; 
14, -476.0481376313328; 
16, -474.87821262989746; 
9, -479.65452190452197; 
16, -476.0481376313328; 
15, -476.0481376313328; 
16, -470.52044071904675; 
8, -484.6450975495536; 
9, -480.17896261554415; 
9, -478.3488876169795; 
7, -492.98878364365373; 
12, -476.4631751306151; 
7, -478.2407994135283; 
16, -468.27370012179017; 
8, -485.50219476412894; 
7, -486.2688162755876; 
13, -476.0481376313328; 
7, -478.693796600317; 
9, -477.8407407133054; 
13, -476.0481376326643; 
14, -476.0481376326643; 
10, -477.4700973333747; 
8, -480.8546401781641; 
8, -483.3952310264067; 
7, -477.08293212842545; 
12, -476.46317513193935; 
7, -485.4354437863003; 
10, -481.5363822636573; 
11, -481.45312146726064; 
11, -477.46317513193935; 
13, -476.0481376326643; 
10, -477.42090504674707; 
14, -476.0481376326643; 
8, -478.1629675307777; 
7, -476.96655267728056; 
7, -482.3925750598646; 
16, -473.29325013048947; 
16, -467.1037751203403; 
12, -476.8782126312144; 
11, -476.9009327077074; 
9, -480.4602487270895; 
16, -455.4813407028996; 
16, -471.7834751261398; 
8, -483.99974353655125; 
9, -478.4586206264066; 
12, -477.0481376326643; 
9, -476.6708157130488; 
15, -476.20014072609774; 
11, -476.0481376326643; 
13, -476.8782126312144; 
9, -478.9894876065664; 
11, -480.56073044134246; 
13, -476.0481376326643; 
9, -479.93734998319997; 
9, -478.37543735546933; 
13, -476.46317513193935; 
12, -476.0481376326643; 
12, -476.8782126312144; 
9, -480.8458686794911; 
14, -476.0481376326643; 
8, -480.3107494519936; 
11, -476.8782126312144; 
11, -476.8782126312144; 
9, -484.4816704994155; 
8, -487.17959467145556; 
12, -476.46317513193935; 
8, -481.1035462091095; 
13, -476.0481376326643; 
9, -482.0090376152657; 
16, -474.8782126312144; 
16, -472.53836262831464; 
10, -477.61355012468994; 
12, -476.46317513193935; 
9, -481.1710247972369; 
9, -480.8983360993734; 
12, -476.0481376326643; 
16, -460.084225111641; 
15, -476.0481376326643; 
10, -477.3505157188483; 
12, -476.0481376326643; 
8, -485.8735928740207; 
16, -455.7264532007248; 
16, -470.5025188122818; 
16, -476.0481376326643; 
16, -461.89800630285754; 
16, -470.7834751261398; 
8, -480.82592362258583; 
9, -476.5836600036564; 
9, -477.5258123482199; 
16, -454.14149069999985; 
16, -473.36843762686476; 
8, -497.0935165043338; 
12, -476.46317513193935; 
11, -477.7834751261398; 
15, -476.0481376326643; 
9, -477.215709688724; 
7, -482.1646065336099; 
12, -476.46317513193935; 
8, -481.5003753526544; 
12, -476.46317513193935; 
9, -486.20551235401945; 
8, -483.6146970436239; 
8, -477.1068799364439; 
10, -481.3325938108319; 
13, -476.0481376326643; 
9, -479.1645405730087; 
9, -482.4129092721996; 
12, -476.8782126312144; 
13, -476.0481376326643; 
14, -476.0481376326643; 
13, -476.0481376326643; 
16, -476.0481376326643; 
11, -476.1985126254149; 
11, -477.7082876297645; 
9, -486.5917333041725; 
13, -476.0481376326643; 
14, -476.0481376326643; 
12, -476.8782126312144; 
11, -477.7082876297645; 
16, -443.34750318042643; 
16, -469.7655532181234; 
8, -483.428025583009; 
11, -476.1233251290396; 
9, -479.3446629091486; 
8, -482.858051289033; 
9, -477.87845629415824; 
9, -477.10727498464985; 
11, -477.27532822247304; 
11, -476.53836262831464; 
12, -476.8782126312144; 
13, -476.46317513193935; 
12, -476.46317513193935; 
8, -479.2893710285716; 
10, -478.1985126254149; 
12, -476.46317513193935; 
8, -477.94616483135906; 
16, -412.812779001164; 
16, -416.68759684627; 
16, -471.36843762686476; 
16, -468.68873762106523; 
14, -476.0481376326643; 
13, -476.46317513193935; 
12, -476.46317513193935; 
15, -476.46317513193935; 
9, -477.80326879778295; 
9, -480.29512189411616; 
11, -477.7082876297645; 
13, -476.0481376326643; 
8, -482.53644409871777; 
11, -479.6903657217481; 
12, -476.46317513193935; 
10, -480.028587623965; 
11, -477.8782126312144; 
10, -479.08585321232385; 
12, -476.1233251290396; 
11, -477.7082876297645; 
13, -476.0481376326643; 
11, -477.22156249842374; 
16, -465.028587623965; 
16, -465.332593810861; 
11, -479.44362512324005; 
8, -482.0663888424606; 
16, -460.106945188134; 
16, -461.7443751087412; 
12, -476.8782126312144; 
8, -481.22234190745803; 
9, -477.85280981280084; 
14, -476.0481376326643; 
13, -476.46317513193935; 
8, -483.5256507878803; 
11, -476.9534001275897; 
10, -477.44362512324005; 
14, -476.0481376326643; 
10, -477.6186780897551; 
10, -478.1985126254149; 
11, -477.29325013048947; 
12, -476.46317513193935; 
12, -476.52044072031276; 
10, -481.72491123364307; 
10, -480.95243162004044; 
9, -480.76249928222387; 
12, -476.1233251290396; 
10, -476.74600320943864; 
9, -477.20062805205816; 
8, -479.4287029673578; 
14, -476.78510322683724; 
16, -460.9143001101911; 
11, -478.2509800452972; 
16, -453.7821768220165; 
16, -444.49763451021863; 
16, -476.93710632028524; 
16, -467.1789626167156; 
13, -476.0481376326643; 
10, -477.9226842766511; 
11, -477.7834751261398; 
16, -427.14499056438217; 
16, -458.74600320943864; 
14, -476.0481376326643; 
13, -476.78510322683724; 
16, -476.0481376326643; 
16, -472.9534001275897; 
13, -476.0481376326643; 
10, -476.63334379636217; 
10, -478.74351520166965; 
13, -476.46317513193935; 
13, -476.0481376326643; 
13, -476.0481376326643; 
14, -476.29325013048947; 
11, -477.6545219057589; 
11, -481.2574063144857; 
14, -476.0481376326643; 
16, -461.17253634752706; 
16, -423.5050017487956; 
16, -455.3309657101636; 
16, -466.51881261961535; 
16, -430.60583572648466; 
13, -476.0481376326643; 
12, -476.1233251290396; 
11, -477.2753282224876; 
10, -480.5777063086862; 
11, -476.27370012179017; 
14, -476.0481376326643; 
10, -476.56965193880023; 
12, -477.9306800510967; 
16, -468.44362512324005; 
16, -440.08669787301915; 
16, -466.3261675416725; 
15, -476.0481376326643; 
16, -456.79367246082984; 
16, -476.46317513193935; 
12, -476.46317513193935; 
14, -476.3700657275622; 
11, -476.53836262831464; 
13, -476.78510322683724; 
16, -477.0481376326643; 
9, -481.39010306214914; 
11, -476.53836262831464; 
9, -485.1059766805556; 
11, -478.53836262831464; 
15, -476.0481376326643; 
16, -476.3700657275622; 
14, -476.0481376326643; 
16, -444.1408897023066; 
16, -468.180590717413; 
12, -476.1233251290396; 
11, -478.4257032152382; 
12, -476.1233251290396; 
10, -481.6906955183367; 
11, -477.69036572176265; 
11, -476.51881261961535; 
12, -476.46317513193935; 
9, -482.051881160005; 
16, -470.1985126254149; 
12, -476.53836262831464; 
16, -465.4257032152382; 
15, -477.2180626341142; 
11, -479.332593810861; 
11, -477.44525322393747; 
8, -481.36513705618563; 
15, -476.0481376326643; 
10, -477.9159282108885; 
8, -482.5632888418331; 
10, -481.51881261961535; 
10, -476.8065249992069; 
8, -477.27393410893274; 
12, -476.46317513193935; 
15, -476.0481376326643; 
10, -477.3309657101345; 
9, -480.99811543599935; 
11, -478.4257032152382; 
10, -478.7639251174405; 
14, -476.0481376326643; 
11, -478.53836262831464; 
14, -476.0481376326643; 
14, -476.0481376326643; 
9, -482.8186526930076; 
13, -476.8782126312144; 
14, -476.0481376326643; 
14, -476.46317513193935; 
14, -476.0481376326643; 
14, -476.0481376326643; 
16, -473.7082876297645; 
16, -473.7082876297645; 
16, -476.0481376326643; 
16, -474.8782126312144; 
16, -472.1985126254149; 
16, -469.028587623965; 
12, -476.1233251290396; 
13, -476.46317513193935; 
16, -476.0481376326643; 
11, -477.2753282224876; 
14, -476.0481376326643; 
12, -476.78510322683724; 
16, -476.0481376326643; 
16, -453.47971260221675; 
16, -435.49787817319157; 
13, -477.29325013048947; 
4, -361.2970481973025; 
16, -444.1203125906177; 
16, -406.15989993396215; 
16, -411.0225625471212; 
16, -456.57445010729134; 
16, -450.70690319204004; 
16, -454.2346001043916; 
16, -427.32632507104427; 
16, -471.7834751261398; 
16, -460.084225111641; 
11, -476.1233251290396; 
16, -476.0481376326643; 
9, -481.4327029439737; 
11, -478.1233251290396; 
9, -483.49536769854603; 
15, -476.0481376326643; 
16, -436.0844687746139; 
16, -469.028587623965; 
13, -477.59245814889437; 
9, -480.89215349324513; 
16, -442.8368835154106; 
16, -453.70853129273746; 
16, -475.63310013338923; 
16, -399.9121002655593; 
16, -475.3457175503718; 
16, -476.0481376326643; 
10, -478.58087637647986; 
14, -476.0481376326643; 
9, -480.5760129564733; 
14, -476.0481376326643; 
11, -478.53836262831464; 
12, -478.9534001275897; 
11, -476.86029072321253; 
8, -482.8453308540629; 
9, -479.93605167913483; 
10, -478.0090376152657; 
12, -477.29325013048947; 
13, -476.0481376326643; 
16, -461.6349718970596; 
12, -476.44525322393747; 
16, -438.39474959572544; 
16, -436.14173436298734; 
14, -476.0481376326643; 
13, -478.0302157246624; 
12, -476.9354782195878; 
13, -476.1233251290396; 
10, -480.04658705802285; 
10, -477.82281880651135; 
10, -479.59400011599064; 
13, -476.46317513193935; 
10, -477.0630470022443; 
9, -483.03021641942905; 
14, -476.46317513193935; 
16, -461.41327678214293; 
16, -453.95527189126005; 
16, -411.7084751610528; 
16, -461.813811175467; 
13, -476.0481376326643; 
14, -476.0481376326643; 
15, -476.0481376326643; 
12, -476.8782126312144; 
12, -477.7082876297645; 
10, -483.40965307090664; 
12, -477.028587623965; 
12, -478.560730441357; 
16, -467.8586626225151; 
16, -474.53836262831464; 
16, -459.084225111641; 
13, -476.3521438195603; 
15, -476.46317513193935; 
16, -450.28838467624155; 
16, -474.8782126312144; 
16, -473.2001407261123; 
16, -470.1985126254149; 
15, -476.3700657275622; 
16, -456.106945188134; 
16, -417.78070625069086; 
15, -471.44362512324005; 
16, -462.084225111641; 
16, -476.8554925547214; 
16, -472.52044072031276; 
16, -460.9143001101911; 
16, -382.77606561157154; 
16, -475.29325013048947; 
12, -476.1233251290396; 
16, -470.61355012468994; 
11, -476.180590717413; 
16, -464.34888761816546; 
15, -476.0481376326643; 
10, -478.9360327484319; 
12, -476.1233251290396; 
16, -474.8782126312144; 
10, -478.0503391929087; 
10, -481.9264553421526; 
12, -477.7082876297645; 
10, -484.60075618175324; 
11, -478.1985126254149; 
16, -476.0481376326643; 
16, -460.494794238999; 
16, -476.0481376326643; 
11, -480.34888761816546; 
8, -485.8776666398626; 
10, -478.692237485433; 
16, -472.2282599688042; 
16, -446.2346001043916; 
11, -481.22156249848194; 
9, -484.95982221796294; 
16, -472.53836262831464; 
16, -458.88945599953877; 
16, -459.67244381376076; 
16, -476.46317513193935; 
16, -474.46317513193935; 
12, -476.53836262831464; 
13, -476.0481376326643; 
16, -472.1233251290396; 
16, -402.22485812875675; 
16, -473.2753282224876; 
11, -479.84074071451323; 
10, -481.3130438021617; 
14, -476.0481376326643; 
16, -437.85092070966493; 
16, -474.1233251290396; 
9, -476.27742118225433; 
13, -476.8782126312144; 
16, -376.3297388018109; 
16, -401.5912312405417; 
16, -421.2904812550405; 
16, -378.289096817316; 
16, -383.26469759456813; 
4, -349.6349789236847; 
1, -340.4354254658974; 
3, -365.8006968880072; 
4, -355.82790619682055; 
16, -474.78510322680813; 
4, -342.8294526421814; 
16, -384.8691750159487; 
15, -476.0481376326643; 
12, -477.2753282224876; 
12, -476.9534001275897; 
14, -476.0481376326643; 
10, -485.9735235958069; 
8, -486.7708172549901; 
14, -476.0481376326643; 
10, -482.2934937934624; 
16, -476.3700657275622; 
16, -327.01112425216706; 
3, -327.08780187612865; 
9, -489.19778778086766; 
16, -470.028587623965; 
9, -486.67664556132513; 
15, -476.0481376326643; 
9, -481.7273870392237; 
10, -480.3299972026143; 
10, -477.60932541568764; 
13, -476.46317513193935; 
16, -476.0481376326643; 
15, -476.0481376326643; 
16, -470.9354782195878; 
16, -459.8093652704265; 
12, -478.9534001275897; 
13, -476.8782126312144; 
16, -465.76555321813794; 
10, -479.6451692317787; 
13, -476.0481376326643; 
11, -477.028587623965; 
14, -476.78510322683724; 
9, -491.25701126648346; 
9, -481.24421732354676; 
10, -480.12519689270994; 
9, -485.28187784398324; 
10, -480.540234391985; 
12, -476.1233251290396; 
16, -474.78510322683724; 
13, -476.46317513193935; 
15, -476.0481376326643; 
15, -476.0481376326643; 
14, -476.0481376326643; 
16, -471.36843762686476; 
11, -477.8810304355575; 
12, -479.1822188181104; 
10, -481.04521122784354; 
8, -486.56513149972307; 
16, -474.8782126312144; 
12, -477.8782126312144; 
16, -476.0481376326643; 
11, -476.8359425460221; 
11, -478.9534001275897; 
10, -484.0679313043365; 
12, -476.1233251290396; 
10, -478.6349718970596; 
9, -481.4486292414367; 
9, -480.1116230459884; 
14, -476.0481376326643; 
16, -473.7082876297645; 
11, -479.3505157188629; 
13, -476.46317513193935; 
10, -477.78556808590656; 
16, -462.42407511454076; 
16, -470.61355012468994; 
16, -446.46016259351745; 
16, -446.1203125906177; 
16, -461.2541501130909; 
16, -444.1203125906177; 
16, -448.38497509714216; 
14, -476.0481376326643; 
8, -487.9318762830226; 
9, -482.9660426854971; 
11, -477.36843762686476; 
11, -479.1037751203403; 
14, -476.0481376326643; 
8, -481.08373824029695; 
8, -480.0189307782566; 
10, -479.388231298537; 
13, -476.8782126312144; 
16, -447.63008759496734; 
16, -429.9881031688419; 
16, -442.53535008989275; 
16, -470.27370012179017; 
16, -443.36542508844286; 
16, -448.0451250942424; 
16, -426.9864750681445; 
16, -440.2706875833683; 
16, -450.38497509714216; 
16, -418.7970000579953; 
16, -410.914787436137; 
16, -447.8230624694843; 
13, -476.44525322393747; 
10, -482.20038438908523; 
13, -476.8782126312144; 
14, -476.46317513193935; 
11, -479.84074071451323; 
10, -485.65134323044913; 
10, -479.69281094498; 
16, -422.6042832179228; 
16, -441.72527705400717; 
13, -476.8782126312144; 
13, -476.3700657275622; 
9, -483.86442860151874; 
16, -459.3796809951891; 
16, -471.7834751261398; 
10, -477.7511311745038; 
16, -437.58241834357614; 
16, -464.29162202979205; 
14, -476.0481376326643; 
13, -476.8782126312144; 
8, -488.0199577152962; 
11, -477.028587623965; 
10, -481.0157936810283; 
16, -439.3341357779573; 
16, -476.3700657275622; 
12, -476.53836262831464; 
10, -479.4061532065389; 
15, -476.0481376326643; 
16, -474.8782126312144; 
11, -476.7834751261398; 
16, -469.180590717413; 
9, -481.9296298386762; 
12, -476.44525322393747; 
11, -478.1985126254149; 
16, -470.36843762686476; 
16, -464.1264951968333; 
16, -416.3120268742787; 
16, -448.13996766356286; 
16, -472.76075504964683; 
16, -457.57692660263274; 
2, -378.49898524506716; 
16, -459.4953326290124; 
9, -479.72308572393376; 
12, -476.8782126312144; 
14, -476.0481376326643; 
15, -476.0481376326643; 
11, -476.61355012468994; 
10, -482.5531329543446; 
11, -477.99274380796123; 
16, -418.9249614114524; 
16, -458.5469624918769; 
13, -476.0481376326643; 
9, -480.93406315974426; 
14, -476.46317513193935; 
16, -442.6766788458335; 
16, -464.2676036491757; 
10, -477.7674249818083; 
15, -476.0481376326643; 
11, -477.7834751261398; 
9, -479.7801536733168; 
10, -483.5418624926824; 
16, -452.5338081227965; 
1, -370.04949842352653; 
13, -476.0481376326643; 
16, -440.14731556072365; 
16, -392.8214151916327; 
14, -476.46317513193935; 
9, -481.2361629536608; 
10, -476.98818930244306; 
16, -474.46317513193935; 
16, -396.531870363513; 
16, -466.89718057285063; 
9, -477.62658107461175; 
9, -478.39426251972327; 
9, -489.2976532509783; 
9, -478.69523237179965; 
13, -476.0481376326643; 
16, -458.0036384490668; 
16, -409.1405360518256; 
16, -411.5160437441664; 
16, -401.4229343397892; 
16, -421.97343746223487; 
5, -350.9820243813447; 
16, -415.2725593470386; 
4, -348.94272844999796; 
16, -414.80025625939015; 
16, -374.81996379746124; 
16, -369.68295620719437; 
3, -350.0370817935327; 
4, -348.2221886612242; 
1, -348.0074981205398; 
3, -365.20095820265124; 
1, -346.73887574707624; 
3, -367.23851393477526; 
10, -483.4279047754826; 
9, -483.2764751415816; 
13, -476.0481376326643; 
16, -437.398850457801; 
16, -460.0333857924561; 
16, -392.98024150711717; 
16, -419.8485281576286; 
8, -484.35469801939325; 
11, -476.1985126254149; 
9, -481.3760108151473; 
16, -449.29479209758574; 
16, -421.7783765204367; 
8, -476.9528623020742; 
8, -488.24823712330544; 
10, -478.180590717413; 
13, -476.0481376326643; 
13, -476.0481376326643; 
11, -476.7834751261398; 
9, -493.9169851629413; 
9, -481.6755486301263; 
16, -459.89742055156967; 
16, -469.49609254312236; 
14, -476.46317513193935; 
16, -473.23093410313595; 
16, -404.73068134248024; 
16, -464.74763131013606; 
16, -472.30132343102014; 
1, -368.273000055342; 
1, -366.8588200745289; 
16, -363.5345957337413; 
15, -476.63310013338923; 
11, -477.9585280926549; 
10, -487.7826727554784; 
10, -478.9766936636297; 
16, -474.3521438195603; 
16, -431.74601187265944; 
10, -481.80478550930275; 
11, -476.27370012179017; 
10, -478.86053438618546; 
13, -476.46317513193935; 
16, -476.0481376326643; 
13, -476.46317513193935; 
11, -477.4029831387452; 
11, -476.9534001275897; 
13, -476.0481376326643; 
10, -482.8621624868829; 
11, -476.52044072031276; 
12, -476.46317513193935; 
12, -477.29325013048947; 
16, -476.0481376326643; 
14, -476.0481376326643; 
13, -476.1233251290396; 
12, -477.67244381376076; 
15, -476.0481376326643; 
16, -474.8782126312144; 
16, -476.46317513193935; 
16, -475.29325013048947; 
16, -474.1233251290396; 
16, -464.8391126138158; 
16, -469.74763131013606; 
16, -467.9338501188904; 
16, -465.84074071451323; 
16, -476.01229381666053; 
16, -474.8782126312144; 
16, -465.7066595290671; 
16, -470.61355012468994; 
11, -476.50089071161347; 
12, -476.53836262831464; 
16, -424.2855845494778; 
16, -472.1985126254149; 
16, -468.9354782195878; 
16, -474.8782126312144; 
13, -477.8359425460221; 
16, -463.1610407087137; 
16, -472.57290814019507; 
16, -460.5418624926824; 
16, -462.2378563057864; 
14, -476.46317513193935; 
15, -476.0481376326643; 
16, -466.34888761816546; 
16, -449.7495030738064; 
16, -470.61355012468994; 
16, -465.0858532123384; 
16, -457.12109603063436; 
16, -432.0272031862405; 
16, -436.3884552863892; 
16, -445.597677188518; 
16, -422.6462213462801; 
16, -474.8782126312144; 
10, -478.66364566865377; 
12, -478.53836262831464; 
12, -479.69036572176265; 
16, -472.53836262831464; 
14, -476.0481376326643; 
16, -476.3700657275622; 
14, -476.0481376326643; 
11, -478.82281880651135; 
11, -483.3850612307433; 
16, -476.0481376326643; 
13, -476.46317513193935; 
9, -478.000113263377; 
16, -412.08191266836366; 
15, -476.0481376326643; 
12, -477.69036572176265; 
16, -453.73313857702306; 
16, -467.6017246893025; 
15, -476.0481376326643; 
12, -478.36843762686476; 
14, -476.46317513193935; 
11, -478.68873762106523; 
10, -485.92352893733187; 
11, -477.46634519973304; 
14, -476.0481376326643; 
11, -480.3914874999318; 
14, -476.0481376326643; 
14, -476.0481376326643; 
16, -476.0481376326643; 
11, -479.4602487271186; 
9, -482.74020526127424; 
14, -476.8782126312144; 
13, -476.78510322683724; 
14, -476.0481376326643; 
8, -486.6953768627136; 
10, -477.03721545339795; 
14, -476.0481376326643; 
14, -476.0481376326643; 
14, -476.0481376326643; 
13, -476.3521438195603; 
9, -501.62024093902437; 
15, -476.0481376326643; 
10, -479.3933592636022; 
10, -479.42920307960594; 
9, -477.6695876386366; 
16, -469.1985126254149; 
16, -372.28139742207713; 
9, -480.79920401459094; 
13, -476.8782126312144; 
9, -477.9775969197508; 
9, -482.99747672502417; 
13, -476.46317513193935; 
12, -477.29325013048947; 
16, -472.86029072321253; 
14, -476.0481376326643; 
9, -483.36476391059114; 
9, -478.4007077195565; 
11, -478.14474690140923; 
15, -476.0481376326643; 
16, -447.46179069421487; 
4, -359.01408945111325; 
9, -480.3126262872829; 
16, -464.18247905228054; 
15, -476.0481376326643; 
13, -476.0481376326643; 
10, -479.3324852103833; 
15, -476.0481376326643; 
11, -478.74763131013606; 
16, -476.0481376326643; 
12, -476.8782126312144; 
14, -476.0481376326643; 
16, -476.0481376326643; 
14, -476.0481376326643; 
13, -476.46317513193935; 
11, -477.14474690140923; 
10, -480.06020673102466; 
14, -476.0481376326643; 
13, -476.46317513193935; 
12, -476.8782126312144; 
10, -477.1485765623511; 
11, -477.20364059048006; 
13, -477.44525322393747; 
16, -456.410812255519; 
1, -365.2034840772976; 
16, -391.88679085101467; 
16, -416.1649950926658; 
16, -476.0481376326643; 
10, -480.1174723193981; 
16, -448.46504166710656; 
16, -408.0569607047364; 
16, -473.07893100968795; 
16, -474.53836262831464; 
16, -467.51881261961535; 
1, -375.6700214825687; 
16, -439.57827812823234; 
16, -465.51881261961535; 
16, -474.53836262831464; 
1, -361.54203781177057; 
16, -406.2190648241667; 
16, -475.7082876297645; 
16, -454.87845629418734; 
16, -459.63334379636217; 
16, -430.6908530477085; 
16, -391.6497951330384; 
16, -430.5501342674834; 
1, -362.42259411723353; 
16, -421.9067759491736; 
14, -476.78510322683724; 
15, -476.0481376326643; 
11, -477.6400223360397; 
15, -476.0481376326643; 
16, -454.2346001043916; 
13, -476.46317513193935; 
9, -478.68309728382155; 
16, -436.764866086829; 
16, -395.2239680569037; 
16, -423.5382328176638; 
16, -379.0587670550449; 
1, -369.17793759173946; 
1, -360.17784578638384; 
1, -358.67754128802335; 
1, -356.0807491435553; 
16, -356.1412534507108; 
16, -421.00729172560386; 
1, -360.4201867331867; 
16, -389.7246750857448; 
1, -355.18661874724785; 
1, -357.7915418136399; 
1, -358.8114285656484; 
16, -421.4882732156548; 
1, -350.41765363456216; 
1, -355.9448592400295; 
16, -381.9540289833094; 
1, -357.27697258407716; 
1, -360.0673041512491; 
1, -353.9977887343266; 
1, -358.53448030812433; 
1, -356.00873800896807; 
16, -422.8909574733116; 
16, -388.72158990916796; 
16, -444.308176919003; 
16, -410.2800976987928; 
16, -449.0483812956372; 
16, -412.39551240351284; 
16, -438.4323417621199; 
16, -401.9082524306723; 
1, -356.73931735771475; 
1, -350.19765322562307; 
16, -374.6121919294819; 
1, -356.1265062451712; 
1, -347.0356919959304; 
1, -357.17912455217447; 
16, -389.9850729975733; 
1, -352.52042528020684; 
1, -354.30360505974386; 
1, -351.57443084707484; 
1, -351.13542934769066; 
1, -350.31847371393815; 
1, -349.56719294708455; 
1, -352.06424030585913; 
1, -346.5937492392259; 
1, -343.84641132107936; 
1, -352.1666825360735; 
1, -348.2168006132706; 
1, -358.1129687698558; 
1, -347.99008443258936; 
1, -352.08570316969417; 
1, -348.8039749934105; 
1, -346.1892234836123; 
1, -342.2371812813217; 
1, -348.4384796525119; 
1, -347.5060165479081; 
1, -342.9183989840094; 
1, -346.3645064755692; 
1, -343.1953265390475; 
1, -344.2565087485127; 
1, -345.7683557231794; 
12, -475.07298174337484; 
9, -483.24806945136515; 
14, -476.0481376326643; 
9, -485.25365075829905; 
11, -478.2199343977845; 
14, -476.8782126312144; 
9, -488.29309874546016; 
10, -481.75675507303094; 
12, -480.01229381666053; 
11, -477.05000939633464; 
9, -476.28551021165913; 
14, -476.46317513193935; 
14, -476.0481376326643; 
14, -476.46317513193935; 
9, -481.04009533970384; 
14, -476.46317513193935; 
10, -479.899878066557; 
13, -477.1233251290396; 
16, -476.0481376326643; 
10, -477.4706707941368; 
10, -478.594884441467; 
11, -477.2426544742775; 
13, -476.46317513193935; 
11, -479.4077813072363; 
10, -478.05913315928774; 
11, -477.80489689850947; 
16, -476.0481376326643; 
13, -477.29325013048947; 
11, -477.4257032152382; 
16, -474.8782126312144; 
10, -481.8263186708791; 
12, -476.1233251290396; 
9, -488.07039740972687; 
16, -470.028587623965; 
16, -433.25391114206286; 
13, -476.1233251290396; 
12, -477.7834751261398; 
10, -477.68451291212114; 
9, -490.35179212060757; 
11, -479.18409058178077; 
15, -476.3700657275622; 
10, -479.60932541574584; 
14, -477.0481376326643; 
12, -477.69036572176265; 
14, -476.0481376326643; 
11, -476.5777063086862; 
10, -482.7450347018894; 
15, -476.0481376326643; 
13, -476.83757064671954; 
11, -477.48134070291417; 
15, -476.0481376326643; 
11, -480.3850612307433; 
9, -484.31380428076955; 
10, -481.2250623628497; 
11, -479.22156249848194; 
9, -481.45806387026096; 
9, -488.1776652050903; 
14, -476.0481376326643; 
16, -385.1517524373485; 
16, -377.5144917272846; 
11, -479.332593810861; 
16, -476.0481376326643; 
11, -478.9354782195878; 
11, -477.332593810861; 
10, -479.6746453740052; 
9, -485.9707842100761; 
14, -476.0481376326643; 
13, -476.46317513193935; 
14, -476.0481376326643; 
14, -476.0481376326643; 
10, -481.5974999803584; 
16, -445.9870317208115; 
16, -379.55270042817574; 
16, -462.3137276239577; 
16, -476.0481376326643; 
2, -371.66169140621787; 
16, -422.8692685053102; 
16, -417.017984121223; 
16, -476.46317513193935; 
16, -457.5601366641349; 
16, -414.5430848383112; 
16, -464.84283765539294; 
16, -451.30242691823514; 
16, -366.2673691872624; 
16, -471.36911968688946; 
16, -411.8826685012318; 
13, -476.46317513193935; 
12, -477.7082876297645; 
13, -476.8782126312144; 
16, -470.29325013048947; 
16, -472.53836262831464; 
16, -449.9174020285136; 
16, -383.9190395505284; 
16, -469.1460452055326; 
16, -454.55886102461955; 
16, -404.31593021802837; 
16, -417.85377948952373; 
16, -435.4408162239124; 
1, -360.3316552551114; 
16, -395.67544161435217; 
16, -438.4950684599462; 
16, -375.75202708365396; 
16, -439.79774135601474; 
13, -476.46317513193935; 
16, -468.4827711646212; 
16, -379.18250848399475; 
16, -410.4826277974644; 
16, -471.3505157188629; 
10, -479.35238748253323; 
16, -398.31455335073406; 
16, -380.77286401047604; 
12, -476.180590717413; 
14, -476.0481376326643; 
11, -476.2557782137883; 
11, -479.00096431473503; 
10, -480.692237485433; 
8, -484.25305058428785; 
11, -480.1985126254149; 
12, -476.53836262831464; 
13, -477.0481376326643; 
9, -487.8800191434566; 
10, -481.40485490241554; 
16, -474.8782126312144; 
16, -447.42834466364; 
16, -399.7342217708938; 
16, -442.3279503750382; 
12, -478.29325013048947; 
11, -477.80489689850947; 
16, -461.6301737285685; 
13, -476.8782126312144; 
16, -422.0821538164164; 
16, -457.2115153914783; 
16, -466.8586626225151; 
15, -476.0481376326643; 
9, -477.7866385379457; 
15, -476.0481376326643; 
16, -463.02156035706867; 
16, -412.3075676403241; 
16, -405.6019936730736; 
11, -479.84355573012726; 
11, -479.51881261961535; 
16, -441.5569040700793; 
16, -375.0606121579185; 
16, -476.0481376326643; 
16, -429.9761747722514; 
1, -373.9174559916137; 
11, -476.7053612249438; 
16, -417.28163586417213; 
2, -372.96324613841716; 
16, -378.79304388316814; 
16, -436.2295343539445; 
16, -416.74014616326895; 
13, -477.29325013048947; 
16, -462.81046000053175; 
10, -479.7139890543767; 
9, -483.5372174801305; 
9, -479.1872777977842; 
10, -480.7824204849894; 
11, -478.9911157072638; 
10, -483.2922540847212; 
10, -477.0714311687043; 
11, -476.1789626167156; 
9, -482.1066697666538; 
16, -473.7082876297645; 
12, -476.46317513193935; 
11, -477.2753282224876; 
10, -477.2378563057864; 
16, -465.51881261961535; 
12, -476.8782126312144; 
14, -476.0481376326643; 
9, -477.56110606418224; 
16, -474.8782126312144; 
9, -476.3584187037195; 
12, -478.53836262831464; 
11, -478.180590717413; 
10, -486.43083118030336; 
10, -477.1750415667775; 
12, -476.53836262831464; 
11, -479.2541501130909; 
15, -476.0481376326643; 
14, -477.61517822532915; 
16, -426.2382907285355; 
16, -469.3457175503718; 
15, -476.0481376326643; 
10, -478.9398813400767; 
10, -478.14532036095625; 
11, -479.4257032152382; 
10, -486.9724500240409; 
16, -442.6198902602773; 
1, -369.66368498071097; 
16, -459.66918761236593; 
16, -456.9143001101911; 
16, -425.6701285816962; 
16, -445.5203545867698; 
16, -470.41610687831417; 
16, -476.0481376326643; 
16, -405.97748628491536; 
16, -394.5158642643364; 
16, -386.68162152019795; 
16, -473.2753282224294; 
14, -476.37006572750397; 
13, -476.46317513193935; 
9, -479.6294147069566; 
16, -467.0445905548986; 
14, -476.1233251290396; 
9, -484.7027646166971; 
12, -476.1233251290396; 
10, -479.3066175329732; 
14, -476.0481376326643; 
11, -480.840740714455; 
10, -481.12569282611366; 
9, -478.0988616953837; 
10, -484.58470603683963; 
15, -476.0481376326643; 
9, -478.11211276828544; 
14, -476.0481376326643; 
10, -480.4637485911371; 
14, -476.0481376326643; 
16, -473.7082876297645; 
16, -433.251137574669; 
14, -476.0481376326643; 
13, -476.46317513193935; 
10, -480.55577884742524; 
13, -476.8782126312144; 
9, -479.8982291389839; 
11, -480.51881261961535; 
10, -479.4441985824378; 
9, -497.28350756975124; 
12, -476.8782126312144; 
10, -481.14182049629744; 
11, -478.61355012468994; 
6, -367.89261268713744; 
7, -376.76272021600744; 
16, -412.57529236900155; 
16, -466.57770630856976; 
16, -481.53999072895385; 
9, -488.0962926237844; 
15, -476.0481376326643; 
13, -476.8782126312144; 
10, -479.5075381763745; 
16, -476.0481376326643; 
9, -481.73178711440414; 
14, -476.0481376326643; 
12, -477.7834751261398; 
11, -477.1610407086555; 
9, -477.86566324264277; 
11, -478.1626688092947; 
11, -478.9175563114695; 
11, -482.89963440340944; 
14, -476.0481376326643; 
13, -476.1233251290396; 
16, -474.8782126312144; 
16, -437.76254067965783; 
16, -393.0407281180378; 
16, -413.70226255292073; 
14, -476.0481376326643; 
12, -476.1233251290396; 
16, -476.0481376326643; 
12, -476.1233251290396; 
16, -474.8782126312144; 
12, -476.53836262831464; 
12, -477.29325013048947; 
9, -478.0050774499541; 
9, -479.4007947440259; 
9, -478.6436230847612; 
9, -476.15845990984235; 
13, -476.8782126312144; 
10, -477.88195615820587; 
12, -477.1233251290396; 
15, -476.0481376326643; 
16, -375.2125187946949; 
13, -476.8782126312144; 
14, -475.63310013338923; 
10, -487.44600098289084; 
10, -480.9229054718744; 
11, -478.3475893138675; 
10, -477.7482047692174; 
11, -481.23785630567; 
13, -477.7082876297645; 
16, -383.599938549567; 
16, -402.37537015241105; 
14, -476.0481376326643; 
9, -486.7505933473585; 
10, -484.91942807496525; 
16, -476.0481376326643; 
11, -480.5418624924496; 
14, -477.37006572750397; 
10, -483.18116417655256; 
10, -486.02110671345145; 
9, -478.5182747928193; 
14, -476.46317513193935; 
9, -483.8106533809332; 
13, -476.46317513193935; 
12, -478.1233251290396; 
12, -477.36843762686476; 
14, -476.0481376326643; 
12, -476.9354782195296; 
9, -498.494598666206; 
10, -476.3607985439012; 
10, -479.3591982955113; 
13, -476.0481376326643; 
11, -479.56833470379934; 
10, -485.8118966266047; 
10, -487.2448833750095; 
13, -476.78510322677903; 
13, -476.46317513193935; 
10, -479.7952730228426; 
14, -476.46317513193935; 
15, -476.0481376326643; 
13, -476.1233251290396; 
12, -476.8602907231543; 
16, -468.55696659639943; 
16, -477.0481376326643; 
15, -476.0481376326643; 
16, -431.5929061122006; 
16, -382.94518997264095; 
13, -476.46317513193935; 
14, -476.44525322387926; 
13, -478.7082876297645; 
16, -472.53836262831464; 
15, -476.0481376326643; 
16, -459.59879828442354; 
16, -455.2309530338971; 
12, -477.36843762686476; 
13, -476.8782126312144; 
16, -425.8949937643483; 
5, -357.47259415121516; 
6, -375.5067707374692; 
16, -422.9324656811077; 
12, -476.9354782195296; 
9, -480.1754630014766; 
14, -476.0481376326643; 
9, -478.20829987933394; 
15, -475.63310013338923; 
16, -468.2963420781307; 
16, -472.1054032209795; 
10, -478.20868242147844; 
16, -447.2362282050308; 
10, -477.05188115965575; 
10, -479.9997435361147; 
13, -476.6468870851677; 
10, -480.2351546327118; 
14, -476.46317513193935; 
1, -360.49230484693544; 
16, -470.39710696972907; 
10, -477.0745975021273; 
11, -476.59879828442354; 
11, -477.6342898369767; 
15, -476.0481376326643; 
10, -480.38880475761835; 
16, -459.59400011599064; 
1, -357.7457908975193; 
16, -454.51973836531397; 
10, -479.6998534578597; 
10, -480.49503790179733; 
11, -476.80326879769564; 
16, -475.61517822532915; 
11, -478.78534688963555; 
16, -476.0481376326643; 
9, -481.7998438149225; 
13, -476.0481376326643; 
11, -479.27849829022307; 
14, -476.0481376326643; 
12, -477.2574063143693; 
16, -461.1610407086555; 
16, -474.8782126312144; 
16, -458.08655051875394; 
14, -476.0481376326643; 
15, -476.0481376326643; 
16, -474.8782126312144; 
9, -478.60087599698454; 
16, -473.7082876297645; 
14, -476.0481376326643; 
13, -474.9534001275897; 
14, -476.46317513193935; 
14, -476.46317513193935; 
14, -476.0481376326643; 
12, -479.3146719026845; 
10, -481.8229321491672; 
9, -480.7843095927965; 
10, -480.6205498529598; 
16, -443.20858359267004; 
1, -367.7884456855245; 
16, -476.78510322677903; 
9, -482.3084015768254; 
9, -490.8817265393445; 
10, -480.26114984136075; 
9, -484.4992559533566; 
10, -481.5258123478852; 
14, -476.46317513193935; 
12, -481.13515056448523; 
11, -478.59562821662985; 
14, -476.63310013338923; 
12, -476.9534001275897; 
10, -482.119344082661; 
9, -479.9913527125027; 
11, -478.63497189688496; 
14, -476.0481376326643; 
15, -476.0481376326643; 
16, -470.08620567340404; 
16, -412.27694663533475; 
16, -471.3949098380981; 
14, -476.8782126312144; 
9, -488.7958401569631; 
9, -489.66762299335096; 
10, -482.3041681307368; 
11, -476.9159282108303; 
16, -475.63310013338923; 
10, -481.5044681013096; 
9, -479.5782145153498; 
11, -479.2967499946244; 
10, -481.628492833348; 
10, -480.33316726994235; 
10, -482.13351872959174; 
13, -476.46317513193935; 
10, -481.0976511090994; 
10, -477.0189826792339; 
12, -477.7082876297645; 
12, -476.53836262831464; 
10, -479.0003445339389; 
11, -477.5725592896342; 
13, -477.7082876297645; 
9, -487.66451120981947; 
16, -462.3066175329732; 
16, -412.19035484152846; 
16, -433.26493981759995; 
15, -476.0481376326643; 
12, -479.0647612364264; 
11, -479.9338501188904; 
12, -476.53836262831464; 
12, -477.028587623965; 
14, -476.46317513193935; 
13, -476.46317513193935; 
9, -482.19968042499386; 
16, -456.8323876528302; 
11, -479.73133750259876; 
16, -461.9988402805757; 
16, -413.41784274799284; 
16, -420.660322137177; 
16, -467.8123689701315; 
16, -425.46262239059433; 
16, -433.61398474499583; 
16, -404.1034430145519; 
15, -476.0481376326643; 
11, -477.9911157072056; 
16, -443.00649403221905; 
16, -399.13995796605013; 
13, -476.46317513193935; 
16, -441.1792062795721; 
1, -373.78547397756483; 
16, -403.4542901086388; 
13, -476.46317513193935; 
16, -476.0481376326643; 
12, -477.1233251290396; 
10, -477.9352032839088; 
14, -477.0481376326643; 
12, -477.7082876297645; 
10, -477.67651713697705; 
16, -467.1789626167156; 
16, -476.46317513193935; 
16, -471.36843762686476; 
16, -460.49926261091605; 
16, -450.1987562882714; 
16, -453.63334379624575; 
16, -467.1037751203403; 
16, -476.0481376326643; 
16, -450.55652819923125; 
16, -438.1023906825576; 
16, -359.57485129951965; 
16, -431.007653177483; 
16, -413.0078968403395; 
16, -391.1761937411502; 
16, -433.74461877159774; 
16, -426.64988126652315; 
4, -355.5365604257677; 
16, -405.80668252834585; 
16, -375.9923105145572; 
6, -346.47888948943; 
3, -353.6415230076527; 
16, -425.2006280517671; 
16, -357.32522955921013; 
5, -348.7494449898368; 
5, -366.0457051995909; 
5, -354.7169397891266; 
3, -356.06435770425014; 
6, -340.28293925733306; 
5, -351.1653815584723; 
3, -357.0135248862207; 
5, -349.6595449546585; 
2, -360.86642370466143; 
1, -361.6471057770541; 
4, -352.6091646455461; 
5, -366.5575832600007; 
15, -446.9158319021808; 
11, -482.9159282108303; 
12, -480.9175563114695; 
16, -476.0481376326643; 
11, -480.1251968925353; 
11, -478.4112811712548; 
11, -478.08455490798224; 
13, -476.8782126312144; 
15, -476.0481376326643; 
16, -474.8782126312144; 
15, -476.0481376326643; 
15, -476.0481376326643; 
15, -476.0481376326643; 
9, -478.7238331612898; 
11, -477.88865362876095; 
13, -476.46317513193935; 
15, -476.0481376326643; 
1, -357.3728019447299; 
16, -469.9517720269505; 
11, -476.4096530706156; 
13, -476.27370012179017; 
11, -481.8460348164663; 
14, -476.0481376326643; 
1, -376.121865104069; 
16, -434.1183358792914; 
15, -476.0481376326643; 
16, -447.0561861867318; 
1, -364.6210675940383; 
12, -477.7834751261398; 
16, -476.0481376326643; 
13, -476.8602907231543; 
11, -478.53046540380456; 
9, -483.108016531216; 
14, -476.0481376326643; 
10, -488.32997453736607; 
12, -477.36843762686476; 
10, -481.25153083959594; 
12, -477.715209832415; 
13, -476.9534001275897; 
11, -478.9731937991455; 
10, -478.82209396129474; 
9, -480.20551324565895; 
12, -476.53836262831464; 
11, -481.48134070285596; 
16, -474.8782126312144; 
16, -462.01885908225086; 
14, -476.0481376326643; 
10, -487.4300288092345; 
13, -477.29325013048947; 
13, -476.9534001275897; 
12, -477.1805907173548; 
16, -476.0481376326643; 
16, -382.10611922235694; 
1, -394.8194445319241; 
16, -445.78288134897593; 
12, -477.9534001275897; 
12, -477.1054032209795; 
16, -430.5014143893495; 
16, -476.0481376326643; 
14, -476.37006572750397; 
14, -476.46317513193935; 
13, -476.8782126312144; 
11, -483.3360936748795; 
12, -477.0810550438473; 
12, -477.028587623965; 
10, -483.2874559154734; 
13, -477.29325013048947; 
16, -476.0481376326643; 
15, -476.0481376326643; 
15, -476.0481376326643; 
14, -476.8782126312144; 
16, -474.53836262831464; 
16, -473.7082876297645; 
15, -476.0481376326643; 
16, -469.9879456394119; 
9, -479.8198585342616; 
1, -382.87359234748874; 
14, -475.76718131871894; 
13, -477.81964873860124; 
13, -479.1233251290396; 
16, -471.7834751261398; 
10, -481.920001534163; 
16, -474.8782126312144; 
10, -479.8938401885098; 
13, -477.59725631726906; 
16, -473.36843762686476; 
16, -474.8782126312144; 
14, -476.0481376326643; 
16, -476.0481376326643; 
16, -437.68227146030404; 
16, -386.3312087013619; 
16, -474.1233251290396; 
10, -486.2012876444496; 
13, -476.8782126312144; 
16, -476.0481376326643; 
11, -477.26947541255504; 
15, -476.78510322677903; 
15, -477.0481376326643; 
16, -458.49926261091605; 
16, -475.63310013338923; 
14, -468.3261675416725; 
11, -478.03208748809993; 
16, -463.59400011599064; 
16, -471.7450302729849; 
12, -446.07000707276165; 
16, -467.7639251174405; 
12, -477.27370012179017; 
12, -478.44525322387926; 
16, -473.36843762686476; 
9, -481.838633381878; 
11, -478.2166781963315; 
9, -484.7399323596619; 
14, -476.0481376326643; 
10, -476.8995916182175; 
11, -479.71015939337667; 
9, -488.7247184496373; 
14, -476.0481376326643; 
15, -476.0481376326643; 
11, -480.2394844064256; 
9, -491.04353875573725; 
1, -374.6600115248002; 
1, -380.80951764725614; 
10, -477.6189217523206; 
12, -477.36843762686476; 
9, -484.5839072515955; 
15, -476.0481376326643; 
13, -476.78510322677903; 
9, -479.0182597844396; 
13, -478.61517822532915; 
11, -479.3146719026845; 
12, -478.1054032209795; 
11, -481.3898593990598; 
10, -476.7097643445013; 
11, -477.12519689265173; 
12, -478.29325013048947; 
9, -478.06170013092924; 
15, -476.0481376326643; 
13, -476.8782126312144; 
12, -478.1233251290396; 
11, -477.51881261961535; 
15, -475.63310013338923; 
10, -480.23363159643486; 
11, -478.0775276410859; 
16, -471.36843762686476; 
11, -477.1251968925353; 
9, -480.23062100831885; 
11, -478.7385680198204; 
15, -476.0481376326643; 
11, -478.65289380494505; 
9, -480.24616005574353; 
9, -480.19833877228666; 
15, -476.0481376326643; 
9, -484.58973769296426; 
9, -481.8332031593891; 
16, -474.8782126312144; 
9, -481.0826338331681; 
9, -481.86008509155363; 
10, -480.47270621638745; 
13, -476.9306800510967; 
11, -480.50089071155526; 
13, -476.8782126312144; 
11, -480.0842251115246; 
11, -479.3671393225668; 
9, -478.5555414548144; 
16, -474.8782126312144; 
12, -477.69540135131683; 
14, -476.51564255182166; 
13, -476.8782126312144; 
12, -477.0106657159049; 
16, -415.14080356864724; 
16, -435.2193291190779; 
10, -476.31841542967595; 
16, -439.86485555174295; 
11, -478.68898128380533; 
11, -477.57128003949765; 
10, -485.2205078569241; 
11, -478.63497189688496; 
14, -476.46317513193935; 
9, -477.21100878552534; 
12, -478.53836262831464; 
16, -463.145556492731; 
1, -374.717818777659; 
16, -461.2014462510124; 
12, -476.9534001275897; 
11, -480.93255181470886; 
12, -477.36843762686476; 
9, -479.6646264492301; 
9, -480.73494155786466; 
11, -477.2951218939852; 
13, -476.1233251290396; 
12, -477.7310077062575; 
12, -479.12845309381373; 
9, -476.5266355993226; 
12, -477.61355012468994; 
14, -476.0481376326643; 
15, -476.0481376326643; 
14, -476.0481376326643; 
11, -476.3309657101054; 
14, -474.97576794063207; 
10, -479.85349425987806; 
11, -481.08935307641514; 
14, -476.37006572750397; 
15, -476.0481376326643; 
14, -476.46317513193935; 
12, -476.61355012468994; 
12, -478.27370012179017; 
15, -476.37006572750397; 
16, -452.2557782137301; 
16, -436.03749682952184; 
16, -444.5402343918104; 
16, -439.44061258481815; 
16, -441.76254067965783; 
16, -428.41729151050095; 
16, -455.95527189108543; 
16, -414.36002592218574; 
16, -414.5036071357317; 
16, -435.0991243061144; 
16, -412.64355130610056; 
16, -439.42269067675807; 
16, -458.1837607851485; 
16, -413.6538347742753; 
16, -431.70750418980606; 
16, -427.1390689841937; 
16, -412.2836641165195; 
16, -409.03844655444846; 
16, -405.19447529979516; 
16, -419.60928394855; 
16, -438.2361962379655; 
16, -465.3130438020453; 
15, -476.0481376326643; 
10, -479.657296924619; 
15, -476.0481376326643; 
15, -478.63310013338923; 
14, -476.0481376326643; 
11, -480.80009872990195; 
15, -476.0481376326643; 
14, -476.46317513193935; 
11, -478.82761697482783; 
11, -479.79847062926274; 
9, -487.1774882489117; 
13, -476.8782126312144; 
11, -479.7045705644414; 
13, -477.29325013048947; 
12, -477.36843762686476; 
14, -476.46317513193935; 
10, -481.8944411862176; 
12, -477.9127581430366; 
12, -480.4273313158192; 
16, -474.1233251290396; 
10, -487.15104932303075; 
11, -480.896378202131; 
10, -483.52010529325344; 
12, -478.9354782195296; 
12, -476.8602907231543; 
9, -490.56949807482306; 
16, -476.0481376326643; 
10, -486.3117454977473; 
14, -476.37006572750397; 
14, -476.0481376326643; 
9, -478.3795468060998; 
12, -480.0647612364264; 
11, -479.84261247795075; 
15, -476.0481376326643; 
11, -478.6743155771401; 
16, -476.0481376326643; 
10, -478.8787054702407; 
10, -477.34179509885143; 
11, -478.48134070285596; 
15, -476.0481376326643; 
14, -476.46317513193935; 
12, -477.7834751261398; 
15, -476.0481376326643; 
13, -478.0074956481112; 
12, -476.53836262831464; 
16, -476.0481376326643; 
12, -476.7639251174405; 
10, -491.51491770672146; 
12, -478.8602907231543; 
16, -476.0481376326643; 
12, -476.9175563114695; 
14, -476.0481376326643; 
11, -482.3540155829396; 
10, -483.34366384288296; 
9, -482.6520139226923; 
15, -476.0481376326643; 
16, -470.9879456394119; 
1, -375.66566147317644; 
1, -369.9193744385848; 
16, -411.1368763787905; 
16, -418.4054660751717; 
16, -376.55453848291654; 
11, -482.3655112219276; 
16, -476.37006572750397; 
11, -476.20071418525185; 
12, -476.27370012179017; 
14, -476.1233251290396; 
14, -476.1233251290396; 
13, -477.8782126312144; 
13, -476.46317513193935; 
13, -476.8782126312144; 
16, -476.46317513193935; 
10, -485.300129547948; 
9, -477.8430747279199; 
15, -476.0481376326643; 
10, -484.35588734643534; 
9, -480.9696012826171; 
15, -476.0481376326643; 
12, -477.1054032209795; 
16, -476.0481376326643; 
16, -476.0481376326643; 
12, -478.4273313158192; 
16, -476.46317513193935; 
11, -476.6205498529598; 
15, -476.0481376326643; 
14, -476.0481376326643; 
11, -480.75242947845254; 
14, -476.46317513193935; 
11, -476.55652819923125; 
12, -479.09098117705435; 
15, -476.0481376326643; 
12, -477.68873762106523; 
10, -477.2175814518705; 
12, -477.8602907231543; 
13, -476.9534001275897; 
10, -486.9566721385345; 
11, -479.9927438078448; 
12, -477.27370012179017; 
11, -478.07305926899426; 
13, -476.1233251290396; 
12, -478.3505157188047; 
12, -479.2753282224294; 
12, -479.0106657159049; 
12, -476.8504421155667; 
10, -486.08065999508835; 
12, -481.57290814013686; 
10, -481.8076719173696; 
12, -476.9534001275897; 
11, -477.8980063027702; 
14, -476.0481376326643; 
11, -478.62380605423823; 
13, -477.1985126254149; 
14, -476.1233251290396; 
9, -482.3751517990604; 
10, -482.3432595403865; 
12, -476.53836262831464; 
13, -476.53836262831464; 
13, -476.1233251290396; 
11, -478.41640913602896; 
11, -477.3114157014061; 
13, -477.7082876297645; 
12, -478.9354782195296; 
13, -476.53836262831464; 
13, -477.59083004819695; 
9, -479.5801688757492; 
1, -369.30305941880215; 
1, -392.8640595363686; 
16, -415.7794209322892; 
14, -477.29325013048947; 
9, -479.10083575942554; 
15, -476.0481376326643; 
11, -481.02728931966703; 
15, -476.37006572750397; 
14, -476.46317513193935; 
10, -481.03167350857984; 
13, -477.29325013048947; 
15, -476.0481376326643; 
12, -478.9534001275897; 
11, -478.09098117705435; 
13, -476.8782126312144; 
15, -476.0481376326643; 
14, -476.46317513193935; 
16, -469.028587623965; 
11, -477.4096530706156; 
16, -464.1985126254149; 
16, -476.46317513193935; 
16, -476.78510322677903; 
16, -425.03269866108894; 
16, -412.91325941553805; 
16, -472.53836262831464; 
16, -453.47971260221675; 
16, -476.0481376326643; 
16, -465.9338501188904; 
16, -459.32933760946617; 
16, -469.68873762106523; 
16, -453.80326879769564; 
16, -411.0780425054254; 
12, -478.1233251290396; 
16, -476.0481376326643; 
13, -476.78510322677903; 
10, -486.51874736719765; 
13, -476.8782126312144; 
11, -480.8218502984382; 
9, -488.1511834610719; 
13, -476.8782126312144; 
12, -479.44362512324005; 
10, -478.41632300254423; 
16, -472.53836262831464; 
16, -472.97576794051565; 
13, -476.53836262831464; 
11, -477.8195401378907; 
14, -476.8782126312144; 
14, -476.0481376326643; 
12, -480.2574063143693; 
15, -476.0481376326643; 
16, -477.6855675531551; 
11, -480.5649123652838; 
10, -478.2416859661462; 
8, -482.95325606816914; 
10, -482.58402397704776; 
16, -472.84236881509423; 
16, -475.1233251290396; 
12, -478.1985126254149; 
14, -476.0481376326643; 
10, -481.7011951104505; 
11, -477.983372202958; 
14, -476.0481376326643; 
14, -476.46317513193935; 
10, -483.7846031137742; 
14, -476.46317513193935; 
15, -476.46317513193935; 
16, -473.7082876297645; 
10, -480.8652825485915; 
9, -481.1474189646542; 
16, -469.44362512324005; 
10, -482.5226147414651; 
13, -477.29325013048947; 
11, -480.99144550354686; 
11, -477.2199343976099; 
10, -486.6666495986283; 
9, -487.5612595292041; 
10, -485.98046472889837; 
14, -476.46317513193935; 
11, -480.1447469012346; 
16, -471.36843762686476; 
15, -476.0481376326643; 
16, -435.7482419327134; 
16, -398.66733021405526; 
12, -477.42570321517996; 
16, -471.6114260904724; 
16, -449.6630911397515; 
16, -476.0481376326643; 
10, -480.8975399300689; 
9, -480.83324564329814; 
10, -482.82852023036685; 
10, -481.5900053263176; 
16, -405.96681000024546; 
16, -386.3075110997306; 
16, -474.8782126312144; 
1, -354.4281399374595; 
16, -462.9131492099259; 
16, -448.5653647442814; 
13, -476.8782126312144; 
11, -480.1431188005954; 
16, -437.6859032440698; 
16, -450.5772651229054; 
10, -480.48834043112583; 
16, -379.7557082059793; 
16, -385.7941463777097; 
11, -477.86216248665005; 
11, -480.78697499027476; 
16, -443.42244701390155; 
16, -408.8160616934765; 
14, -476.46317513193935; 
13, -477.9371063201688; 
12, -477.29325013048947; 
10, -483.8937815935351; 
12, -478.1233251290396; 
10, -486.0537304559257; 
10, -480.9709855817491; 
12, -478.1985126254149; 
12, -477.028587623965; 
13, -476.9534001275897; 
13, -476.8782126312144; 
15, -476.0481376326643; 
16, -421.8459771173075; 
