8, -745.2992752062518; 
7, -747.7895002019134; 
10, -744.884237706965; 
7, -745.8861094707586; 
7, -750.6377407716068; 
11, -744.8842377070141; 
12, -744.8842377070141; 
12, -732.3369907860324; 
7, -747.9225267463962; 
9, -746.111428296852; 
8, -748.150771977249; 
7, -746.1515890999763; 
12, -742.5443877041289; 
10, -745.7143127055715; 
10, -746.1293502048502; 
12, -735.5248376954733; 
8, -749.0544063715424; 
8, -746.3209406417773; 
7, -745.7518769004928; 
11, -744.9594252034076; 
12, -744.8842377070141; 
8, -752.5104156518755; 
9, -748.1507719772471; 
9, -747.7504001846537; 
10, -745.3744627026863; 
8, -747.7539000490542; 
10, -743.8646876983585; 
10, -745.0346126998011; 
9, -750.5248376954733; 
11, -746.1293502048502; 
12, -737.1098001961946; 
12, -739.7715782939667; 
12, -740.6195752005224; 
11, -745.2992752062928; 
12, -739.4496501990798; 
9, -746.4121782824259; 
10, -746.2045377012437; 
8, -752.3964579347266; 
9, -747.9219532867537; 
12, -744.8842377070141; 
12, -742.2045377012437; 
12, -745.2992752062928; 
8, -746.184176714658; 
10, -747.6963907975733; 
9, -745.4924937431206; 
7, -748.9933701158952; 
10, -745.4496501980757; 
12, -741.374462701664; 
11, -746.129350203817; 
11, -746.129350203817; 
8, -744.9736683235824; 
11, -743.7895002009463; 
12, -744.129350203817; 
12, -744.4512782987076; 
12, -744.88423770597; 
10, -745.3386188857039; 
12, -744.86631579799; 
12, -744.88423770597; 
12, -742.5443877030993; 
12, -745.2992752052523; 
12, -744.5443877030993; 
12, -742.9415032944016; 
11, -745.7143127045347; 
12, -742.619575199511; 
12, -739.109800195205; 
12, -740.619575199511; 
12, -741.6963907965546; 
12, -745.7143127045347; 
11, -746.0346126987934; 
11, -740.1686938842686; 
12, -745.2992752052523; 
12, -744.9594252023817; 
12, -743.864687697358; 
11, -747.2045377002287; 
12, -743.0346126987934; 
8, -746.8258246878031; 
12, -734.9219532857896; 
12, -739.109800195205; 
12, -742.4333563907276; 
12, -735.9398751937697; 
12, -745.2992752052523; 
12, -740.1866157922486; 
10, -738.5885295520711; 
12, -745.129350203817; 
12, -740.1866157922486; 
12, -743.374462701664; 
12, -732.3011469691119; 
12, -742.1866157922486; 
12, -732.4121782830043; 
12, -731.2828952664277; 
12, -739.5069157884427; 
12, -734.7520282862679; 
12, -743.3744627037086; 
12, -739.3565407956921; 
12, -737.0918782891677; 
12, -741.0346127008088; 
12, -738.6016532935173; 
11, -746.111428297867; 
11, -747.0346127008088; 
11, -748.279725198634; 
12, -745.7143127066083; 
11, -745.6784688905755; 
8, -750.0430891448341; 
9, -746.8492110144289; 
12, -744.9594252044335; 
12, -743.0346127008088; 
11, -746.111428297867; 
12, -744.2045377022587; 
12, -746.1293502058834; 
12, -740.2618032906175; 
12, -743.7895002029836; 
12, -734.5052876877598; 
12, -741.0918782891677; 
12, -723.9810906397033; 
12, -653.7480763459898; 
12, -717.3030187345867; 
12, -717.8424163430027; 
12, -736.3190688789764; 
12, -721.3513852924225; 
12, -739.4614756354567; 
11, -746.9235813884006; 
12, -733.1295938688272; 
12, -651.6137937876338; 
12, -719.6652590174781; 
12, -662.2202641942567; 
1, -528.935829484617; 
1, -530.5759456692467; 
1, -521.2955083884153; 
1, -529.8202708550234; 
1, -520.8579905393999; 
1, -526.0449872395257; 
1, -533.4074367596477; 
12, -660.0204554878437; 
12, -702.9450053098408; 
12, -724.6842080284696; 
12, -733.0370854621578; 
12, -742.3105185756576; 
11, -738.716184470235; 
12, -743.8419676228659; 
12, -744.4512783007667; 
11, -747.4073801148916; 
11, -747.3565407956921; 
12, -743.4496502000839; 
12, -743.2045377022587; 
12, -746.2045377022587; 
10, -743.3945861718676; 
11, -736.5008193157992; 
11, -745.9398751957342; 
11, -746.9594252044335; 
12, -733.0134345914266; 
12, -735.9040313797013; 
11, -742.5069157884427; 
9, -747.6954912093206; 
12, -743.0346127008088; 
10, -745.6966344615357; 
12, -743.1098001971841; 
12, -744.2045377022587; 
10, -747.771821957911; 
9, -747.9781642348535; 
9, -750.2245373234473; 
12, -745.7143127066083; 
9, -751.3365957387723; 
12, -741.3565407956921; 
11, -746.5085438891256; 
12, -744.1293502058834; 
12, -742.6195752015337; 
12, -745.2045377022587; 
11, -744.9808469767595; 
11, -736.1901156585518; 
11, -739.4889938804117; 
10, -745.1261715304718; 
11, -745.279725198634; 
12, -746.1293502058834; 
12, -743.0346127008088; 
12, -743.0346127008088; 
12, -743.7895002029836; 
10, -743.771821957911; 
9, -748.9393715470069; 
12, -741.7715782949672; 
11, -746.7699501942843; 
12, -744.9415032964171; 
12, -736.3549126950093; 
9, -744.8953107604466; 
11, -738.8844813710311; 
12, -741.4496502000839; 
10, -744.84700945433; 
9, -744.5131717419717; 
12, -740.1866157942568; 
11, -746.1098001971841; 
12, -742.9235813884297; 
11, -745.8646876993589; 
12, -732.8272157826577; 
11, -732.7603263191413; 
12, -744.9594252044335; 
12, -743.0118926243158; 
12, -744.6016532935319; 
12, -745.431728292082; 
12, -744.3549126950093; 
11, -747.9398751957342; 
12, -744.9235813884297; 
12, -743.6963907986064; 
11, -746.1866157942568; 
12, -732.6572907812078; 
12, -743.431728292082; 
12, -743.1098001971841; 
10, -744.8601331938407; 
10, -747.695006360882; 
10, -738.5605729119852; 
9, -749.705932637793; 
12, -742.0183188935043; 
12, -745.6963907986064; 
12, -737.6000251928344; 
12, -746.1293502058834; 
12, -740.279725198634; 
11, -742.3190688790055; 
12, -742.1866157942568; 
11, -743.6426250746008; 
11, -745.0739563811803; 
11, -738.3958844760782; 
12, -742.279725198634; 
11, -746.1491438775556; 
12, -745.3744627037086; 
10, -743.8681875637267; 
11, -743.4138063840801; 
12, -743.6784688906046; 
12, -746.9415032964316; 
12, -739.846765791357; 
12, -731.8255876819603; 
12, -732.9203251870349; 
12, -739.1849876935594; 
12, -745.7143127066083; 
12, -733.8861094717286; 
12, -740.694762697909; 
12, -743.0166907928069; 
11, -748.8125500760507; 
11, -746.8646876993589; 
12, -742.6784688906046; 
12, -740.694762697909; 
12, -723.0348563637817; 
12, -739.4301001913846; 
12, -743.7536563869799; 
12, -737.6000251928344; 
12, -740.3206969797029; 
12, -737.5773051163414; 
11, -742.2845233671251; 
12, -745.7143127066083; 
12, -741.0739563811803; 
12, -741.3565407957067; 
10, -749.1445893720374; 
12, -740.6589188819053; 
12, -734.5821032848326; 
12, -732.750400185585; 
12, -738.6768407899071; 
12, -729.7897438659566; 
12, -743.1098001971841; 
12, -730.2406251812354; 
11, -738.5304615950154; 
12, -735.5641813768307; 
12, -744.5264657971566; 
12, -745.431728292082; 
12, -741.5248376964591; 
12, -735.5821032848035; 
12, -739.58373138553; 
12, -740.431728292082; 
12, -719.8047393691668; 
11, -736.4710719724535; 
10, -752.424247381743; 
12, -734.3011469710036; 
12, -734.9808469768032; 
12, -731.487365779758; 
12, -732.791371966654; 
12, -740.6752126892097; 
12, -729.4336000557523; 
12, -735.2243313739309; 
11, -743.6572907812078; 
12, -733.0723282804829; 
12, -731.9125816830783; 
12, -742.6422952780267; 
11, -736.9417469594046; 
12, -742.5952270243433; 
12, -741.9398751957342; 
12, -720.7749920257193; 
12, -737.7699501942843; 
12, -721.4485955589334; 
12, -745.8646876993589; 
12, -733.3174407783081; 
11, -742.1589924850268; 
12, -736.9056594804279; 
12, -741.1670657855575; 
12, -741.7964224056341; 
12, -728.6377407725086; 
12, -744.0346127008088; 
12, -735.2243313739309; 
12, -710.1420304770581; 
12, -734.7341063782806; 
10, -749.1802670510951; 
12, -725.6607906455756; 
12, -742.1866157942568; 
11, -749.2438813826302; 
12, -740.4301001913846; 
12, -721.6150206960156; 
12, -740.1849876935594; 
12, -742.279725198634; 
12, -739.5069157884573; 
12, -715.9205688500078; 
12, -736.5641813768307; 
12, -739.9625952722272; 
12, -734.3942563753808; 
12, -717.5087875521276; 
12, -744.694762697909; 
12, -743.431728292082; 
12, -729.2930926011177; 
12, -734.6179471008363; 
10, -749.3964579356252; 
11, -746.3011469710036; 
12, -734.1133000615519; 
12, -734.9385768916109; 
11, -746.2649733584258; 
12, -734.750400185585; 
12, -740.4889938804554; 
11, -747.9040313797304; 
12, -735.302445275127; 
12, -731.9446733642253; 
12, -743.3549126950093; 
12, -733.3174407783081; 
11, -743.694762697909; 
12, -744.9415032964316; 
10, -750.3046468353714; 
12, -742.8646876993589; 
12, -737.9040313797304; 
12, -735.5641813768307; 
11, -732.3222389467992; 
11, -749.7536563869799; 
