2, -496.4158972623502; 
2, -348.66302649765294; 
3, -347.02540632891544; 
5, -223.01668906679492; 
3, -386.78251834462435; 
4, -339.327228067875; 
5, -286.5072889549865; 
5, -266.9471684850082; 
5, -342.02983990591383; 
4, -301.84963385010997; 
3, -367.59083977164255; 
5, -296.9208763387178; 
5, -286.2539377905259; 
5, -306.26000698782445; 
5, -296.92019967439137; 
5, -270.64977018095396; 
5, -237.1172858026348; 
5, -328.4921422715188; 
5, -260.7274227375119; 
5, -341.7113678187043; 
4, -340.0200534396645; 
5, -252.81114126835382; 
5, -311.44422933863007; 
5, -283.271677467822; 
5, -286.02120210633166; 
5, -281.17670686111614; 
5, -269.3999728951894; 
5, -280.92984125695875; 
5, -283.38447008931144; 
5, -260.21952728678116; 
5, -272.9109831138903; 
5, -279.4766317686208; 
5, -327.2229222500846; 
5, -315.1326933628188; 
5, -280.3824157976451; 
4, -321.2844108292593; 
5, -270.33083739674476; 
5, -225.77085341483325; 
5, -300.60411550967547; 
5, -269.53463442726206; 
5, -287.469177270852; 
5, -233.3584809654203; 
5, -264.68728666592506; 
5, -287.0024703466697; 
5, -315.7059470271852; 
5, -260.8241513014782; 
5, -231.2065856486788; 
5, -222.70920317459968; 
5, -258.3353667553165; 
5, -261.0130660800387; 
5, -271.84669099511484; 
5, -257.7072525835938; 
5, -201.10336873004962; 
5, -268.03142925117936; 
5, -231.7877276059844; 
5, -208.46836284246274; 
4, -270.72875881426444; 
5, -521.2804887390666; 
1, -761.8324041622727; 
1, -747.479954447299; 
1, -628.5082881065136; 
4, -684.3966542936869; 
3, -702.2018923653595; 
1, -679.0584133054654; 
1, -652.3148678467041; 
2, -686.272842507693; 
3, -682.9370363485505; 
1, -673.4850599505298; 
1, -643.1524673376844; 
3, -688.3563424404274; 
1, -658.4833795562663; 
3, -654.4299122079829; 
4, -652.461724359131; 
4, -683.1118331839643; 
5, -492.88898316686027; 
5, -477.82858780220704; 
5, -588.2322722336976; 
1, -693.9437656300506; 
4, -693.6468658232479; 
1, -669.3008152827242; 
1, -668.8454556930519; 
4, -655.2146010219221; 
4, -661.2789998503868; 
1, -666.5451928543916; 
1, -649.5322993994123; 
4, -626.6469628135528; 
4, -614.0574313068864; 
4, -627.6958013540425; 
4, -633.1934087890695; 
4, -652.8654637177242; 
4, -619.5116036159598; 
1, -613.7575230101429; 
4, -627.5156446306573; 
1, -613.4128095396591; 
4, -603.6628231511786; 
1, -602.867395461908; 
1, -595.9301182476411; 
1, -618.3117092610919; 
1, -617.9777977206613; 
1, -604.9977785262672; 
