7, -573.3398500028845; 
1, -574.0132667728924; 
1, -561.045902071651; 
6, -544.961954623697; 
2, -547.0417436773432; 
6, -474.87034475987866; 
1, -554.8047699159988; 
1, -568.6569516437194; 
2, -556.1161525343214; 
1, -552.5004819125224; 
8, -516.6504901593671; 
7, -456.0044700260096; 
8, -520.1193943437229; 
3, -559.1131739269913; 
1, -559.3849153538258; 
2, -552.3888052906859; 
1, -560.3043171537938; 
2, -554.0568224797844; 
2, -533.9191674291324; 
2, -560.1403632365182; 
2, -555.8080779742359; 
1, -564.4590764586956; 
3, -558.0912207563797; 
2, -560.5550891391049; 
7, -498.2054506006225; 
1, -563.6410687331172; 
2, -542.176448709879; 
2, -548.2145584487262; 
2, -539.8399225651065; 
1, -545.5345716407282; 
8, -497.9162337050875; 
7, -473.0198059868417; 
7, -497.8308049788029; 
7, -441.9834511982881; 
8, -504.45934994157506; 
6, -431.5724263939992; 
4, -544.9697476001129; 
2, -539.5675614756365; 
1, -556.3544555803273; 
1, -550.8847075154117; 
1, -551.8217714073144; 
2, -552.8960229897166; 
1, -554.6581776538733; 
2, -545.2894671384529; 
1, -572.6089900333609; 
9, -507.9450643682976; 
8, -484.70936448460634; 
3, -553.4379872442332; 
1, -554.8655602461695; 
2, -566.0988348340798; 
9, -441.8468268087199; 
1, -548.1922727929195; 
1, -551.0077283133251; 
2, -545.174938662818; 
8, -542.97771060589; 
8, -483.2328675236531; 
8, -435.28023323386515; 
7, -413.4296383521032; 
7, -424.09952095037806; 
8, -530.9939779647502; 
9, -507.02940291822597; 
8, -458.05074814796535; 
9, -460.74848872903385; 
8, -426.93878580042656; 
8, -450.01856209115067; 
8, -402.3514083216214; 
3, -563.5073015468006; 
7, -443.19892043073924; 
8, -421.24483602697; 
8, -406.9126044484947; 
9, -513.5577921285512; 
6, -508.3708363914484; 
7, -459.1498204564996; 
10, -533.6989657770391; 
9, -517.4408957526248; 
8, -427.50808304308885; 
1, -563.3469422792186; 
9, -559.4620037162895; 
8, -394.0385403175824; 
8, -326.6065208367072; 
3, -560.2132543009211; 
2, -553.2451097468293; 
8, -515.1979595114026; 
5, -525.8253741497319; 
9, -497.60460090057313; 
8, -420.44928215481923; 
1, -555.7518038636772; 
1, -556.4675077599823; 
2, -531.1038456767492; 
2, -546.9465768489099; 
8, -298.19150420808; 
7, -502.02754718224605; 
8, -459.0954960485542; 
7, -448.0445596756472; 
5, -490.63266608901176; 
8, -439.85863636982685; 
5, -539.9595050561838; 
2, -558.472179150267; 
2, -565.5330851388499; 
1, -552.288186887512; 
4, -536.2510250780033; 
1, -552.7556674303632; 
1, -545.2525009443852; 
1, -566.6124931557933; 
1, -555.3001043632539; 
3, -549.866612791855; 
2, -532.9530591919829; 
1, -556.853519792101; 
2, -551.5172893709605; 
4, -555.4687511507582; 
4, -544.7166578526303; 
9, -538.170016169548; 
4, -520.9601328415374; 
2, -558.4114192821435; 
3, -546.281535609909; 
2, -530.6500424092301; 
3, -559.3472551162922; 
2, -539.5406161673018; 
3, -557.9325216675061; 
2, -548.3839474615088; 
2, -537.6970366362657; 
6, -498.35099131306924; 
2, -538.9271371154027; 
1, -561.9892511223879; 
3, -544.6751470659074; 
4, -525.0908831871639; 
1, -542.7402444950712; 
