1, -1198.4189329603223; 
1, -1147.7507671897133; 
1, -1132.9158771050993; 
1, -1141.6748755022409; 
1, -1112.6370512069543; 
1, -1132.7574665691873; 
3, -1116.0994477053873; 
2, -1105.9023877545442; 
1, -1147.8128877520103; 
2, -1130.7212688174022; 
1, -1141.0867922575399; 
2, -1116.5312518825576; 
2, -1112.0551229344765; 
2, -1105.4633708370839; 
2, -1118.2092633955144; 
1, -1128.5173452112904; 
1, -1121.50048921485; 
1, -1115.4781994432997; 
2, -1120.8629638308266; 
2, -1126.392647644676; 
2, -1107.2267248165663; 
2, -1115.1568355552008; 
2, -1111.4499351240229; 
2, -1126.450790905914; 
1, -1118.5768147308372; 
1, -1132.584632580405; 
3, -1112.9990574947842; 
2, -1102.3206233972196; 
2, -1102.5958037410019; 
2, -1099.046675448364; 
2, -1096.0308356677706; 
3, -1098.017323801585; 
3, -1111.9579472654732; 
2, -1107.808954516462; 
3, -1104.797731104496; 
1, -1102.1314995001303; 
2, -1095.5266350120219; 
2, -1120.2464126196428; 
3, -1108.629296509098; 
3, -1121.4631123461513; 
1, -1110.0268452673918; 
3, -1095.429225323096; 
2, -1099.3704206542752; 
1, -1097.242892487273; 
3, -1093.868819531679; 
1, -1109.5615750309298; 
3, -1099.2107308883496; 
2, -1122.217062426549; 
2, -1120.7106464537646; 
3, -1108.1499091613878; 
2, -1094.5576221273077; 
3, -1107.468128473054; 
1, -1104.5987588833523; 
3, -1119.1888088034466; 
3, -1115.2972356411265; 
3, -1109.2721386628837; 
3, -1097.6161107288572; 
3, -1115.9507463398477; 
3, -1112.5605705266353; 
3, -1105.2355047137244; 
4, -1080.4466772210726; 
3, -1098.4249298822833; 
2, -1130.823721143286; 
4, -1106.4568737632799; 
3, -1100.0539112338884; 
3, -1104.870512048612; 
3, -1102.8972984346328; 
2, -1115.6022248334339; 
3, -1099.5301334676624; 
3, -1087.7661579264677; 
3, -1105.210224109891; 
2, -1105.0681405782088; 
4, -1104.710232173864; 
2, -1094.7649151215883; 
4, -1099.3882016184652; 
3, -1104.3258675583493; 
1, -1100.8743239475589; 
4, -1110.305202118383; 
3, -1126.245361624955; 
4, -1086.9033964508417; 
3, -1115.950674588239; 
3, -1102.6499394581188; 
3, -1097.1693526109448; 
4, -1098.902788630643; 
4, -1098.8380436204025; 
4, -1107.9548729515082; 
4, -1103.2057444030943; 
3, -1099.4810030427325; 
4, -1100.8721419661306; 
4, -1107.8910665315489; 
3, -1095.9518534646631; 
3, -1105.1728906021162; 
3, -1121.7613501597225; 
3, -1109.6422306365275; 
3, -1115.1349009007681; 
3, -1103.5326268270583; 
3, -1120.2547698436247; 
4, -1082.8348160121968; 
3, -1102.4407653911621; 
4, -1086.588909305763; 
2, -1120.4862449674401; 
2, -1101.1244592088915; 
4, -1133.6291212675133; 
3, -1067.4233160119475; 
3, -1085.0065684003785; 
3, -1062.6199775769346; 
3, -1090.735668510024; 
4, -1065.2009437312809; 
3, -1066.8704602932266; 
4, -1055.8489478998526; 
3, -1083.749929310332; 
4, -1085.878167594812; 
3, -1056.639290124047; 
6, -1038.391663573304; 
5, -1005.6795905066538; 
5, -1037.7853588151047; 
5, -1028.3874612460204; 
3, -1075.646014157799; 
4, -1075.6580965284084; 
4, -1053.6865588079672; 
4, -1082.7031409983465; 
5, -1054.0700964246062; 
5, -1007.3845200919895; 
5, -1034.9440395511629; 
6, -978.6620482267172; 
9, -794.3421977612306; 
9, -811.006084655266; 
10, -650.6052390307304; 
10, -608.1878208877752; 
10, -574.746620762482; 
9, -734.1826782667486; 
8, -824.7547850961273; 
6, -958.7504378222802; 
5, -1000.4075695104839; 
6, -995.3806849731191; 
4, -1036.7321939891553; 
4, -1049.4335905718908; 
3, -1081.1818032687588; 
3, -1108.8201981667662; 
1, -1145.561901951034; 
2, -1088.6806821431965; 
1, -1133.3341059680097; 
3, -1080.9225017759018; 
2, -1122.7631840835675; 
3, -1073.593667935027; 
2, -1097.2010690365278; 
1, -1124.2801550060394; 
1, -1123.8115955413668; 
2, -1148.7176715261012; 
1, -1100.0013368638465; 
3, -1110.110844963172; 
3, -1104.406732540112; 
2, -1120.888557207043; 
3, -1094.2010800624848; 
3, -1097.2711705834372; 
2, -1101.6278124108794; 
3, -1097.3563474470284; 
2, -1102.4096630924905; 
2, -1115.536437878065; 
1, -1122.2060343230842; 
2, -1127.059325102833; 
1, -1123.7832746221393; 
3, -1115.6986535989272; 
2, -1111.291704263509; 
3, -1136.545782639063; 
2, -1118.2885995366669; 
1, -1100.8484276971722; 
3, -1110.0739996779012; 
3, -1117.3723601023667; 
1, -1101.6818271741795; 
1, -1100.9163086100307; 
3, -1115.191464643547; 
3, -1118.8636428272875; 
3, -1122.3838149552175; 
3, -1126.352116121794; 
2, -1099.9929394148348; 
1, -1105.336811901332; 
4, -1123.7893174963829; 
4, -1100.713425952039; 
1, -1121.1105239970202; 
3, -1112.0708393909154; 
4, -1128.4981573974947; 
2, -1122.7613342684053; 
3, -1104.425466300454; 
3, -1082.2041519047343; 
4, -1125.8455645997892; 
4, -1124.683909692656; 
3, -1097.7277541099465; 
4, -1122.7043430594495; 
5, -1115.3851766426815; 
1, -1131.9609400258341; 
3, -1091.915018538857; 
3, -1094.5639295799483; 
4, -1134.677696850209; 
4, -1118.880496265163; 
3, -1113.2644693503098; 
4, -1102.018494672142; 
5, -1117.9857304683246; 
1, -1118.6631723627506; 
4, -1103.8662261554564; 
5, -1118.3668607712025; 
1, -1131.3576368187496; 
3, -1122.438445385662; 
1, -1129.521379026788; 
2, -1104.6966245336807; 
1, -1142.601193207869; 
3, -1116.9288299807522; 
1, -1125.6473356160277; 
1, -1096.542610287317; 
2, -1127.4427121470217; 
4, -1105.0671693035692; 
2, -1107.818919100915; 
1, -1130.2649848147703; 
4, -1138.5731273676502; 
4, -1128.223258550628; 
3, -1082.2811972804193; 
4, -1122.3359941900126; 
3, -1122.9488600385666; 
2, -1119.1656775405281; 
2, -1119.118183342769; 
4, -1120.5086348539044; 
3, -1114.9183541069506; 
2, -1173.1144703078025; 
2, -1142.7067887235607; 
4, -1102.7078065810201; 
2, -1109.2366353473335; 
1, -1115.3308460928383; 
5, -1096.8661124576465; 
1, -1124.605500045931; 
4, -1111.5942770772963; 
3, -1120.2373248582007; 
2, -1102.8482012882596; 
5, -1097.472728102468; 
4, -1108.4558936906396; 
4, -1130.104839424428; 
2, -1129.9890218072978; 
3, -1125.0680192167638; 
4, -1108.5541328671388; 
2, -1150.619024503976; 
5, -1096.8807811880833; 
4, -1109.799793732178; 
4, -1100.3210206740769; 
5, -1098.4384756194777; 
2, -1116.5614292027312; 
2, -1114.3170851249597; 
1, -1128.9371859661187; 
5, -1097.1079468750977; 
4, -1105.355423431669; 
5, -1122.0420878648874; 
3, -1099.6656716371072; 
1, -1123.8338472736068; 
2, -1134.704337026924; 
3, -1102.7952059556847; 
3, -1100.1902992846444; 
2, -1118.1178766690427; 
6, -1094.780984240584; 
4, -1117.6124463619199; 
4, -1090.8693092162139; 
4, -1104.9532979542273; 
5, -1108.192375553539; 
4, -1109.682160227676; 
6, -1071.0368542008218; 
1, -1098.2729216087027; 
5, -1077.4419320790912; 
4, -1100.0045255454606; 
1, -1136.0966620229883; 
2, -1103.8957615987165; 
3, -1091.6953332975972; 
3, -1103.8792208742234; 
2, -1117.0407885448076; 
4, -1102.6899838218815; 
3, -1087.6653412209125; 
4, -1093.221908784646; 
4, -1085.6892425172264; 
4, -1092.404618059867; 
4, -1142.4294179080753; 
2, -1127.0082650888362; 
4, -1116.9486089512357; 
4, -1122.0259318864555; 
4, -1099.970683415595; 
5, -1088.2474893212784; 
5, -1094.1997562297038; 
4, -1103.5954820163315; 
4, -1106.3473288099049; 
5, -1094.2973966650898; 
3, -1120.9215565081686; 
4, -1132.4949142700643; 
2, -1127.9994456044515; 
3, -1112.3405839680345; 
4, -1095.1283767119166; 
2, -1095.579146228847; 
4, -1092.4538052243297; 
6, -1093.9124299136456; 
2, -1109.4985576404142; 
4, -1100.740245227178; 
4, -1137.710952195397; 
4, -1120.7543726218864; 
4, -1117.0752978833625; 
3, -1123.1812834680313; 
3, -1088.6500526888995; 
4, -1098.155609021429; 
3, -1106.3084831086453; 
4, -1094.9551275144913; 
5, -1112.1596134727006; 
5, -1085.8421089373878; 
3, -1134.322312323784; 
5, -1104.5810866536922; 
3, -1115.0408666208968; 
5, -1094.9534170866245; 
5, -1103.9505816973397; 
2, -1123.318558283092; 
4, -1144.8918755209306; 
5, -1116.603265485668; 
4, -1118.446645229822; 
5, -1109.7881336488645; 
6, -1103.8501515140524; 
4, -1153.7240558675257; 
5, -1082.7083360013203; 
3, -1143.732052702282; 
5, -1099.238713963714; 
2, -1121.6275708245812; 
4, -1117.3326270695543; 
4, -1084.7837999705807; 
4, -1113.5151147519355; 
4, -1093.1883268119418; 
2, -1156.6598071746994; 
5, -1121.364137419674; 
2, -1119.9227786049596; 
5, -1100.1307117418037; 
5, -1109.8817752673058; 
4, -1112.3742851688876; 
2, -1111.8621804009308; 
3, -1107.6039075605804; 
