1, -594.6959577174565; 
1, -554.4588176809033; 
1, -533.5417470739133; 
1, -556.5316878580597; 
1, -533.9800837641128; 
1, -560.1011985598143; 
1, -547.4881085612574; 
1, -541.0414971416408; 
2, -549.9727379199167; 
2, -537.2105336520372; 
2, -554.5356010224223; 
2, -541.5173352348165; 
2, -561.3085496854073; 
6, -530.1043185957133; 
2, -552.9855665655687; 
1, -536.5948723673246; 
2, -535.7850214101236; 
1, -533.5204172222038; 
1, -549.003329388499; 
1, -530.79927036767; 
1, -544.9900250918236; 
2, -509.3271155571183; 
1, -542.0543737255339; 
1, -523.2871024908127; 
1, -536.7108872054032; 
2, -514.0467976889049; 
2, -547.6409317807611; 
1, -527.6843770587438; 
2, -554.2924566898546; 
2, -546.9623662927224; 
1, -566.7005907477687; 
3, -516.913048827817; 
2, -527.163137481959; 
3, -510.843333830082; 
1, -534.4877528560392; 
1, -534.1391002536984; 
3, -541.5882781783439; 
2, -535.201832687635; 
4, -507.4220129699024; 
3, -492.7224994166136; 
1, -526.376777927373; 
3, -506.8300720858788; 
4, -539.3538011100281; 
2, -543.6722869616133; 
3, -573.3609001575169; 
1, -566.1448224808373; 
2, -570.6143133190708; 
4, -548.7566458155561; 
3, -546.718677341807; 
3, -549.7780763918672; 
1, -555.1281507766616; 
3, -561.3095152617316; 
2, -575.338780971204; 
3, -538.7244753477571; 
1, -538.2131073254313; 
4, -537.2386809116506; 
3, -551.1522688589394; 
4, -536.1574262209324; 
5, -540.2227662940495; 
3, -542.16580926401; 
5, -519.8350061842648; 
5, -516.6664256076983; 
6, -467.62289407062053; 
4, -557.2481138350195; 
2, -551.5123491701233; 
5, -525.2119566398396; 
3, -536.4908140810294; 
1, -561.1872546250306; 
1, -567.3391923954987; 
2, -544.5465767834539; 
2, -559.0279354730155; 
1, -546.8932815321969; 
4, -556.0560005241787; 
2, -545.5050629779798; 
1, -561.8077842145722; 
1, -564.2737310070588; 
2, -573.432444204831; 
1, -579.3668940482748; 
5, -543.4790219078859; 
4, -547.7035456994272; 
2, -545.6737620932909; 
2, -524.3491021462614; 
1, -543.8202893243943; 
1, -541.0661948100096; 
1, -568.3690951693643; 
1, -567.6010961513603; 
1, -558.219811445284; 
2, -559.2553891399293; 
3, -561.1153196841187; 
3, -550.4152518466508; 
2, -535.6889546687235; 
2, -558.7506456989431; 
2, -540.8424938731187; 
2, -552.1921831945438; 
1, -566.5219836471588; 
6, -561.7394204239099; 
5, -520.3398350998104; 
3, -562.0959694403209; 
7, -468.59828568411467; 
7, -352.34081811130454; 
