15, -734.959425203367; 
16, -715.7897438650082; 
16, -686.9525554660834; 
16, -516.994847917254; 
16, -688.5692503008268; 
16, -544.2239818358394; 
16, -559.2235997958651; 
16, -463.8516491122755; 
16, -641.4082219939837; 
16, -532.6203312377411; 
16, -630.4025501814431; 
16, -540.7848437534003; 
16, -577.4360377215871; 
16, -515.4134625722099; 
16, -453.65009893851493; 
16, -556.7990756526979; 
16, -466.01736232914845; 
16, -599.9833308535981; 
16, -517.1140194664422; 
16, -621.1636907998818; 
16, -612.9324196660691; 
16, -457.84583377836316; 
16, -551.4082960431188; 
16, -507.0494075191691; 
16, -543.7853264701771; 
16, -538.4856600924813; 
16, -528.9355084521849; 
16, -564.0373920017864; 
16, -509.87093384729815; 
16, -543.6167039125066; 
16, -546.3506467097068; 
16, -564.2989914438513; 
16, -510.34070511221216; 
16, -538.5742476289597; 
16, -527.1135213963025; 
16, -596.014941289628; 
16, -454.10459967313363; 
16, -441.3548944498034; 
16, -625.7212386303727; 
16, -500.2731628375477; 
16, -576.4138168178033; 
16, -421.02751518161676; 
16, -530.2812715186701; 
16, -565.1371346528576; 
16, -533.1690672682344; 
16, -520.8725470215213; 
16, -458.45227121347125; 
16, -463.21754819237685; 
16, -474.96509795756356; 
16, -459.68850481561094; 
16, -542.3507037889503; 
16, -484.10461821632634; 
1, -384.2568089395281; 
16, -534.0201837958266; 
1, -400.69366009881196; 
1, -377.34510552685606; 
16, -543.0704487760231; 
1, -611.3360060130799; 
5, -800.1840475418576; 
5, -760.3095933693912; 
10, -737.1142461012241; 
14, -734.8663157990159; 
5, -755.3537781531304; 
8, -743.1522421655973; 
8, -737.1062386995691; 
6, -757.5942933270344; 
8, -749.9311116407225; 
7, -747.6694579073483; 
10, -737.9415032954093; 
8, -736.4716454311201; 
8, -736.652101100055; 
8, -736.9749941662849; 
8, -738.8070883324799; 
2, -732.0874133458128; 
1, -811.5334174429736; 
1, -791.0103563323864; 
16, -707.1060393047883; 
6, -763.6716327478534; 
6, -752.1768442096509; 
10, -735.7895002009463; 
7, -744.8910860505493; 
7, -736.7044099141785; 
10, -736.2797251966404; 
7, -750.4604758545102; 
7, -753.9686538993847; 
11, -734.9594252023817; 
11, -734.9594252023817; 
9, -734.8665594612175; 
12, -734.5443877030993; 
8, -738.2297030004192; 
8, -740.7933212548814; 
8, -739.0178377104603; 
16, -733.374462701664; 
8, -740.1117807079936; 
16, -734.5443877030993; 
16, -733.374462701664; 
16, -734.5443877030993; 
14, -734.5443877030993; 
8, -736.0284849546733; 
9, -735.1414193024611; 
