5, -492.7495030732342; 
5, -507.7789792154572; 
5, -500.4842018557589; 
5, -483.55260212923645; 
5, -458.7761700313174; 
5, -426.64727987842616; 
5, -468.9906220967446; 
5, -506.202385734809; 
5, -416.5252863666169; 
5, -398.7806499126518; 
5, -404.34754102666284; 
5, -500.56249127623596; 
5, -487.3587410301452; 
5, -470.2112387871921; 
5, -485.0459483759687; 
1, -382.638338011443; 
5, -421.2880690205502; 
5, -503.79525492499124; 
5, -459.64549512779377; 
5, -469.1284894915334; 
5, -467.88199515622364; 
5, -481.44540572386904; 
5, -438.9329698234542; 
5, -460.0296145594766; 
5, -481.12165300740526; 
5, -427.0061715388183; 
5, -424.7623087037209; 
1, -390.45446261005236; 
5, -422.47324199894683; 
5, -458.2707911833277; 
1, -389.4950446534258; 
1, -398.8094943815304; 
5, -479.73583014631004; 
5, -482.10303689260763; 
5, -460.8554278082902; 
5, -467.8195647175453; 
5, -457.3826825902215; 
5, -494.58264438551123; 
5, -413.5621468586687; 
5, -436.6779961782886; 
5, -444.09466366271954; 
1, -375.8318808558688; 
1, -381.3638013092932; 
5, -387.3735416169766; 
1, -361.3198890802232; 
5, -456.21220883992646; 
5, -440.1358606113281; 
5, -413.04379227616664; 
5, -429.42198084760093; 
5, -452.7999137481311; 
5, -422.977434073473; 
5, -453.9622723489156; 
5, -410.9911276976454; 
5, -405.4651955180052; 
5, -388.35889870748724; 
5, -391.81132279600206; 
5, -450.20511006021843; 
1, -386.68237606149705; 
1, -379.56092548015295; 
1, -384.4484332482498; 
5, -433.1872847458071; 
5, -424.2950740769993; 
5, -411.9675100359309; 
5, -395.9365916896422; 
1, -375.01633197256524; 
5, -451.8343369929644; 
5, -440.3095456814117; 
5, -427.59786955266827; 
1, -400.0679945657357; 
1, -388.7497459172082; 
1, -390.5049684207079; 
1, -377.7797865881148; 
5, -411.5690251484084; 
1, -369.41686148615554; 
5, -446.46564223582754; 
5, -429.47442541862256; 
5, -429.7647972064624; 
5, -440.6652519306008; 
5, -422.05696426381473; 
5, -428.0788262976421; 
1, -374.18517215438624; 
1, -375.52944753352494; 
1, -380.52658918998713; 
5, -429.2506042649038; 
5, -443.48388901763974; 
5, -404.78978596293746; 
5, -394.2040741289529; 
5, -410.5047085706392; 
5, -407.9142140349213; 
5, -401.6701892026176; 
5, -435.1756241486146; 
5, -393.741148478417; 
5, -425.4049495479776; 
5, -407.74407071319; 
5, -391.853320663824; 
5, -402.0197078427227; 
5, -392.14375378475233; 
5, -400.1629762962548; 
5, -419.6810935797621; 
5, -397.0661932448638; 
5, -399.2198293041729; 
5, -396.91636887571804; 
5, -397.8982135904662; 
5, -391.1515993734647; 
1, -369.5012688449642; 
5, -388.14021718819276; 
5, -404.26605159913015; 
5, -372.5987402492756; 
5, -388.29387799401593; 
5, -413.55016304383753; 
5, -404.36011540646723; 
1, -387.5024212189819; 
1, -393.8879509677354; 
5, -398.97043473428494; 
5, -424.01041203000204; 
5, -405.8013790884579; 
5, -400.47353283919074; 
5, -413.6675234228169; 
5, -415.24614165404637; 
5, -386.32842509674083; 
5, -387.97468508089514; 
5, -382.3789345014011; 
5, -399.82264084922645; 
5, -407.2376986572199; 
5, -386.23392186121055; 
5, -391.498699183132; 
5, -394.96045329958724; 
5, -399.55283217700344; 
5, -419.1052899903516; 
5, -413.72001501237537; 
1, -381.33789059753326; 
1, -380.91368516111834; 
5, -389.65914179503307; 
5, -413.9143051835563; 
1, -379.55494615591306; 
1, -378.33501291916764; 
5, -411.09490280309547; 
5, -412.72279991475807; 
1, -383.45540526836703; 
5, -379.912756880236; 
3, -384.5164046557111; 
1, -377.4791717313565; 
5, -388.0099888548866; 
5, -422.4386958330724; 
5, -411.86528856710356; 
1, -395.65875749687984; 
1, -386.2322083249237; 
5, -408.9370152259944; 
5, -391.030784211056; 
5, -409.8676006663154; 
5, -379.81837647874636; 
1, -380.20160060129274; 
1, -379.9604314390963; 
5, -435.9936538697875; 
1, -385.76239094413904; 
1, -376.92376794577285; 
5, -409.91235503977805; 
5, -394.6661513049985; 
5, -407.92027249530656; 
5, -417.2911062861167; 
5, -373.46300286207406; 
5, -386.9060505709058; 
5, -413.78677837652504; 
5, -395.7005289642402; 
5, -383.1229500625632; 
5, -385.37379776584567; 
5, -415.5556907407881; 
5, -397.17709804320475; 
5, -390.6701272424689; 
1, -370.2319145451984; 
1, -372.2550402465713; 
5, -399.27271909789124; 
5, -383.6976734719792; 
5, -379.1076715616218; 
5, -387.08011127106147; 
5, -388.933767934097; 
5, -371.83437538043654; 
5, -382.024143083705; 
5, -395.9532711728825; 
5, -380.5575904193247; 
5, -404.3751423256763; 
5, -379.83950418674794; 
5, -389.6816132218373; 
5, -378.0683186201786; 
5, -392.8731794870546; 
1, -379.17131090318435; 
1, -369.06364573171595; 
5, -377.97919896907115; 
5, -376.1310015251074; 
5, -376.490636528848; 
5, -385.66596495157864; 
1, -365.0802968292701; 
5, -408.243065343966; 
5, -409.26284652053437; 
5, -399.4492338292912; 
1, -379.74358744354686; 
5, -380.29987968786736; 
5, -394.575387576755; 
5, -376.0938610564044; 
5, -380.3777382081025; 
