7, -575.1699250014423; 
1, -596.4677410263434; 
1, -584.5126070662018; 
1, -591.4732216412701; 
2, -578.926757890883; 
1, -578.4460497865894; 
2, -568.0431181909444; 
2, -560.1069334696504; 
1, -594.2624256204963; 
1, -584.0247998680834; 
1, -596.3597311816893; 
2, -577.0001020599111; 
2, -576.9715427303208; 
2, -573.3230575623993; 
2, -586.5901983538497; 
1, -586.990321442825; 
1, -578.8567042508439; 
1, -573.8460140317366; 
2, -577.1168991745799; 
2, -578.1271582309437; 
2, -564.7498858868512; 
1, -577.3018545605391; 
3, -573.7608329386403; 
4, -575.3606447493294; 
1, -575.6315379374555; 
1, -587.1883647733885; 
3, -573.0562820612631; 
3, -559.9653613190367; 
2, -572.585838129975; 
2, -564.3744963544705; 
2, -562.8615880615398; 
3, -568.6626086962133; 
3, -570.1976845099598; 
2, -579.5273586820185; 
4, -576.480017300386; 
1, -580.4414146320196; 
2, -571.5450038417985; 
2, -586.0291426103213; 
2, -575.2825596779767; 
1, -582.1998802061898; 
1, -580.5016251132038; 
2, -569.9195468523903; 
3, -574.8448323577977; 
1, -567.3476873132277; 
3, -567.4950987752782; 
3, -573.8671725299864; 
3, -572.8731218007124; 
1, -575.324353276148; 
2, -586.6100559895531; 
3, -571.8294358224812; 
2, -566.5352580216313; 
1, -580.3607573006593; 
1, -572.8109955447835; 
2, -577.0281723095468; 
4, -584.3700950460479; 
3, -577.4463483183536; 
3, -566.2963810791589; 
3, -584.7051363141218; 
3, -576.7962565437047; 
3, -569.2317072799342; 
4, -560.9701373424177; 
3, -573.2076812192754; 
3, -582.9979587101043; 
4, -573.6367244154899; 
3, -568.9822759402232; 
3, -574.8928436882998; 
3, -569.2241047922944; 
4, -580.7321354596861; 
3, -568.8654058466564; 
3, -559.9294335077429; 
3, -573.6098542225009; 
2, -577.9380372686501; 
4, -574.9199969679466; 
2, -570.9355846298786; 
3, -574.7486868141714; 
3, -577.2104952805748; 
2, -569.288446410741; 
3, -577.3630169308308; 
3, -587.0207020753223; 
4, -558.8514290308303; 
3, -579.2773118402474; 
3, -578.202557388533; 
3, -569.9713155388963; 
2, -572.7308000115663; 
1, -579.4842080804228; 
4, -579.5165116222415; 
3, -572.568004340159; 
5, -563.040138698183; 
4, -568.3609000234574; 
4, -575.7562924635349; 
4, -568.0852259616731; 
3, -576.2559236110465; 
4, -580.7682728898071; 
3, -578.1575509107279; 
3, -581.631187303632; 
4, -567.3608149049105; 
3, -576.5204666633217; 
5, -554.1603551753287; 
3, -564.1716453888293; 
4, -557.2583925868676; 
1, -581.3524613868794; 
3, -567.7607710546072; 
4, -584.6722437632998; 
3, -548.2204792234043; 
3, -555.6538940538667; 
3, -547.6949412456961; 
3, -554.4581285718232; 
4, -541.8905914837669; 
3, -546.1548531126464; 
4, -532.4522078541195; 
3, -549.4245231100722; 
4, -549.5242765094954; 
3, -536.6547490873854; 
6, -499.95734187136986; 
8, -496.65053103180253; 
5, -516.1658326537727; 
6, -497.03564133004693; 
4, -543.4715973109996; 
4, -537.6577938693372; 
4, -537.0957526271231; 
4, -551.0866659857566; 
4, -531.4711576403643; 
7, -495.27252861636225; 
4, -516.8462755223882; 
7, -478.58029575503315; 
11, -298.9261990212981; 
10, -312.6289829003799; 
10, -254.9834197541495; 
11, -224.43377648759633; 
11, -219.30724486528197; 
9, -296.37145835597767; 
10, -328.1040094071941; 
6, -470.7445790163183; 
6, -490.34884089324623; 
6, -489.06571479697595; 
4, -520.5300342883565; 
4, -513.9098722626077; 
3, -551.8724317582382; 
3, -574.750983507256; 
2, -589.8516376839543; 
2, -560.5005223833577; 
1, -589.5887953325728; 
3, -562.1239787904196; 
4, -576.1598109534243; 
3, -561.264972152785; 
2, -567.2505406496057; 
2, -581.3982271172281; 
2, -575.6510070312506; 
4, -596.2462197007699; 
4, -563.3612204368401; 
3, -575.662654308966; 
3, -565.5477919363766; 
3, -578.6539547410212; 
3, -561.6504822232528; 
3, -568.8691288367554; 
3, -567.4881019944005; 
3, -565.2954182492249; 
3, -564.3609177835169; 
1, -576.7352184623596; 
2, -578.5911159644456; 
2, -582.9180442391225; 
3, -579.5855027275247; 
3, -576.1327658513619; 
2, -571.8262390561285; 
3, -589.8823633522552; 
2, -576.1663190012623; 
1, -569.6212244806229; 
3, -571.2771151371708; 
3, -573.9967680220143; 
2, -561.874287323837; 
2, -566.8903244228131; 
3, -578.9940430813585; 
3, -571.5968665322289; 
3, -581.6777180117351; 
3, -581.7417382855929; 
2, -567.6940398600418; 
4, -571.031628936471; 
4, -578.4046550811181; 
3, -567.3956890498375; 
1, -582.4319238639146; 
1, -569.6741725719767; 
3, -579.2874261836696; 
2, -581.6190056099294; 
3, -569.9612975759519; 
3, -560.0360154019581; 
4, -573.7809947646892; 
2, -580.8544239656476; 
3, -558.0126027594524; 
1, -586.1718913877121; 
4, -577.6185210784897; 
3, -584.3960459232767; 
3, -557.982298298055; 
3, -564.0095615192695; 
4, -586.5961545684258; 
4, -576.0369811372366; 
3, -577.1676863191533; 
4, -571.2521320339729; 
5, -581.1012624897849; 
4, -571.6318080156052; 
4, -563.8589085395652; 
2, -583.1429743725457; 
4, -577.6690275389119; 
5, -577.2700669609039; 
3, -582.5249955581821; 
1, -570.9242435850902; 
1, -590.9280695985653; 
3, -578.8343457655283; 
1, -583.4890328264883; 
3, -568.7279757894721; 
3, -585.2161591215845; 
2, -573.4348838110163; 
4, -570.6065460666723; 
2, -583.4459487760178; 
2, -586.8547777795175; 
4, -579.6558130265039; 
3, -549.5277628615295; 
4, -584.6161617104226; 
3, -584.7075227603345; 
3, -577.6605702000961; 
2, -581.3545395412657; 
4, -579.699002119014; 
4, -577.5389964286005; 
11, -598.9248125036247; 
4, -590.0737666402565; 
4, -563.5714832506637; 
2, -570.3657645894709; 
1, -576.9546224075602; 
5, -563.6080183824524; 
5, -581.082721454819; 
4, -567.0904285454308; 
3, -580.9980652423692; 
3, -571.9926331726892; 
5, -560.5606464729062; 
4, -575.7932744095451; 
4, -577.3342241465289; 
3, -585.4174584893917; 
3, -577.7381021850742; 
4, -574.807523604075; 
11, -574.8659188145539; 
6, -569.3119094453868; 
4, -575.12226042556; 
4, -571.3858375736163; 
5, -563.4907499617839; 
5, -569.3787530535192; 
2, -578.4382988081488; 
4, -583.0631055332196; 
3, -571.3846021597274; 
4, -570.525178497046; 
4, -576.3846198614337; 
3, -569.6644397048221; 
4, -577.4858685130894; 
2, -580.8330625155359; 
3, -567.6188381733664; 
7, -560.5787171796255; 
1, -580.4472704051295; 
6, -551.9435856694472; 
5, -564.5966726447805; 
4, -558.6981647744833; 
4, -570.5554443731089; 
5, -568.1403843591106; 
5, -573.8625240737747; 
6, -544.3831351902627; 
3, -568.3196593276516; 
5, -558.9705996693228; 
5, -558.5768788582936; 
4, -586.5158714050194; 
2, -569.226154495962; 
5, -564.8558396183071; 
3, -565.54877856659; 
2, -577.0899914916081; 
7, -555.1256440397119; 
2, -564.937541642721; 
7, -557.2018873666239; 
5, -553.1039183171233; 
4, -567.6427076283144; 
5, -589.4910271402332; 
10, -581.2039250980306; 
4, -573.2349379929365; 
6, -575.6030053879949; 
4, -561.8146319871885; 
4, -565.0797845809429; 
5, -554.1712624984211; 
3, -565.8196084954543; 
4, -568.7421491280547; 
5, -567.8482796552707; 
3, -579.0546927967807; 
4, -584.564970855019; 
4, -582.788275973784; 
2, -573.0445925290405; 
5, -561.4750669198111; 
4, -562.2579169445089; 
4, -562.2388909511792; 
5, -564.0752517771616; 
9, -556.8063607755466; 
4, -575.7208346326079; 
4, -587.2399998649489; 
7, -563.4527308850957; 
4, -570.9812417890353; 
4, -570.7034405514423; 
3, -559.5555445201753; 
5, -573.1155677016359; 
3, -566.2082341560163; 
4, -562.736475850601; 
4, -571.1850187263626; 
6, -559.3013106345898; 
5, -579.6663536365668; 
5, -570.6918088723905; 
5, -577.5012338701345; 
6, -557.9698096924694; 
5, -567.2107327061822; 
2, -584.7110056293604; 
10, -581.8518541056546; 
3, -580.5226641728659; 
4, -571.452653263812; 
5, -573.8981635146483; 
6, -556.5639241728641; 
9, -581.4532456427405; 
5, -556.5105015752197; 
10, -585.9920317637152; 
5, -559.4818793775921; 
4, -575.7689180990274; 
6, -574.4133280847745; 
5, -556.1470603019698; 
4, -577.9366366955219; 
5, -557.0821534281713; 
12, -600.847996906552; 
5, -572.1999125628208; 
2, -577.8042831415951; 
2, -570.1673307958117; 
5, -566.400673352764; 
5, -574.3541306329716; 
2, -574.2353233928152; 
3, -577.6371762322669; 
3, -571.5328239654191; 
4, -558.0080032280239; 
4, -561.1126592654327; 
4, -568.8147772136435; 
5, -562.4698953933839; 
4, -568.2524254938762; 
2, -577.8460247544863; 
3, -571.1334411927382; 
2, -582.631597405154; 
3, -570.2689360291697; 
1, -578.4468096823548; 
5, -564.5981053459982; 
5, -571.3733734716079; 
3, -583.0507969650789; 
1, -589.4149537775374; 
3, -580.6462161796226; 
1, -592.1128546730033; 
2, -585.7044886048825; 
3, -572.4244049313711; 
4, -587.5979774827138; 
3, -556.0821942079056; 
5, -561.1797333998256; 
3, -571.316457675799; 
3, -551.8467928291066; 
3, -576.2747295344889; 
2, -581.0692108779331; 
1, -577.7625702412624; 
2, -582.8829108377395; 
1, -594.493235446047; 
3, -582.3086824099591; 
4, -570.9899930408574; 
