7, -736.0; 
1, -761.185085355474; 
1, -767.3982289844239; 
2, -781.7039233076698; 
1, -766.1989693250298; 
3, -731.1837973586589; 
2, -766.4315722408837; 
1, -752.1111847863958; 
1, -763.6876698193109; 
1, -788.4614045690296; 
9, -750.0734852867317; 
2, -751.1131235282464; 
9, -739.9864878685694; 
2, -749.2807652296997; 
2, -753.3060006511841; 
2, -775.2326590252669; 
2, -759.1975005582062; 
2, -755.4791159432825; 
2, -754.4688456693038; 
2, -750.3601039535552; 
3, -732.0067902812352; 
1, -778.1942076952018; 
1, -758.4116860367831; 
1, -761.2108714624628; 
2, -743.5862607876479; 
2, -769.3432002600675; 
1, -739.6658121704495; 
3, -735.1319599114177; 
3, -711.4505227693808; 
2, -742.8982495138989; 
2, -751.6854326089815; 
2, -737.9512714539487; 
2, -759.4007416674358; 
2, -733.8459542986675; 
2, -755.5976103771609; 
3, -732.6575892568435; 
3, -777.0011391085427; 
4, -759.9811612917983; 
3, -766.4226093916841; 
1, -756.5343479089461; 
2, -773.5625741173499; 
1, -755.7931657806985; 
3, -742.3352554394842; 
2, -747.65440389371; 
4, -771.8337575915502; 
1, -750.3820215332598; 
2, -760.008768918342; 
1, -763.4393908628335; 
3, -762.6126917369911; 
5, -747.8951843753675; 
1, -781.6151197323343; 
2, -744.6104334189586; 
10, -562.495972602781; 
9, -741.7350938303134; 
3, -779.0696626251229; 
4, -782.26750206; 
1, -772.8677260618497; 
2, -757.6013678133459; 
1, -780.4650812303153; 
9, -775.8393690769299; 
2, -756.768479775259; 
2, -775.9619125318713; 
4, -775.1633115386867; 
2, -753.3110414502808; 
3, -748.0862222497744; 
4, -750.5048146336194; 
12, -800.0; 
3, -770.9381979836107; 
3, -757.7795423952557; 
1, -751.6670577655168; 
1, -777.9758096349542; 
3, -730.2217227492001; 
9, -684.969445857103; 
1, -776.6802172158059; 
3, -755.7211221776743; 
4, -727.5282454982662; 
10, -744.816562867054; 
10, -775.0969181831242; 
4, -780.6783549156971; 
4, -736.009691113104; 
4, -736.0939293467527; 
5, -749.6219584460559; 
4, -751.3929538369048; 
9, -749.1629838681692; 
4, -755.7868981275169; 
2, -741.774679836708; 
3, -779.9568698915391; 
3, -776.9492970120773; 
2, -768.0922876781842; 
3, -757.7264249383297; 
1, -790.9336158849619; 
4, -771.4656020919792; 
2, -763.6972044207505; 
2, -742.2560668901133; 
2, -758.5830965978967; 
3, -754.3093220930459; 
3, -759.5858121205383; 
3, -770.892198514528; 
3, -757.9156055394997; 
1, -759.140510586818; 
1, -763.5556874930044; 
2, -755.1160914262146; 
9, -669.873537265812; 
1, -762.5843865384231; 
2, -766.4584262949065; 
3, -763.9598380279494; 
1, -777.5180422246631; 
3, -762.3683790419309; 
8, -749.7410300605989; 
9, -757.7603243817866; 
9, -684.9213505006628; 
10, -758.6499526623957; 
2, -775.7705945503258; 
4, -763.3848360824486; 
2, -775.2423415545345; 
2, -761.4389521897829; 
5, -753.6799398063158; 
2, -748.8873024734348; 
4, -760.1173915123218; 
3, -766.8585797758715; 
3, -747.3966853781603; 
4, -751.028927901978; 
3, -770.6621002879401; 
4, -730.0141455657722; 
2, -765.6212940738333; 
4, -737.2963659095258; 
3, -750.5461301514442; 
3, -759.5746779371984; 
3, -757.2121440583142; 
3, -752.0355741975072; 
4, -744.7462045484281; 
3, -750.1005940657487; 
2, -756.8531267262151; 
3, -748.8199088696856; 
3, -768.3228335603926; 
4, -783.4140725808393; 
5, -761.2397569410532; 
4, -766.575607497638; 
5, -779.0681693009246; 
6, -744.398994177769; 
2, -786.770822241655; 
2, -764.8168971073756; 
3, -763.5985348856484; 
10, -659.1422130816936; 
2, -750.1258428209258; 
5, -773.4902918041043; 
5, -779.2563307293894; 
2, -770.5567317784007; 
8, -703.4209781260433; 
8, -597.4781341299386; 
6, -722.5984165112168; 
3, -772.3953522846423; 
6, -678.8948854593327; 
9, -693.3631752859801; 
9, -736.5373806396819; 
4, -747.772369844708; 
4, -775.6986110905709; 
1, -775.5449363450316; 
3, -777.2550469951384; 
3, -739.049340385056; 
2, -758.4032250746677; 
5, -759.8136169074132; 
4, -752.6787770953961; 
9, -565.1881919972657; 
5, -736.8953873517603; 
2, -747.1343051383446; 
1, -766.0055439247371; 
1, -766.0793416052766; 
1, -752.6893493200478; 
1, -767.6549827831041; 
3, -745.8669694672135; 
4, -730.7542344290414; 
5, -721.7847701879509; 
4, -740.0648948185553; 
4, -746.8279482201033; 
3, -758.0168650459091; 
10, -750.2667221049778; 
8, -719.4362841099792; 
8, -609.6385834294779; 
9, -696.5245845263125; 
3, -756.1695078134653; 
3, -754.7555140431505; 
3, -771.6616219479183; 
1, -771.0108507488621; 
9, -725.9663561072666; 
3, -758.3032862711698; 
6, -721.3343382664898; 
6, -717.4747099123197; 
6, -725.5713358659414; 
9, -745.3695552249264; 
5, -753.7652061178233; 
6, -676.5322179892682; 
9, -734.7707527133753; 
4, -752.3482480377716; 
6, -726.2888168551144; 
5, -706.8039883876336; 
6, -719.1011531750846; 
6, -707.9725001261395; 
9, -700.1620941555593; 
6, -722.7731093427865; 
7, -649.8894285886781; 
6, -687.9568853871024; 
5, -726.4792319335975; 
5, -708.1970193879388; 
6, -720.4045744239411; 
7, -690.2190033913357; 
1, -763.8708371125103; 
2, -772.5784340702521; 
9, -667.7177356962638; 
6, -730.6957962837478; 
9, -671.5497345151962; 
9, -692.3217179818894; 
4, -780.6820976157032; 
6, -667.7249667603755; 
6, -681.4327426551608; 
5, -695.8383707972826; 
7, -654.329732157581; 
9, -589.8259266973182; 
11, -535.1384471266065; 
10, -542.1133832293563; 
7, -666.4253172208846; 
6, -680.2077345699072; 
7, -691.7321269639942; 
6, -697.6443177197652; 
6, -688.0250231141108; 
8, -622.3947312705277; 
6, -691.1577952779771; 
7, -623.7609477047808; 
2, -793.2700469414121; 
10, -763.2663592958124; 
8, -733.0463906160439; 
10, -720.3095700956474; 
9, -721.6160418492218; 
10, -655.2137650071527; 
8, -695.7307001700101; 
9, -689.8018719139509; 
10, -673.2916695022141; 
9, -630.302878532937; 
10, -693.6823768129107; 
9, -664.1539306688064; 
10, -652.78227474913; 
9, -616.2398589076183; 
9, -670.086938707449; 
3, -775.5816395894508; 
3, -781.9618755273405; 
4, -766.899221499305; 
3, -798.8446492887742; 
3, -778.695269273594; 
5, -757.3252552601043; 
4, -783.6057448289648; 
2, -781.0877663052233; 
4, -774.0117732704966; 
4, -771.5316099537886; 
5, -760.7148946037923; 
2, -772.6976439946739; 
3, -770.144762619544; 
3, -763.3433990715421; 
5, -781.7340682040085; 
5, -776.2237929569092; 
1, -793.7692741590436; 
3, -772.5333515146922; 
1, -776.6797619045537; 
3, -762.6020501384046; 
4, -774.1632241539191; 
3, -759.8919409280934; 
4, -753.21342653787; 
5, -739.152766881627; 
5, -755.0138343466388; 
5, -763.1912438073778; 
4, -780.0039792293101; 
4, -774.6630720829125; 
5, -729.4654492311529; 
2, -763.9016774651827; 
1, -769.6501845854218; 
10, -738.2507159633678; 
5, -748.9081910717359; 
2, -766.9239457144577; 
4, -754.7467734582315; 
3, -771.0715561026009; 
1, -776.1319714479323; 
2, -762.1572336582467; 
1, -756.2123340977123; 
2, -778.1212246761424; 
4, -773.7159655685246; 
4, -744.029838925082; 
4, -761.9749168740236; 
4, -756.9449459367315; 
2, -768.4857694535749; 
2, -780.8404317823006; 
2, -764.1366019711422; 
5, -760.178418405063; 
2, -763.2412682302529; 
1, -766.5743962471024; 
5, -767.6200360394141; 
1, -763.4889094936952; 
1, -762.6912249203306; 
4, -753.8124928944744; 
5, -763.5929021392367; 
4, -756.9414111999795; 
4, -747.4807289328019; 
2, -762.5376377352804; 
2, -770.0682533300132; 
2, -779.1601254248235; 
2, -764.3823195305886; 
2, -762.2995643248432; 
4, -769.928606019268; 
2, -762.922746079741; 
1, -779.5123414684786; 
2, -783.6633674648765; 
4, -747.844627830782; 
2, -784.4287149756856; 
5, -752.4346838487254; 
4, -750.6915477449656; 
5, -743.9024453313032; 
7, -675.4685198394; 
4, -770.5905153718777; 
2, -763.3994252281555; 
5, -743.39105950066; 
10, -541.9694720841653; 
10, -573.5463974605082; 
3, -767.9664473064477; 
3, -752.7766480071004; 
3, -753.5947372901428; 
3, -755.920160278707; 
3, -766.0617275458644; 
2, -763.2829143112176; 
4, -773.6848057380121; 
2, -761.2108235752094; 
2, -753.7607060728478; 
1, -771.2682445586543; 
1, -763.9231731535401; 
5, -751.496196496184; 
3, -759.9553011518437; 
2, -758.9646710466186; 
2, -759.1251049910206; 
2, -762.5420129086124; 
5, -756.6245311803941; 
5, -726.870346691896; 
2, -775.2586739897961; 
4, -753.3170878042001; 
1, -761.2593986358843; 
2, -766.9348309388442; 
6, -749.9826783903409; 
2, -768.3295093663619; 
4, -736.6685673663742; 
5, -756.4956840137602; 
4, -750.5422755242325; 
2, -772.1835687357234; 
5, -770.8655046889326; 
1, -758.2013318453683; 
2, -760.495758358622; 
3, -757.2219884877559; 
1, -787.9920223021763; 
1, -766.8774224495864; 
4, -759.6613280974561; 
5, -756.8675042335526; 
4, -732.4882893241593; 
6, -758.1453363898327; 
4, -767.6784424136276; 
4, -747.1672813709592; 
3, -750.0490770598408; 
4, -756.2007227725699; 
11, -799.7548875021748; 
11, -797.5849625007249; 
13, -800.0; 
4, -795.2487295390456; 
12, -800.0; 
3, -799.7568253703066; 
2, -779.7987666998524; 
3, -799.3846156172222; 
4, -751.2560791781289; 
5, -754.8418274226133; 
11, -738.9213126392569; 
1, -772.0806006216444; 
3, -760.3534559914842; 
2, -780.6003876323812; 
2, -776.3115528483759; 
2, -776.1253565357183; 
2, -769.8179037985974; 
1, -776.6155870031798; 
2, -747.6059668239322; 
3, -751.7051640489954; 
2, -756.2438440505648; 
6, -747.452660989773; 
3, -762.7107946790056; 
2, -779.9050161030027; 
2, -781.0974043955212; 
2, -775.2379244128824; 
1, -767.3454890931025; 
1, -777.6287351937499; 
1, -760.3540214872337; 
4, -777.5747000334668; 
1, -758.2834437099518; 
6, -774.3394648599206; 
4, -763.8622998921783; 
4, -758.1493811754626; 
4, -768.2319113340345; 
4, -778.4451650841511; 
5, -752.2893929873244; 
2, -755.5886655859649; 
4, -754.9027653901139; 
2, -753.0732077403809; 
4, -758.0724897885812; 
5, -737.1036726898747; 
5, -755.5079191537225; 
5, -741.6880292247515; 
3, -753.325247862027; 
3, -755.5253436994972; 
1, -756.3974000597373; 
5, -731.8270666719764; 
4, -759.4066609519068; 
2, -759.1083337882883; 
4, -754.3077347976505; 
1, -760.7473640624085; 
3, -751.0086943671922; 
4, -765.6827283694292; 
5, -751.1922928441782; 
3, -768.717580853554; 
5, -753.9343609512434; 
11, -752.1569560031057; 
9, -649.5992241756176; 
3, -750.068325903092; 
4, -761.4734932068386; 
1, -749.2888833591715; 
2, -764.0767444659723; 
9, -644.8827911522822; 
9, -612.1439743578667; 
1, -762.3903421984287; 
5, -765.0091362595558; 
1, -771.0481730068568; 
5, -771.175138275139; 
1, -761.5094287682441; 
2, -774.5819213365321; 
5, -750.3143548091175; 
5, -747.7043316749623; 
5, -734.4269661121652; 
4, -749.9775929367752; 
4, -774.4620622114162; 
2, -753.465453859535; 
7, -749.2957224798738; 
1, -772.5039712117286; 
4, -783.45858109853; 
5, -740.5181762691354; 
3, -755.4144853993203; 
5, -744.3969227222842; 
4, -756.7685475749313; 
4, -763.6921182472724; 
2, -757.1146125747473; 
8, -640.2442497571465; 
10, -504.95243876840686; 
1, -764.5069132810459; 
1, -785.9511222303845; 
4, -756.2177510546171; 
10, -731.1077038994408; 
4, -746.412221667415; 
1, -775.509726467717; 
5, -747.2409922207007; 
5, -753.2240373948007; 
1, -776.0350998166832; 
10, -592.5817613416002; 
5, -747.2402631774894; 
2, -761.9179676412023; 
2, -754.1796307020704; 
3, -760.1771711228648; 
1, -756.7307018244173; 
2, -753.995641956979; 
2, -751.4807297728257; 
5, -752.3707956052967; 
3, -752.3532050928334; 
2, -756.8482331628329; 
4, -750.446616483503; 
9, -514.3948536370881; 
10, -698.5088550360524; 
2, -759.7876890609041; 
1, -763.5019089931739; 
6, -743.9486512813019; 
4, -730.0314428372076; 
2, -779.6239668041817; 
1, -757.8566304242704; 
2, -774.1076382578467; 
6, -759.5553880422376; 
10, -729.8451613676734; 
1, -775.0424216352403; 
4, -745.901780371787; 
9, -709.7536174171837; 
10, -490.5966578371008; 
9, -581.3227036658791; 
9, -546.3339666558895; 
10, -688.4681400196278; 
6, -741.8229108374799; 
5, -764.86645638349; 
4, -755.5639540241682; 
1, -779.88226609095; 
2, -770.215327497106; 
4, -746.1115894909599; 
6, -719.3971503307112; 
3, -778.1889912501792; 
6, -734.4068365819985; 
10, -736.1130548478686; 
4, -764.0624986072071; 
2, -758.2538712850073; 
5, -743.3249291218817; 
8, -702.2860239493311; 
4, -763.6201542537892; 
1, -753.1847642209614; 
1, -761.5010010045953; 
1, -760.0167517440859; 
2, -754.4094053651206; 
2, -758.1220816075802; 
4, -787.5552207790315; 
3, -758.3282726375619; 
3, -767.5813068165444; 
2, -782.6394030301017; 
2, -755.4762381449109; 
9, -535.9259495526203; 
4, -741.4711221259204; 
1, -769.5550929175224; 
3, -772.4228952246485; 
6, -730.9887713790522; 
1, -761.82354643289; 
4, -756.5425253552385; 
3, -770.0269795194617; 
4, -794.6237242938951; 
1, -799.1288121046964; 
10, -518.2098271235591; 
11, -687.9049623454921; 
11, -780.6073527806439; 
7, -732.0622003881144; 
14, -800.0; 
12, -794.2220626247581; 
14, -800.0; 
12, -798.3398500028998; 
12, -800.0; 
12, -800.0; 
13, -800.0; 
10, -769.0391000173986; 
12, -800.0; 
10, -749.3385355598875; 
14, -800.0; 
14, -800.0; 
13, -800.0; 
3, -794.1788081529085; 
2, -774.9226709714276; 
6, -754.0388911443297; 
2, -756.6598562023137; 
5, -786.1767802059185; 
4, -763.8477855161764; 
5, -763.394405884319; 
10, -751.8609674760373; 
4, -752.6012407480157; 
6, -753.2892890467774; 
3, -760.9949268515338; 
2, -758.5540674584918; 
3, -755.1084532899549; 
3, -757.6779412501492; 
2, -763.9643707786454; 
3, -769.2570346847642; 
3, -759.634941583965; 
4, -772.0778914607363; 
2, -768.9669263686519; 
5, -770.273989821726; 
2, -760.9090099086752; 
1, -766.0034978504991; 
4, -758.8346534750308; 
3, -756.4172550221556; 
1, -769.1777415338438; 
1, -772.2802472435287; 
4, -717.226915719395; 
4, -761.8119754795916; 
1, -761.2247153366916; 
6, -766.9542679820443; 
1, -772.1744189483579; 
2, -756.396694490104; 
5, -739.3994787177071; 
2, -751.7166948920349; 
3, -750.4268071688712; 
5, -746.330978116137; 
3, -751.435488061863; 
5, -756.3976540870499; 
9, -535.9935762735549; 
7, -730.8223805681337; 
2, -766.5681189647876; 
2, -760.3331747638877; 
5, -759.1866518358001; 
3, -772.3225977984257; 
2, -765.2006489626365; 
1, -784.2269873608602; 
5, -745.5834988196148; 
6, -763.4057421344332; 
2, -755.0707698818296; 
2, -754.0409066001303; 
1, -755.3311318278429; 
1, -762.9369155772729; 
1, -748.4519260561792; 
2, -755.6825814191834; 
8, -613.5062575016636; 
7, -705.2423175115255; 
5, -756.9352198796114; 
7, -751.1542197997915; 
5, -729.6123296022415; 
1, -773.3541349710431; 
1, -762.5260436616954; 
6, -744.3237163682934; 
10, -670.0496136635775; 
11, -726.1116869987454; 
3, -753.9339764048927; 
3, -751.3355539790937; 
4, -758.1439937842079; 
3, -781.0308095596847; 
5, -770.2559799746377; 
3, -787.7701820774237; 
4, -759.1918250776944; 
4, -761.0287113428931; 
3, -765.2247829520493; 
2, -751.6837427215651; 
3, -748.2357757010614; 
2, -751.0037855384289; 
10, -523.4374668028322; 
11, -669.2305649690679; 
5, -747.7601634043385; 
4, -749.4759890536661; 
1, -768.1005660980591; 
4, -738.7332853852422; 
3, -761.2820584026631; 
2, -764.1682342659333; 
1, -784.5998689460685; 
3, -764.0867539963219; 
1, -761.871812674799; 
1, -750.3496530029806; 
1, -761.7554170921794; 
1, -760.7249088634853; 
1, -764.0990113534499; 
3, -741.0032830642886; 
7, -749.9812371389708; 
4, -773.9420786531409; 
10, -624.3479249242228; 
7, -711.9045098604984; 
4, -762.4008466308587; 
5, -732.0762885355507; 
6, -725.1292003804119; 
9, -585.2332139885402; 
6, -755.122630426893; 
6, -713.5205737705692; 
4, -740.603044987889; 
5, -737.758689644048; 
4, -729.4612939855433; 
3, -777.6976881902665; 
4, -761.5204112558276; 
6, -721.0646110124653; 
4, -746.7438521001604; 
5, -737.9018561152043; 
2, -761.507426981756; 
2, -741.6825380543596; 
1, -757.8985004941351; 
1, -758.7909387015388; 
1, -769.613332702138; 
6, -752.7368973195553; 
4, -747.8627565956558; 
5, -737.9011884860811; 
4, -745.1909783222945; 
3, -754.6918482527253; 
1, -771.9761066691717; 
2, -765.5912680095644; 
1, -778.4844147098484; 
4, -762.4849627243821; 
3, -769.7284032714088; 
1, -767.8117708595819; 
9, -774.7565613478655; 
5, -766.753041391552; 
9, -721.3322921555955; 
9, -683.7857138514519; 
7, -704.5275565461488; 
10, -683.8602163780015; 
10, -736.203008484561; 
9, -641.1738956783665; 
10, -710.0305537908571; 
10, -585.3248246796429; 
6, -739.332412112155; 
3, -770.9815897613298; 
5, -762.7107966507901; 
1, -771.6265165004879; 
3, -756.5555545391398; 
3, -769.2358487735037; 
4, -733.511106642196; 
9, -517.224223670084; 
9, -643.1752639915794; 
5, -765.0305803380907; 
2, -759.7879781326046; 
2, -743.8620262541808; 
2, -759.8815674749203; 
2, -754.0671516085276; 
5, -755.3873289162293; 
5, -749.3883494882612; 
5, -761.1453054611338; 
6, -768.6242659070995; 
5, -766.9201839403249; 
5, -761.1753609612351; 
1, -768.3651824339759; 
4, -751.1531551942462; 
2, -749.6699989964254; 
1, -774.7259303510655; 
4, -762.6487290946534; 
6, -734.8874502076069; 
3, -748.6712703431258; 
4, -753.5105537094641; 
1, -767.9862897280836; 
3, -749.4118686432485; 
2, -760.7786480823997; 
3, -750.7365283474792; 
4, -736.6717127624433; 
1, -769.5629639554536; 
10, -667.6124867701437; 
9, -586.1278959559277; 
2, -760.8263979011681; 
11, -798.1894750101492; 
13, -800.0; 
10, -794.2151214915793; 
6, -792.8511983990902; 
4, -765.0043931201799; 
3, -777.2852027839981; 
7, -767.3442709707888; 
5, -748.7738011081237; 
9, -774.8883266060147; 
6, -757.4076971516479; 
2, -760.9999951203354; 
6, -765.7328390802722; 
4, -779.3385056769475; 
3, -747.4961260843556; 
5, -763.6390151106752; 
5, -777.1124982303008; 
4, -761.5231012268923; 
3, -755.7396649871953; 
4, -754.2852028204361; 
5, -768.2239102836465; 
4, -762.5045973496744; 
5, -720.0500836413121; 
3, -768.0657614904922; 
3, -759.8745685846079; 
4, -782.69406710763; 
3, -752.9227853685152; 
6, -732.8967320524389; 
6, -710.32230634999; 
3, -763.698564728722; 
2, -768.3107727281749; 
13, -721.464179497445; 
10, -647.1498814395163; 
5, -732.4367620093981; 
6, -750.2939717938425; 
3, -757.0457125935936; 
4, -765.1079525854439; 
3, -766.7943653634284; 
4, -792.3954553792719; 
14, -800.0; 
6, -779.3652025150368; 
14, -800.0; 
11, -799.2679187078029; 
13, -786.3398500028998; 
11, -789.8265751344152; 
10, -789.8528812085278; 
11, -786.001298304298; 
4, -795.4425613082713; 
4, -780.2729937708937; 
3, -781.4711930199992; 
4, -774.643578008865; 
6, -724.5709223822923; 
2, -766.5686498638242; 
3, -770.9096144379582; 
1, -771.5326577337692; 
2, -764.190900865593; 
2, -762.9554019139614; 
5, -750.7152926850831; 
3, -762.4571705886628; 
2, -776.1112668403657; 
2, -762.4477916250471; 
4, -760.8898041859502; 
3, -760.9797559515573; 
3, -752.1832668755669; 
3, -764.8314876219956; 
5, -748.6065344363451; 
7, -681.7475400293479; 
6, -720.55957203242; 
5, -753.3325365305645; 
3, -751.8839608296985; 
10, -747.8148529925384; 
9, -591.4935219276231; 
3, -750.9363639635267; 
4, -723.5860140005825; 
3, -760.2540249847807; 
2, -772.8582246412989; 
1, -766.8593384482665; 
3, -760.4668699422618; 
1, -763.081214157166; 
5, -739.3750899925362; 
4, -774.6207738701487; 
3, -766.1847614941653; 
5, -737.3197291321121; 
10, -703.2063233478693; 
1, -767.972567497287; 
2, -758.2412345698103; 
11, -755.7609253800474; 
1, -757.3651453253115; 
4, -750.1438676540274; 
5, -766.0740004153922; 
4, -752.9440539813368; 
6, -763.7868267932208; 
12, -740.9099776523653; 
3, -736.5372439934872; 
2, -767.3855422515189; 
3, -767.1840301135089; 
4, -756.130572531838; 
4, -760.1849854933098; 
4, -747.5474735785974; 
5, -772.722149482579; 
3, -752.7151048282394; 
12, -508.12732511991635; 
12, -288.44732540508267; 
10, -514.4287843483035; 
11, -623.8991164700128; 
11, -692.1291517491918; 
2, -761.8441250631586; 
4, -778.6442652400583; 
5, -758.2466756905196; 
1, -760.1073267883621; 
6, -758.0345556458924; 
1, -780.6050363711547; 
4, -755.1086242963793; 
5, -776.6727902279235; 
4, -766.6654612254351; 
4, -769.4807577885222; 
4, -760.548797167954; 
2, -769.7030454607448; 
3, -758.1994769397425; 
6, -772.278916674084; 
4, -798.9682757607661; 
10, -798.3822062215768; 
4, -791.8383224444697; 
10, -776.3268123967573; 
13, -794.3398500028998; 
12, -797.2646625065245; 
10, -783.5454337524716; 
5, -791.0192777486518; 
12, -797.1699250014499; 
12, -788.9017626307905; 
11, -752.4040919602849; 
5, -780.115825908957; 
5, -751.195182297146; 
5, -739.1829410630744; 
1, -752.4966377083911; 
5, -753.7410059234826; 
4, -744.6772109591402; 
5, -732.2892925054766; 
3, -752.224864137941; 
1, -770.9880374057684; 
5, -752.8426280920394; 
5, -744.5714413470123; 
2, -758.2778387302533; 
5, -750.7243080659537; 
2, -765.233466214966; 
4, -755.927238581935; 
3, -746.435485427035; 
3, -756.1109233109746; 
4, -741.9900210885098; 
3, -762.1065027917502; 
2, -751.388055067393; 
4, -733.5050658660475; 
1, -757.8374442240456; 
4, -748.1930668997811; 
1, -760.5659769964404; 
2, -765.8851170043927; 
4, -769.3310157114174; 
4, -760.6381297121989; 
3, -760.9614903287729; 
10, -682.2501124496339; 
9, -566.6227120037656; 
4, -740.0059070562711; 
2, -759.2872513387119; 
3, -763.5962228185963; 
12, -746.4767128648236; 
3, -761.4439614298753; 
6, -767.6264502695994; 
11, -696.3153948112158; 
6, -766.5042849575402; 
5, -751.5352311945753; 
4, -742.4146671406925; 
4, -738.5785902264761; 
1, -773.7295822310261; 
2, -756.0848191496916; 
4, -778.9479326008586; 
3, -786.1401718205307; 
13, -800.0; 
12, -694.541160623543; 
11, -557.2132162614726; 
10, -674.0543131281156; 
15, -800.0; 
4, -783.3515072935261; 
13, -800.0; 
3, -767.4355911221355; 
5, -763.938543005148; 
10, -642.8272769931937; 
10, -621.5388771329308; 
4, -774.3887389643351; 
6, -756.1408089959295; 
11, -773.1366777939256; 
5, -772.4513856481062; 
2, -757.0395873483503; 
3, -762.3480662589427; 
3, -749.6616564560682; 
2, -756.5065677029779; 
6, -732.7496493619401; 
6, -733.0642172280932; 
6, -760.3685218016617; 
10, -615.3165761271957; 
9, -519.1745935927611; 
1, -767.6185825284338; 
5, -771.6209721760824; 
4, -744.0201852780301; 
3, -743.4673440218903; 
4, -749.0688957275124; 
6, -751.6962266546907; 
4, -761.8625723568257; 
4, -754.212721897522; 
4, -753.1138471647864; 
10, -687.0733094030293; 
4, -760.1594420149922; 
7, -744.7770213064505; 
3, -750.6209521514829; 
5, -734.3846717169508; 
2, -771.135186288855; 
5, -744.4949785182253; 
4, -733.8905656550778; 
7, -714.4327889758861; 
10, -599.8391169795068; 
7, -701.1621693008346; 
12, -750.7155438219197; 
2, -759.203357564169; 
4, -758.292844940559; 
6, -740.2663134695031; 
3, -743.1029980273452; 
5, -756.7290040010121; 
2, -746.0612173498375; 
8, -736.1398446211824; 
1, -773.3456649883883; 
4, -759.6516199988546; 
3, -763.1924573600991; 
5, -746.2517220259178; 
4, -761.918605138897; 
4, -782.2489888772834; 
2, -777.3015802941518; 
11, -749.2774564498104; 
11, -773.3952438277192; 
11, -745.944362512324; 
11, -742.8461251431145; 
11, -757.5073022430297; 
11, -683.5721743555041; 
10, -696.5990500965854; 
11, -674.4026589550776; 
11, -686.5622017015703; 
11, -588.3952593470458; 
10, -670.5788984026294; 
10, -577.5439716387773; 
11, -617.2005852869479; 
10, -578.0813805279322; 
12, -656.6924916915596; 
11, -660.3949842674192; 
11, -702.2208376829512; 
10, -579.0130363435019; 
10, -560.7888696469599; 
12, -631.8585668763844; 
11, -444.34813310718164; 
10, -480.8890700098127; 
11, -360.84807728929445; 
12, -332.8606901782332; 
11, -387.2531597901834; 
11, -322.7148756320821; 
11, -355.4054142006207; 
11, -389.15982179064304; 
12, -332.96276214090176; 
11, -368.35211296216585; 
10, -296.0273602262605; 
14, -249.4372485706117; 
12, -301.04921542701777; 
11, -309.69232316233683; 
13, -221.8215834676521; 
11, -331.66881137515884; 
10, -434.89840794191696; 
12, -313.2159799669171; 
10, -427.93885442824103; 
11, -570.3988877484808; 
11, -545.0105799911544; 
10, -487.0722940765554; 
11, -406.03534244105686; 
11, -393.73228090803605; 
10, -422.06838812166825; 
11, -467.3126212330535; 
10, -632.2435307479464; 
11, -713.2653694930486; 
9, -610.2052332670428; 
11, -535.9386353777954; 
2, -752.6927892428357; 
11, -745.7183254985139; 
