5, -356.8086532261551; 
8, -398.1699250014423; 
7, -369.7641453188568; 
1, -369.45907128010913; 
2, -382.5347108864978; 
1, -395.5374184321704; 
1, -379.45726572026615; 
2, -373.80975829369527; 
1, -395.2417214464085; 
1, -384.52029429991853; 
1, -374.37295148418616; 
1, -385.44963171681684; 
1, -375.29912238306406; 
2, -388.3520403884859; 
2, -380.5183723786495; 
2, -393.3292682237852; 
2, -380.0725464115685; 
2, -381.11317791387864; 
8, -389.77443751081955; 
8, -335.5261608396586; 
7, -303.153486465254; 
8, -364.6588894062688; 
2, -390.39640341546874; 
1, -374.79396636651654; 
2, -369.91023124567437; 
1, -388.0059222648997; 
1, -368.70310780399086; 
2, -391.8383628257725; 
2, -376.1039642928663; 
1, -374.2445219950332; 
2, -377.9092326088812; 
1, -383.93142695281676; 
2, -357.32345843127587; 
3, -376.4115395863064; 
2, -367.8443694057496; 
1, -370.0839766119698; 
1, -384.08744421064694; 
3, -371.09463463249995; 
2, -358.87264616269204; 
3, -379.867562245483; 
1, -377.1079437721655; 
1, -373.45127828365185; 
2, -381.3652459269688; 
3, -397.6154848177357; 
3, -379.01409016811886; 
1, -391.5673793786118; 
4, -392.2709823172336; 
3, -358.21160471975236; 
2, -376.10812670269297; 
2, -364.9137136063073; 
3, -355.2737704299507; 
1, -377.89714424008343; 
1, -365.070132610017; 
1, -381.5688219058866; 
3, -372.0677126288974; 
2, -382.42018377602653; 
2, -375.432457823219; 
4, -362.01676462160685; 
6, -296.68549177872046; 
4, -346.8170602197024; 
1, -369.5060834277683; 
2, -367.6845312678015; 
3, -350.11867497203275; 
8, -331.1946111989164; 
4, -385.81432316487553; 
6, -374.13485159811535; 
6, -345.1371586812311; 
11, -400.0; 
3, -393.2613155669533; 
8, -399.52769691232606; 
6, -334.8191413534878; 
3, -397.55875034390556; 
7, -359.15292151305766; 
9, -364.43824911714546; 
3, -389.04604241396373; 
9, -374.9370829749096; 
8, -339.9830185146275; 
4, -386.58539362525335; 
9, -397.6797000057704; 
8, -380.90331264900306; 
5, -369.3223852856099; 
1, -376.60710822638794; 
2, -380.04289189860356; 
8, -338.8832348880678; 
8, -339.47729017434176; 
8, -360.8422201386711; 
8, -336.0149084770237; 
7, -347.89892415940994; 
8, -316.501660981281; 
7, -356.5682550668498; 
9, -297.1767653167117; 
8, -313.8234242509352; 
5, -355.37271164705453; 
9, -297.5340280313467; 
8, -282.3126877123723; 
2, -395.79136492145335; 
1, -387.597145722415; 
8, -353.9904062076166; 
5, -364.45409232605016; 
8, -320.4028739742498; 
3, -374.428094040064; 
11, -400.0; 
1, -393.7926266795621; 
2, -395.60935143240204; 
2, -382.1921091281838; 
11, -397.58496250071767; 
2, -384.02827740179055; 
1, -382.6445633238618; 
3, -381.28791468899726; 
1, -398.3729617024146; 
2, -379.6269820658199; 
3, -388.26511369996297; 
11, -400.0; 
1, -395.70048661711917; 
3, -395.9376748599825; 
10, -398.754887502153; 
11, -398.58496250071767; 
9, -369.75265764799406; 
8, -316.0937460311907; 
9, -367.0043369418345; 
3, -381.69517780487513; 
2, -379.24921502685174; 
2, -370.26059436761716; 
1, -389.25442419540195; 
4, -366.48263866914203; 
1, -382.03304617536924; 
10, -390.9248125035883; 
12, -400.0; 
1, -393.5074192119646; 
2, -393.83649954670545; 
1, -393.3660461461768; 
2, -397.9270653664789; 
4, -387.7715343485179; 
2, -386.8876307478931; 
3, -390.2226402738888; 
2, -374.15214209827536; 
2, -385.9117868381654; 
1, -392.87143756218575; 
2, -376.0004732701418; 
2, -394.9027058306019; 
2, -381.97459096676903; 
10, -388.754887502153; 
9, -367.87005738986045; 
7, -334.0130256968405; 
8, -282.52357838540047; 
8, -317.20013544122776; 
2, -394.31631213319633; 
8, -314.11912105639203; 
7, -204.44388854094723; 
8, -176.36058056404; 
8, -174.10841124084982; 
8, -166.6558996735912; 
9, -298.92012848017475; 
9, -325.7788557882377; 
3, -378.1171498881886; 
2, -393.42240228805895; 
2, -391.85439699608105; 
9, -397.4886830284304; 
4, -385.2655493127022; 
2, -383.604151135296; 
3, -377.9512494733426; 
2, -380.99110881869274; 
4, -378.4651307819513; 
3, -378.418354112262; 
2, -387.15979529398464; 
1, -384.6034820631394; 
1, -389.19729694972193; 
4, -385.39480535301846; 
2, -384.0004996673306; 
3, -384.51220928051043; 
3, -392.3501172840479; 
1, -391.4008946843969; 
2, -396.6129321710905; 
4, -384.3676114600239; 
1, -390.60235036686936; 
4, -390.32110902809654; 
1, -394.68566362196; 
5, -382.89444283989724; 
3, -380.2762535848742; 
3, -383.82539526792243; 
1, -389.857080724003; 
4, -395.6285294624395; 
10, -369.6236465880356; 
8, -339.0578345822287; 
4, -397.2081247543247; 
3, -383.5982906725403; 
3, -390.0885251396685; 
4, -392.3662901594216; 
2, -392.82860675918346; 
4, -381.25982700182067; 
4, -385.6340970980673; 
2, -386.322378065408; 
1, -385.8679579511372; 
3, -381.5678266843752; 
3, -388.9031463502761; 
1, -389.1531935148232; 
3, -386.72424613039766; 
3, -385.8657170312508; 
3, -384.52960360998986; 
9, -313.3929330052779; 
8, -276.2580803927267; 
4, -386.08290272463637; 
3, -393.5638736839901; 
1, -388.7769714531023; 
2, -384.20272737815685; 
3, -388.0110986392974; 
2, -386.9433049649524; 
3, -379.3474819202238; 
3, -379.09192934265593; 
1, -383.2090560177021; 
2, -385.03010633564554; 
1, -391.9861574456445; 
4, -386.9153724847565; 
1, -393.17332884097414; 
1, -388.00377910296083; 
3, -385.90823666678625; 
2, -382.53197007592826; 
2, -385.6652369758085; 
1, -386.30230586830294; 
1, -389.52156237102463; 
1, -390.558585763647; 
1, -386.8205354129459; 
3, -387.4348158943758; 
10, -337.9152868678357; 
1, -389.18736742518377; 
11, -378.1699250014499; 
5, -377.21518978230597; 
3, -381.5705251824693; 
3, -379.8941417669703; 
7, -269.6290513212298; 
6, -289.60694740615145; 
9, -331.90669294331747; 
4, -380.76786008996714; 
1, -382.3625257453241; 
5, -350.93710632110015; 
9, -212.99528456639382; 
12, -216.27556711045327; 
10, -236.78747511684196; 
10, -230.61366280558286; 
6, -294.73707164023654; 
9, -187.3842755601072; 
8, -179.4330201001285; 
5, -304.9250253166538; 
8, -191.55340736350627; 
6, -285.56481527404685; 
6, -219.39226879215857; 
7, -296.8798926774907; 
4, -371.8238108151563; 
3, -384.9720901104447; 
3, -393.12058988848; 
3, -380.67714558987063; 
3, -377.58643916764413; 
1, -386.42997891057166; 
5, -359.18730756441073; 
6, -360.57229958123935; 
2, -380.7290565839794; 
6, -385.40653730748454; 
3, -384.14057139611396; 
8, -334.19657303106214; 
2, -384.37434045360715; 
2, -390.5235392484319; 
4, -374.01416739224805; 
1, -394.3585039213067; 
1, -388.9755491700489; 
9, -230.00511506694602; 
10, -320.335879720893; 
1, -395.91576846144744; 
2, -387.22347703062405; 
3, -380.42982495256; 
8, -340.111848475819; 
10, -346.46483028450166; 
2, -383.9659838242078; 
2, -384.6649027471285; 
2, -387.46497611417726; 
2, -387.7962169680832; 
4, -381.3303477791924; 
4, -383.484251953676; 
1, -387.53062660350406; 
1, -384.6755905702594; 
3, -378.5910678893997; 
4, -380.1651753346523; 
2, -386.1655473124556; 
10, -340.6405657394498; 
8, -288.39378050586674; 
9, -317.58709313053987; 
3, -378.2598748116434; 
1, -381.7011907734559; 
3, -381.1114024118433; 
5, -383.22691004730586; 
2, -385.2879525064054; 
7, -322.4430937676225; 
9, -341.4126177109574; 
1, -390.11762864800403; 
1, -387.99885169704794; 
1, -390.1453562445822; 
4, -367.173786232961; 
9, -297.8219869578461; 
1, -386.68337051096023; 
4, -373.006843050709; 
1, -388.88230952763115; 
4, -377.8062952915061; 
5, -378.2002431487781; 
11, -399.7548875021748; 
2, -397.5118844276294; 
5, -376.998988779771; 
10, -395.17155310213275; 
4, -385.78065383156354; 
4, -390.455481474346; 
13, -400.0; 
3, -393.722534798726; 
3, -379.6065151216608; 
12, -400.0; 
11, -398.7548875021748; 
4, -377.1679640010989; 
10, -393.75651560287224; 
9, -338.9696357509674; 
9, -207.18354994949186; 
3, -379.60201502732525; 
4, -380.244926835614; 
3, -376.3197285970091; 
4, -373.999304235258; 
9, -250.9755669762526; 
4, -384.75490038427233; 
10, -351.00994828341936; 
7, -278.2975169308338; 
10, -350.2169565273798; 
1, -386.7904761041427; 
4, -382.65912613566616; 
1, -384.981962764723; 
1, -382.68168885685736; 
2, -380.0610337676044; 
11, -365.8450566268875; 
9, -304.5374667325668; 
8, -356.10100379856885; 
2, -385.86383225856116; 
2, -375.1359814046591; 
3, -371.9583641956269; 
3, -379.9921014913416; 
10, -359.03429516078904; 
1, -385.706543531589; 
3, -381.1469945645513; 
2, -395.9681203819637; 
10, -389.05959099548636; 
9, -252.54473965115903; 
10, -365.5768479554972; 
9, -343.68174788405304; 
7, -329.85998636763543; 
9, -240.72379300312605; 
7, -172.19088336930145; 
6, -239.2312358704803; 
6, -279.3151826352987; 
9, -232.73854588798713; 
7, -201.92131057518418; 
7, -217.6910830186098; 
7, -226.67498311362579; 
6, -302.7899707040342; 
4, -312.0527059843589; 
1, -383.0519162257551; 
2, -375.2759913121117; 
10, -324.4777677930542; 
8, -217.339769716491; 
8, -170.91829752264312; 
11, -378.49717377556954; 
1, -388.52754869134515; 
4, -380.3559728753171; 
4, -380.2955234478286; 
2, -392.7844657235255; 
1, -389.4726986118767; 
2, -386.4901784565882; 
1, -385.9542636263941; 
1, -389.31072849046905; 
4, -384.127169766085; 
9, -236.44206901581492; 
9, -279.18369829497533; 
3, -374.2982733315439; 
3, -382.6533637927496; 
1, -384.774977922003; 
1, -384.49492219556123; 
1, -380.8555559636734; 
1, -386.7410397402127; 
1, -386.4118772960501; 
2, -387.0200759464933; 
8, -354.9657637308992; 
10, -331.2443874604651; 
1, -382.4499768916867; 
1, -387.9070515563071; 
9, -378.1860526718374; 
4, -380.8535226350068; 
5, -379.3503136827785; 
2, -385.9328866757569; 
1, -383.7252840254223; 
1, -385.3762242644443; 
1, -385.5290836976201; 
3, -374.52673876142944; 
1, -387.77000646217493; 
4, -379.32527054069215; 
2, -384.8761662307952; 
1, -387.0215581099328; 
2, -387.3911606570182; 
4, -385.8963474900229; 
1, -390.7868172171293; 
1, -386.27550852272543; 
2, -374.81016176371486; 
4, -376.21008565093507; 
2, -388.80808760179207; 
4, -373.0151186820294; 
3, -371.05621703958604; 
4, -382.9574922588363; 
2, -395.8386115473113; 
4, -391.3548268773884; 
1, -388.919505492202; 
2, -371.2154135713645; 
4, -386.94352173572406; 
8, -355.4251839364297; 
9, -291.62709659914253; 
8, -213.51790647328016; 
8, -205.29883566647186; 
9, -233.240767381998; 
8, -228.009174083767; 
8, -316.3302963482565; 
9, -76.68010864668759; 
8, -191.88139639256406; 
8, -189.32206723792478; 
9, -117.60434688953683; 
9, -157.6333595600736; 
9, -140.45133154696668; 
9, -149.69927640995593; 
8, -127.64441355716554; 
9, -121.39809760561911; 
8, -93.39054022062919; 
9, -148.8541193365818; 
8, -123.00515077615273; 
8, -83.59504644447588; 
9, -176.59909240619163; 
11, -190.09267516134423; 
9, -97.11102783764363; 
8, -113.95457229256863; 
9, -90.44664987776196; 
9, -132.05517521701404; 
9, -123.4867363012454; 
10, -71.83535813546041; 
9, -72.60586965351831; 
9, -107.36836245196173; 
8, -120.32079644399346; 
10, -69.94045252844808; 
9, -74.65451338683488; 
9, -84.73904781564488; 
11, -181.82591935651726; 
8, -65.20855465432396; 
9, -88.37824673726573; 
8, -165.0199052231619; 
5, -345.4242644183687; 
11, -369.80360278720036; 
3, -389.9981148590741; 
7, -349.20571481384104; 
7, -337.100638554286; 
9, -233.2176466837118; 
9, -325.3329432535975; 
3, -388.3686226574064; 
1, -391.3189895421674; 
4, -385.53592710156227; 
5, -382.6035412932979; 
1, -396.72338466570363; 
4, -381.12912898440845; 
4, -385.73136512719793; 
2, -385.10031267249724; 
1, -391.2193107655621; 
1, -390.3568683517806; 
11, -373.1756337224797; 
2, -390.0099585047283; 
8, -355.1574609830859; 
10, -333.10236296459334; 
1, -387.6466614093806; 
5, -377.1669557587884; 
2, -391.1472039951186; 
3, -386.27957264208817; 
2, -392.91451952335774; 
2, -390.4727384595608; 
2, -391.3106258625048; 
3, -387.62727961933706; 
9, -353.0272378541995; 
8, -264.4945165537647; 
2, -390.76851605967386; 
2, -378.0640995010326; 
2, -382.0923025130469; 
9, -281.8047965934675; 
11, -358.3886569185415; 
3, -383.1816217270971; 
3, -388.1118459596473; 
11, -358.68932058115024; 
9, -187.13112488391926; 
10, -357.17884953678004; 
1, -392.7832234837115; 
8, -364.358134311944; 
5, -378.930297052284; 
1, -388.0781794722425; 
4, -384.73823988772347; 
1, -393.3240032346512; 
2, -383.0951013203594; 
1, -391.38944275828544; 
3, -386.6251096087508; 
3, -389.26149960418115; 
2, -387.8782786539232; 
2, -388.5714599406929; 
2, -386.5344769451185; 
2, -384.3576683078427; 
1, -392.6700013296213; 
2, -387.3658868329949; 
2, -383.7931133504899; 
3, -387.6271109160152; 
9, -174.03373694902984; 
10, -326.39684394863434; 
1, -387.4005990723672; 
1, -386.25666249226197; 
1, -393.7556159509113; 
1, -386.1288673658855; 
4, -380.8099501092511; 
2, -383.8536382796301; 
3, -390.8421557052352; 
2, -391.11587879856233; 
3, -389.35594191544806; 
2, -381.43481665148283; 
10, -389.0668233195902; 
9, -287.55829872653703; 
10, -370.9622911514889; 
8, -270.3871215607214; 
9, -303.01800123485737; 
11, -374.3077249819471; 
10, -229.2931856228388; 
8, -319.4939249029849; 
9, -299.4982115353341; 
11, -378.5537570412853; 
1, -390.3019474684843; 
1, -387.7092747135612; 
1, -389.9700089558319; 
9, -309.26026799948886; 
10, -319.5973827315902; 
2, -381.9301216088352; 
6, -353.19648660716484; 
8, -304.97854360658675; 
2, -383.93067625071853; 
11, -366.5590992260841; 
9, -332.67743570733; 
11, -356.58840562502155; 
2, -383.76221683988115; 
5, -383.1846189890057; 
1, -389.6215448297444; 
3, -379.5889955344901; 
7, -352.26395881865756; 
9, -281.0037527892273; 
1, -387.3915775877831; 
1, -392.50225434525055; 
9, -310.1550275585323; 
9, -236.1575514851429; 
10, -356.7635088558018; 
8, -219.56482335657347; 
6, -372.46499242132995; 
10, -366.8096992598148; 
8, -300.85181693031336; 
1, -394.5504543647694; 
1, -393.5657014370081; 
1, -388.5312695200264; 
1, -386.93244533104007; 
2, -385.7511011653696; 
11, -375.9780341274454; 
9, -208.54421239186195; 
6, -357.9565874536347; 
10, -347.11233175743837; 
6, -364.4205219715368; 
2, -381.4730898333364; 
4, -377.28108612360666; 
1, -388.6596640056523; 
4, -373.53077554906486; 
1, -384.8305905397574; 
10, -329.8227500973735; 
10, -242.25473249415518; 
2, -385.74489522207296; 
2, -391.1219356491347; 
3, -380.7444019614195; 
4, -371.2821055026725; 
2, -386.40182784898207; 
2, -385.9529189877503; 
1, -384.76843205239857; 
10, -344.2579064407619; 
11, -330.6028844087268; 
12, -249.41503749927506; 
12, -282.847996906552; 
3, -386.23255937430076; 
1, -394.87399169712444; 
11, -356.28095631382894; 
9, -301.63356045799446; 
8, -276.33132061117794; 
1, -390.52774387129466; 
2, -383.76267843841924; 
4, -387.5150231732987; 
11, -378.8004516500514; 
8, -257.7134541149426; 
9, -386.3316962834797; 
2, -384.1075038900017; 
14, -400.0; 
1, -391.9314985523815; 
10, -323.58943087264197; 
11, -300.1436383833061; 
13, -400.0; 
12, -400.0; 
3, -392.41652907969547; 
11, -360.87435568735236; 
2, -398.7310478367144; 
3, -386.3428176169982; 
2, -384.84392442027456; 
12, -400.0; 
12, -400.0; 
12, -400.0; 
2, -398.25903093710076; 
4, -377.82890761832823; 
8, -321.314103408542; 
11, -348.0649850567861; 
3, -390.2843472743407; 
3, -392.34007599254255; 
2, -391.61668289627414; 
1, -390.9252033577068; 
4, -380.4988919724419; 
2, -386.9540069757495; 
3, -384.9056385551521; 
2, -392.43774569113157; 
2, -390.4244903041981; 
10, -303.1132856046024; 
5, -383.15160211833427; 
3, -389.49173295518267; 
2, -383.5515099634649; 
4, -383.20545913869864; 
10, -285.4122496326745; 
9, -254.96877795801265; 
2, -390.8886426271347; 
5, -370.6705192824011; 
2, -387.8960119963449; 
5, -382.22987587287207; 
4, -382.9886284688255; 
2, -382.4140977943025; 
8, -295.5476041378861; 
5, -383.9425379525637; 
3, -389.8077261671424; 
4, -384.74992711792584; 
1, -387.84695648687193; 
3, -391.9943041395745; 
2, -386.5155337109172; 
3, -385.9489105484972; 
3, -376.2878252515511; 
4, -382.5719258589961; 
3, -382.5608883246605; 
9, -362.0758848027908; 
2, -393.9371003766428; 
5, -372.0381677870755; 
10, -304.59248532698257; 
9, -206.9844678530353; 
9, -273.1510638394975; 
2, -392.4517460789648; 
3, -380.3993315548578; 
1, -384.9367614580551; 
10, -351.8879355932877; 
2, -388.00431578391; 
5, -378.53569305257406; 
4, -384.84631732900743; 
9, -275.6277114812401; 
1, -389.86241576852626; 
8, -306.7886970822874; 
12, -400.0; 
2, -381.2737024278613; 
3, -398.2252517276793; 
13, -400.0; 
11, -391.0947375050746; 
10, -364.5193127458915; 
11, -374.58943087264197; 
9, -322.8595490589796; 
10, -391.28738258301746; 
2, -395.4356397052179; 
4, -379.76783406711183; 
9, -346.3419493716792; 
10, -351.34679518753546; 
4, -376.19234763254644; 
3, -381.0123250482138; 
3, -371.6845683645224; 
2, -388.30262295057764; 
4, -375.8681351393461; 
11, -363.9248125036247; 
10, -384.6971449109842; 
8, -341.2962781248207; 
4, -366.87141750229057; 
9, -268.2930193177017; 
10, -338.62788361814455; 
9, -214.5202379069815; 
6, -337.7321148494375; 
1, -393.92053447815124; 
3, -389.19605264498387; 
2, -374.71735950454604; 
9, -204.8751682365837; 
10, -261.63952570743277; 
7, -332.11234681430506; 
7, -335.42507783853216; 
10, -289.9114819088136; 
9, -233.01605497693527; 
2, -388.2111725692521; 
1, -387.39096512348624; 
1, -391.0872108548647; 
3, -388.87016983982176; 
5, -379.78424139588606; 
10, -352.25713126015035; 
5, -360.3850090155029; 
6, -373.0938218179508; 
9, -318.7373913411284; 
10, -362.7675349912315; 
1, -391.5595833926345; 
2, -390.0892360461294; 
5, -381.64799212501384; 
1, -386.952515997109; 
10, -325.2536949334899; 
9, -353.7715983100934; 
2, -386.5180589836673; 
2, -384.9610152936657; 
3, -387.53874577058014; 
3, -387.74758024304174; 
1, -385.5129858801374; 
2, -385.6378144848859; 
10, -258.3818995974725; 
9, -205.68014854978537; 
1, -396.4578217639937; 
10, -242.80963219172554; 
8, -325.0252378945006; 
8, -322.3513397562201; 
1, -397.7471760903718; 
9, -213.93037367257057; 
10, -285.7756830927101; 
3, -384.7159280788037; 
10, -395.82121047959663; 
9, -360.68891986302333; 
9, -250.64414497773396; 
2, -388.79696479730774; 
4, -385.26533942332026; 
4, -383.1960020297556; 
1, -388.4822679304052; 
9, -285.1023711793823; 
7, -369.6944685628987; 
2, -389.2282494715182; 
1, -385.96443133143475; 
6, -381.2083526782808; 
12, -389.12483711191453; 
2, -384.76406776643125; 
7, -322.6047738097259; 
10, -280.4037074910593; 
2, -384.37865546828834; 
8, -269.44264147855574; 
9, -329.5417020228342; 
4, -369.62447880924447; 
5, -374.6674762579496; 
3, -381.57655450329185; 
7, -355.50961326248944; 
2, -382.3115901472629; 
2, -388.35973124962766; 
4, -377.57285451499047; 
3, -370.34924012434203; 
2, -394.6050450192415; 
2, -394.29825352394255; 
2, -389.956340986595; 
2, -386.40154262416763; 
4, -380.6979486924829; 
4, -384.97019882762106; 
12, -400.0; 
14, -400.0; 
13, -400.0; 
15, -400.0; 
14, -400.0; 
11, -398.9248125036247; 
3, -396.3456772658392; 
2, -388.10048877535155; 
9, -216.4066349643981; 
10, -255.41887612169376; 
4, -383.22379511629697; 
2, -381.8956738235429; 
3, -373.2079742315109; 
3, -381.7389325260883; 
2, -383.01429014798487; 
2, -379.79120217403397; 
9, -269.83548268373124; 
9, -268.5297300857492; 
4, -377.38474590471014; 
2, -391.49790876201587; 
3, -388.62799574865494; 
13, -400.0; 
13, -400.0; 
14, -400.0; 
13, -400.0; 
2, -395.92278440471273; 
2, -392.9381834131782; 
11, -399.9248125036247; 
12, -399.1699250014499; 
14, -400.0; 
12, -400.0; 
11, -398.9248125036247; 
11, -398.43458750797436; 
12, -395.33985000289977; 
2, -396.12972537992755; 
2, -387.0537392711267; 
3, -372.1598215911654; 
3, -376.9392604214372; 
11, -337.013450359751; 
10, -238.54131194308866; 
1, -387.8636883851723; 
1, -395.12361186085036; 
1, -387.73750926635694; 
2, -374.61057014146354; 
2, -381.33260237966897; 
11, -369.953653246921; 
10, -359.4339970710571; 
4, -381.52926542720525; 
1, -388.61920769914286; 
5, -377.354754681699; 
3, -381.21536318416474; 
2, -386.09087556635495; 
4, -370.1009611894842; 
3, -379.9196799196652; 
6, -373.5101327650482; 
4, -385.38928016641876; 
4, -378.6172010971932; 
13, -400.0; 
13, -400.0; 
3, -388.00306780973915; 
12, -400.0; 
3, -392.99142668541754; 
10, -396.98397739382926; 
10, -390.1370075902669; 
3, -398.2088673621183; 
10, -398.792359418876; 
12, -399.1699250014499; 
4, -388.660184791137; 
5, -385.4855075847008; 
2, -381.4482060400769; 
3, -371.9578134599142; 
5, -373.23266541439807; 
4, -377.2346450930345; 
1, -388.9356231667334; 
2, -383.88182698132005; 
4, -367.4390845464077; 
2, -380.1753055698937; 
4, -377.737824191805; 
1, -385.6206940910197; 
5, -370.3918693072628; 
5, -380.5426009654766; 
3, -379.9099324537092; 
5, -379.5040507692611; 
3, -371.4868714159238; 
2, -377.9376544545521; 
5, -380.2638718478265; 
4, -384.104363250779; 
3, -376.75274161895504; 
2, -379.4518061973504; 
4, -382.7460860356805; 
1, -390.3788384491927; 
1, -385.74658560875105; 
9, -242.62729471514467; 
9, -220.54413918231148; 
10, -268.86284554505255; 
11, -358.48650444089435; 
1, -386.3967116520507; 
2, -391.51295802544337; 
7, -376.84452038339805; 
9, -239.20914167148294; 
8, -376.43608158879215; 
10, -229.70385801239172; 
8, -290.24048608518206; 
10, -323.9028509298223; 
9, -273.75579085946083; 
11, -381.2734044000972; 
2, -383.79985522443894; 
4, -388.26605661946815; 
3, -379.4917116625584; 
1, -389.5703014857718; 
3, -378.2042287715012; 
2, -380.53979004273424; 
10, -333.1520377344568; 
9, -250.45112911734032; 
6, -373.9352025920525; 
1, -388.58599970984505; 
1, -388.3832729298738; 
10, -383.68169718480203; 
9, -321.56953968299786; 
2, -389.34378419222776; 
8, -246.56873659952544; 
9, -232.52339757821755; 
10, -200.37354051804869; 
10, -329.931434810278; 
3, -396.68685671145795; 
4, -388.1994885105523; 
1, -391.22251902433345; 
3, -384.58403081429424; 
3, -382.19131985714193; 
1, -387.46086891938467; 
1, -391.7114034637925; 
2, -391.1563886546646; 
1, -397.21389371698024; 
1, -393.68662204570137; 
4, -389.2803647805122; 
1, -393.31064014008734; 
5, -383.2168223379995; 
4, -388.91181799262995; 
1, -390.77982699515997; 
3, -390.5936644235044; 
5, -382.24992196873063; 
3, -382.48869575350545; 
2, -390.48756400565617; 
7, -319.53455743257655; 
9, -220.99308742885478; 
6, -353.20982391171856; 
10, -249.84945010428783; 
1, -387.4459591312916; 
4, -388.9190418954822; 
9, -238.50465200003237; 
10, -234.86158297222573; 
4, -380.2846834366792; 
5, -379.5671318065142; 
1, -395.13951884774724; 
1, -392.64924079325283; 
1, -386.27953858155524; 
1, -393.94117264135275; 
3, -378.11676563241053; 
5, -380.764632464794; 
1, -388.15005688293604; 
1, -388.6104231085628; 
2, -380.7651028711698; 
1, -385.3211680545355; 
4, -379.87055414996576; 
11, -398.33985000289977; 
2, -379.7223785587703; 
5, -358.5495779805351; 
11, -352.54982324235607; 
4, -376.90344484255183; 
3, -376.49169526802143; 
2, -380.82552375935484; 
5, -375.0070017964463; 
3, -387.92087069002446; 
4, -379.93641702941386; 
5, -370.7665431741625; 
3, -377.9842994916835; 
10, -327.40898023120826; 
10, -231.72846481890883; 
10, -351.9305566655821; 
1, -386.1959563282435; 
1, -396.8774304445251; 
11, -233.73272297583753; 
9, -272.1988180457265; 
10, -259.64696286350954; 
9, -181.1640356084099; 
9, -235.0242653490277; 
9, -265.5406842135708; 
10, -337.3521220734692; 
5, -385.0720183154335; 
2, -388.25294445769396; 
1, -386.41555921238614; 
1, -387.5339522631257; 
2, -382.417846432887; 
2, -383.74681936064735; 
6, -376.59406414290424; 
2, -386.81361028703395; 
1, -386.71404067700496; 
2, -386.5876533588744; 
1, -385.2460636339383; 
1, -393.4087160525378; 
2, -396.41140676056966; 
2, -394.9117786613642; 
3, -386.8662998841028; 
2, -381.6909252855694; 
7, -356.36281161848456; 
10, -303.2722577638924; 
9, -207.97190747450804; 
6, -378.1569771061768; 
10, -362.6045760225388; 
2, -381.2047461196198; 
3, -380.1931999642402; 
2, -385.9854438221082; 
5, -385.01008271670435; 
9, -220.1879399677855; 
12, -243.41899610409746; 
1, -384.6348366725724; 
3, -373.07631097570993; 
1, -389.33500152191846; 
8, -327.6276701177121; 
10, -342.5152988921618; 
5, -369.37077804643195; 
4, -380.8101765922038; 
5, -374.4968105769367; 
6, -377.500848001393; 
2, -384.0206334000686; 
10, -347.97716643003514; 
9, -324.5791802703752; 
7, -336.43275953497505; 
9, -271.15240819827886; 
9, -325.342219595972; 
5, -381.8139680236345; 
4, -378.6259523569024; 
1, -388.3420890904381; 
2, -381.48366566729965; 
11, -350.194576573791; 
10, -332.73333060444565; 
9, -307.97044868103694; 
9, -197.736552395334; 
11, -274.24304724897956; 
3, -378.2205041240086; 
2, -382.96320942562306; 
4, -382.4006011991878; 
11, -379.73576359881554; 
10, -225.06254273239756; 
11, -339.5877815250424; 
9, -246.2184300017543; 
10, -292.62085187010234; 
9, -243.13888266065624; 
11, -328.8208870374947; 
2, -387.28368221316487; 
5, -379.1554572485038; 
1, -392.8962834395352; 
7, -363.6694954308332; 
9, -276.02697628637543; 
11, -362.8128883270547; 
2, -386.40840907010715; 
4, -376.058154922619; 
9, -191.172397074115; 
9, -205.49624608724844; 
10, -244.43794329813682; 
10, -303.4342922816868; 
8, -297.52490829036105; 
9, -335.4987740958459; 
4, -388.838516528951; 
10, -363.5840675123618; 
4, -363.75473482196685; 
9, -228.92296206235187; 
10, -227.8869932112284; 
9, -185.29780195455533; 
9, -209.93886227358598; 
10, -238.44890552031575; 
5, -370.7490821288666; 
8, -269.38981631572824; 
9, -363.91215242573526; 
1, -389.23306071647676; 
1, -390.9699065987952; 
3, -391.7284988852334; 
3, -382.5460717222886; 
2, -391.77534829988144; 
9, -151.84837689407868; 
9, -286.6662735277787; 
9, -275.5505933856475; 
9, -279.4437121982919; 
9, -325.4352063293336; 
5, -369.59115482342895; 
6, -372.13272468326613; 
11, -386.5536765572033; 
8, -249.34198514808668; 
10, -277.4930141289369; 
4, -382.6167445368483; 
4, -387.53698488516966; 
3, -388.4650745924446; 
1, -391.6388650332228; 
1, -397.00630408903817; 
2, -387.685731798294; 
11, -335.8625161591335; 
9, -287.37510631710757; 
9, -287.51113675080705; 
10, -340.92236439703265; 
10, -335.282328328758; 
4, -382.87274125003023; 
2, -382.9187083300785; 
4, -373.13314971362706; 
10, -159.41588367160875; 
9, -263.90549298597034; 
10, -213.6170829636394; 
4, -383.2358854643535; 
2, -384.2391028534039; 
10, -228.12633660336724; 
10, -270.7729245358496; 
10, -241.50301249144832; 
9, -217.80832236411516; 
10, -273.1810352401226; 
2, -389.1833155571949; 
2, -378.68679298163624; 
5, -382.1092970002792; 
2, -383.44974388025; 
2, -377.6223920172197; 
5, -370.37276544311317; 
4, -392.27378490509; 
2, -386.11471911828266; 
2, -375.0696824808838; 
1, -386.9278932645102; 
1, -384.38018311647465; 
1, -390.7557160726865; 
3, -378.9956575150136; 
1, -394.75535547733307; 
3, -380.0622557035531; 
1, -390.90716502204305; 
2, -383.52481088694185; 
1, -386.6181773520657; 
1, -385.07560931437183; 
5, -385.44596222182736; 
4, -371.9414682642091; 
4, -374.74210189812584; 
3, -388.00422842853004; 
5, -379.8929837329197; 
10, -387.17824640107574; 
10, -228.2231028843089; 
11, -326.5416395816719; 
3, -388.6328093964257; 
1, -388.1303726886981; 
10, -289.0335766298231; 
10, -232.82331813656492; 
10, -252.8432188705192; 
10, -287.6630729691824; 
7, -351.4375891756499; 
10, -227.8595763797057; 
9, -333.5938601959497; 
1, -394.23447673913324; 
5, -395.8205723037245; 
13, -400.0; 
3, -398.3851022918243; 
12, -396.1699250014499; 
14, -393.6780719051021; 
13, -399.58496250072494; 
6, -374.3738440273446; 
7, -380.3133184747421; 
11, -390.12895322038094; 
2, -382.4685403921758; 
8, -229.12725786922965; 
12, -287.12787220446626; 
4, -379.35742484685034; 
5, -378.0884020923404; 
3, -378.05008214863483; 
2, -389.69312916341005; 
10, -200.54527783044614; 
10, -216.4578443004866; 
1, -387.28264061984373; 
5, -383.99246368650347; 
11, -367.9223859512713; 
9, -277.19507777900435; 
9, -212.964804668969; 
9, -286.1350560155115; 
2, -391.73044984875014; 
9, -212.63474089372903; 
10, -292.28175876976456; 
6, -365.10343149729306; 
4, -376.3373905431363; 
10, -192.34552057588007; 
7, -340.5632053206791; 
1, -382.32829609990586; 
6, -367.2552542887861; 
9, -170.85943727876293; 
10, -364.44892229157267; 
9, -265.3095477432944; 
9, -238.51529814081732; 
4, -385.3718960605329; 
10, -251.26017838908592; 
9, -263.6385143069783; 
8, -303.8032353949966; 
9, -197.60169176809723; 
9, -314.89453173754737; 
10, -289.6952118285117; 
9, -203.01238188619027; 
4, -369.14809198729927; 
4, -380.5531365319039; 
3, -383.58997955493396; 
2, -383.3907810358214; 
9, -193.71557040768676; 
10, -192.20523785607656; 
9, -298.024658374663; 
10, -214.7300459870021; 
9, -203.99348315090174; 
9, -240.36156464542728; 
10, -167.08472672762582; 
9, -209.23734833544586; 
10, -236.07353287702426; 
10, -182.86406611913117; 
8, -312.41865384276025; 
3, -383.337259002903; 
3, -382.41356340650236; 
1, -391.2731557293446; 
1, -396.5491968257702; 
3, -396.5591757790535; 
11, -399.50977500434965; 
14, -400.0; 
1, -392.7548879594542; 
3, -398.2084576267516; 
2, -390.5494454986183; 
1, -388.91962275851984; 
2, -387.5207567923353; 
1, -396.5365769811324; 
1, -384.5163936270983; 
3, -392.0520961038419; 
1, -387.4754219960305; 
3, -383.6612199197989; 
10, -331.4364881289657; 
9, -223.13950427324744; 
11, -362.32622630905826; 
2, -383.12299107637955; 
3, -388.0068052436691; 
1, -392.7262910900754; 
9, -355.477811224584; 
8, -338.3657509239856; 
3, -377.98058115819003; 
3, -379.03212222619914; 
9, -312.4465716385166; 
10, -359.3356906917761; 
2, -391.81727905437583; 
11, -186.20187415304827; 
9, -177.64930203574477; 
10, -278.7800096368883; 
10, -309.0805580794695; 
10, -197.3906071240781; 
5, -380.05126259912504; 
6, -371.4404338548193; 
9, -249.69235538103385; 
1, -383.5742387109203; 
4, -379.8862040526001; 
1, -383.74605180404615; 
2, -378.85079859022517; 
2, -385.97961757716257; 
1, -390.7932073881384; 
11, -367.4873540304834; 
9, -199.5682298410684; 
10, -234.91572390455985; 
9, -223.21892497537192; 
10, -182.1242902331287; 
1, -380.39281756430864; 
1, -387.48313131922623; 
4, -380.2730787930195; 
9, -312.62976757605793; 
6, -356.4925220285659; 
2, -383.2855208552792; 
1, -383.33054050349165; 
2, -382.5828689277987; 
1, -395.2266924811411; 
5, -375.3678743557539; 
1, -382.699833706778; 
1, -389.34870286582736; 
8, -355.2375083893421; 
10, -256.2997012047563; 
1, -392.78244705230463; 
6, -326.60950716678053; 
9, -264.5213319126051; 
4, -367.02287980157416; 
6, -374.7166718126391; 
5, -381.6369859838742; 
1, -388.81937826267676; 
2, -386.8126179697574; 
8, -296.0194238241529; 
10, -276.7003665578668; 
8, -261.0591264661052; 
9, -207.48219390690792; 
10, -217.28313319629524; 
8, -262.64782409073086; 
11, -345.7111831338261; 
3, -388.55463075463194; 
2, -389.68262337864144; 
3, -372.8331446531229; 
5, -366.04568868735805; 
2, -389.5927882436081; 
6, -377.16950227640336; 
3, -380.2586404355243; 
3, -382.6546207422507; 
1, -389.17091894120676; 
4, -385.26980068616103; 
1, -385.65061141969636; 
3, -373.7117832098156; 
10, -286.1317076795385; 
10, -280.4563420813065; 
8, -340.37921185442246; 
7, -313.4976197228534; 
8, -245.17765014286852; 
10, -176.66017623466905; 
11, -339.1303362308536; 
9, -334.0090688530472; 
4, -383.5314373836154; 
1, -392.6182334269979; 
5, -379.7543907655636; 
3, -380.9992402474745; 
1, -384.9371065594605; 
2, -378.54232201259583; 
10, -347.164739104046; 
9, -264.5077046115766; 
8, -209.99008142552339; 
12, -359.9486422673217; 
1, -387.0125650424743; 
11, -377.7935679703369; 
4, -383.2442631619633; 
2, -383.97593720216537; 
2, -382.1825102866278; 
10, -311.71729053661693; 
9, -246.90384944260586; 
9, -264.6019814063329; 
10, -179.02853363991017; 
7, -354.42854676861316; 
4, -376.16287566989195; 
2, -382.54691329284105; 
5, -372.4098383504315; 
3, -385.0503127046977; 
2, -391.36794258782174; 
2, -377.617671651009; 
2, -373.60695969191147; 
4, -384.68566116748843; 
4, -376.83874915743945; 
3, -374.32982897676993; 
4, -379.1275242959382; 
1, -387.62799463560805; 
2, -384.9943039424252; 
3, -378.9776962248725; 
2, -378.33191953605274; 
4, -380.2918185752351; 
2, -381.73196154338075; 
1, -387.5038034423487; 
3, -381.1373345038155; 
2, -375.9665816024062; 
9, -330.6655892045237; 
9, -296.7334374677739; 
3, -382.3361138930777; 
3, -384.0245485358173; 
10, -223.93127849668963; 
11, -301.7707175486139; 
1, -385.14698992396006; 
9, -156.6607872917084; 
9, -179.99937099020462; 
10, -207.25855188746937; 
4, -358.89224127627676; 
4, -390.53522236150457; 
1, -387.2228636366781; 
1, -384.94603570725303; 
2, -378.8319327610661; 
2, -387.18514688900905; 
4, -374.555752401473; 
2, -379.74789619323565; 
12, -385.9248125036247; 
7, -382.8086167058209; 
8, -311.6440173937008; 
9, -292.90886732854415; 
11, -377.72056053066626; 
9, -207.52472953207325; 
9, -323.68578640848864; 
10, -224.33264668221818; 
12, -355.42325811402407; 
6, -386.21830279240385; 
3, -386.9290342752938; 
9, -290.6535315961228; 
13, -329.58496250072494; 
11, -359.3401485115173; 
3, -386.69532472477295; 
9, -367.7837429178762; 
10, -141.194386660296; 
9, -301.84443041333; 
10, -344.19953445653664; 
9, -243.27983323996887; 
10, -170.7756034397753; 
8, -313.3934444205952; 
3, -385.8695757134701; 
10, -396.2499967999174; 
2, -384.38043502054643; 
4, -386.96598969143815; 
4, -381.04269277094863; 
9, -263.4153432951425; 
10, -227.24492809333606; 
10, -170.48751443909714; 
11, -309.81691447173944; 
1, -393.48241192114074; 
1, -391.96668544691056; 
9, -199.3709578983835; 
10, -311.3026828872389; 
4, -387.1424282931839; 
1, -387.1082284753211; 
10, -275.0078950076713; 
8, -314.43779979017563; 
4, -381.1641311151907; 
2, -384.6792719522491; 
3, -380.0460698856041; 
3, -383.4948580826167; 
5, -377.5348816664191; 
2, -379.0142001019558; 
1, -387.75903882831335; 
3, -385.75556709989905; 
2, -382.165085484623; 
10, -322.10639459022786; 
10, -211.37985536514316; 
9, -309.73424370907014; 
6, -323.72048592055216; 
10, -161.098666012811; 
11, -349.5407105287304; 
2, -385.6776403465774; 
10, -351.8271340975771; 
11, -349.5944269254687; 
1, -391.251306767459; 
2, -379.14991685946006; 
3, -385.4826915267622; 
5, -377.6080874733161; 
2, -377.34876244864427; 
2, -384.6434354693629; 
5, -382.8541986531345; 
3, -382.87481464550365; 
2, -381.31937316199765; 
3, -375.7681560013443; 
2, -391.8994464168791; 
2, -391.575611487031; 
1, -382.4906837706221; 
2, -380.3227431445848; 
2, -381.4739747357089; 
2, -382.61723615182564; 
2, -378.35075716592837; 
3, -376.35516132460907; 
4, -378.03438448067755; 
2, -393.97135202784557; 
3, -384.69438934186473; 
3, -385.34047139808536; 
10, -229.63581392425112; 
11, -334.0384517379571; 
4, -370.91201785800513; 
1, -381.7421617266955; 
2, -379.09691115946043; 
3, -377.97276510158554; 
2, -386.5638493865263; 
3, -385.87560913688503; 
2, -381.40933650534134; 
5, -376.26011623686645; 
6, -365.2926557082683; 
8, -288.3459103497444; 
15, -369.00885618221946; 
11, -292.91906486282824; 
11, -221.25040160154458; 
12, -394.1942731786403; 
2, -389.08110168750864; 
1, -386.6475970551837; 
1, -382.9217969906749; 
3, -388.19978778238874; 
1, -386.21353281626943; 
10, -201.18318479694426; 
10, -249.64030246413313; 
1, -381.5303177490132; 
2, -388.7051494511543; 
5, -376.88814747845754; 
1, -386.66185681242496; 
10, -329.1065951937926; 
1, -393.78538261470385; 
1, -384.95944578631315; 
1, -386.78849632968195; 
2, -381.415962726227; 
3, -384.6927456596168; 
7, -329.0376630880637; 
10, -239.8968872479163; 
5, -370.00910128152464; 
2, -389.85752283921465; 
4, -388.33807396830525; 
9, -316.54218206193764; 
9, -238.99656277964823; 
7, -352.624218453886; 
10, -299.0070893513039; 
9, -337.23536371206865; 
4, -387.18924023001455; 
10, -133.5786619830178; 
7, -347.7960079491604; 
8, -277.79448958474677; 
6, -371.9203987902729; 
1, -396.3006712758215; 
3, -384.6910272571258; 
4, -387.7269266564399; 
3, -388.6732486037072; 
13, -400.0; 
1, -392.7286648877198; 
9, -363.135637601139; 
7, -352.87164845794905; 
10, -242.5358422442805; 
9, -272.73965963174123; 
3, -386.78265422722325; 
3, -385.0295634721406; 
4, -381.986492021475; 
1, -383.51743594475556; 
10, -243.54904061055277; 
11, -209.30099728365894; 
11, -345.6359085913282; 
3, -372.9196560154669; 
1, -385.87672101100907; 
2, -385.2669145712862; 
4, -381.29251303337514; 
2, -379.0418610149063; 
10, -372.5809361450374; 
7, -347.304378268891; 
6, -377.9815204771003; 
1, -382.6568642265629; 
3, -380.502852630103; 
1, -382.7503943834454; 
2, -388.42339091131; 
4, -381.28857249266; 
2, -384.99977308150847; 
2, -385.11467441916466; 
1, -383.4131484858226; 
4, -374.66040219785646; 
9, -258.96279688272625; 
11, -275.1435875048628; 
8, -228.0681202611886; 
9, -212.3416998666944; 
7, -260.2213299048599; 
10, -331.95651589205954; 
4, -378.38624460983556; 
1, -385.07814586372115; 
1, -378.6109407454496; 
1, -387.02861527504865; 
1, -389.67976954206824; 
4, -388.3832022594288; 
6, -380.9603783014463; 
9, -322.46061424026266; 
7, -343.50132000411395; 
9, -225.69526812445838; 
11, -348.97294580563903; 
4, -380.2250968987355; 
1, -387.7681533988798; 
3, -398.93598515796475; 
4, -372.13712132454384; 
4, -389.12180099461693; 
2, -384.1495592284482; 
3, -378.6591288954951; 
3, -378.73916040256154; 
4, -388.442376185325; 
4, -384.34727622405626; 
2, -388.53382120491005; 
8, -335.7472134173149; 
2, -384.5981732804794; 
2, -388.6116761054145; 
3, -383.5539582212223; 
4, -376.74614255630877; 
5, -375.9034447585; 
3, -385.16544867365155; 
2, -384.0593098041136; 
5, -367.96578590979334; 
8, -369.7065144175431; 
2, -382.725353427697; 
10, -374.5967373326421; 
10, -201.57007740263361; 
5, -375.92346978536807; 
4, -380.19334152003285; 
2, -375.526401107898; 
3, -383.5950095760636; 
1, -379.0204192044912; 
4, -370.6171490577981; 
3, -376.56485979887657; 
4, -371.6906709446339; 
2, -383.5206892954884; 
10, -332.7794324574061; 
4, -377.6141903017415; 
3, -380.87809259048663; 
2, -385.20978157559875; 
3, -389.241401934647; 
2, -384.03722629603; 
2, -371.92460942815524; 
4, -380.9832883735653; 
2, -377.9364027045667; 
2, -375.3790828259662; 
3, -373.76962905353867; 
3, -374.9004558940651; 
5, -371.44587170984596; 
5, -379.35762862325646; 
5, -374.57927279605065; 
3, -375.91912938898895; 
3, -391.1921191409929; 
4, -376.89785824285354; 
2, -373.43404698744416; 
3, -381.53063416143414; 
1, -381.06247071083635; 
3, -371.3900184551021; 
4, -379.5727574316552; 
3, -378.05366554588545; 
2, -397.30282649269793; 
4, -384.0475071507972; 
6, -372.7608785874909; 
2, -376.3964548606891; 
4, -373.5755873399321; 
2, -373.51791856158525; 
3, -380.8218366400106; 
4, -370.15004813380074; 
3, -389.68197198281996; 
3, -386.78188358736224; 
1, -389.3835301701911; 
2, -391.6598452462349; 
3, -373.3895212489879; 
2, -378.84834010351915; 
4, -368.0079193303827; 
3, -370.50238172046375; 
4, -372.007572703762; 
5, -377.85244434687775; 
2, -377.2349623721093; 
2, -376.9682814977132; 
1, -381.00874164304696; 
3, -376.6771560853813; 
5, -381.34921249584295; 
2, -379.56361426692456; 
4, -373.68532622931525; 
5, -374.6108273273567; 
2, -380.2125233844854; 
3, -377.8399086151039; 
2, -376.7896475868765; 
4, -372.42800333094783; 
1, -383.331020976766; 
3, -374.28807166661136; 
4, -379.95664915116504; 
3, -374.71970666677225; 
3, -389.07190311839804; 
4, -378.21080725372303; 
3, -395.50879085832275; 
7, -331.83887217228767; 
9, -221.2649707843084; 
9, -246.16489042912144; 
6, -353.9653083868325; 
3, -382.57930071430746; 
10, -294.14865929516964; 
9, -263.65293652715627; 
2, -391.97400271554943; 
8, -301.64297073474154; 
9, -257.31229894200806; 
10, -283.3819834763417; 
11, -248.72538843296934; 
9, -219.93259290698916; 
10, -217.61466625041794; 
9, -322.9942845677724; 
10, -247.4865274761105; 
11, -274.6098964085104; 
6, -373.8736770710675; 
9, -272.01845800247975; 
3, -383.19231318461243; 
11, -340.23421957029495; 
10, -316.0909119080752; 
9, -308.78199111809954; 
10, -350.09829110326245; 
3, -381.9865789610194; 
3, -377.85626120469533; 
6, -369.74689705774654; 
5, -369.8996712976368; 
9, -304.8725523407338; 
9, -206.34596830280498; 
8, -280.5752616125392; 
2, -384.3394534578547; 
2, -386.1150006032549; 
8, -193.30937821883708; 
10, -307.3296503436286; 
1, -385.2986303102225; 
4, -373.79400241421536; 
5, -369.9149564267136; 
2, -380.94412972358987; 
10, -247.47227683663368; 
9, -211.18028119497467; 
9, -201.29272949590813; 
3, -381.1586977044353; 
3, -382.63201654248405; 
1, -393.4869138391223; 
2, -383.0242846918991; 
2, -389.9079327370273; 
3, -381.39640135946684; 
1, -397.4452587473206; 
4, -374.57978900452144; 
3, -378.41315829893574; 
5, -363.9860415821895; 
2, -377.0347293880768; 
5, -362.53171661507804; 
4, -371.03097997547593; 
3, -384.69483054766897; 
4, -383.2394072077004; 
1, -387.84375065541826; 
3, -373.03585880668834; 
4, -379.2825740254484; 
4, -378.448569537024; 
4, -375.4721394882072; 
5, -387.62465333309956; 
9, -306.884203352849; 
5, -378.3047042712569; 
2, -374.4883891076315; 
5, -356.9507872929098; 
10, -296.23188204329927; 
6, -362.5527652456658; 
3, -373.8130119196139; 
2, -371.46700158680324; 
3, -376.1822533282684; 
2, -394.19005859142635; 
2, -384.03214198409114; 
4, -374.44373375631403; 
4, -368.15385525580496; 
3, -381.8430124607403; 
4, -369.43633010750636; 
4, -375.3100790292956; 
2, -384.39832671778277; 
5, -368.2505656071007; 
2, -379.68018308258615; 
2, -381.5570178084308; 
2, -378.20280182978604; 
4, -377.65010499209166; 
2, -383.7543138508918; 
1, -378.9909454850713; 
2, -377.0662034978159; 
3, -377.86536589229945; 
3, -379.48331734200474; 
2, -380.59935231192503; 
1, -388.9678079438163; 
2, -389.7648407559609; 
10, -338.8281841756543; 
9, -288.1113251710776; 
1, -395.2411860204302; 
11, -303.6544550327817; 
9, -208.45418056286871; 
11, -316.39471457211766; 
11, -358.21056698600296; 
1, -380.91421425016597; 
3, -393.07339298631996; 
2, -382.1826739991084; 
1, -398.26200132397935; 
3, -384.84632186603267; 
1, -384.6113045641687; 
4, -389.8780312935123; 
9, -331.59061767335515; 
8, -284.0944358728593; 
6, -380.1344418079825; 
10, -310.6715991150122; 
9, -261.3950860174373; 
11, -197.56787200539839; 
10, -295.9727057061391; 
7, -281.2554248770466; 
4, -381.01147720380686; 
4, -380.2937726865057; 
3, -382.1171387062641; 
2, -383.4102446526522; 
10, -344.4874620848568; 
10, -322.07445693633053; 
5, -363.7246439856244; 
9, -311.88387223659083; 
9, -266.16384157026187; 
5, -346.9197764984565; 
12, -367.1699250014499; 
3, -367.456575435237; 
4, -365.7632461533649; 
2, -377.7756898764055; 
2, -375.7373471768806; 
1, -382.6828905472066; 
4, -385.729226432275; 
4, -380.2734395141015; 
9, -224.82137874828186; 
11, -298.56173722597305; 
3, -390.9993122284068; 
1, -393.3575220435159; 
3, -364.7865712324856; 
5, -369.00464583630674; 
8, -317.04550267616287; 
10, -295.7046970941592; 
1, -384.7945085958345; 
2, -385.9488220241619; 
1, -386.64854814193677; 
2, -383.97003482247237; 
1, -390.54293484520167; 
10, -351.60970246826764; 
9, -203.66552586469334; 
6, -352.24249673914164; 
3, -381.85772482922766; 
11, -366.6169192752568; 
1, -397.3388908430934; 
1, -386.078104012995; 
3, -378.5697775988374; 
9, -286.0518346015597; 
6, -343.64697378128767; 
8, -272.30039023724385; 
10, -325.89653094962705; 
1, -386.0192488025641; 
1, -386.7624745753128; 
4, -387.4586112322286; 
2, -389.2002072999021; 
1, -391.3150640671374; 
9, -258.0193566363305; 
8, -318.69774671294726; 
10, -301.01666836603545; 
3, -383.55989272287115; 
1, -392.5674372664653; 
2, -382.38745851430576; 
2, -385.10056326619815; 
1, -385.9563315011328; 
5, -384.35818854835816; 
5, -383.42412128532305; 
11, -278.584095668979; 
10, -155.3082471175585; 
8, -381.62581812462304; 
2, -380.21424886316527; 
2, -375.1196342580952; 
2, -377.25323687156197; 
4, -376.92324954876676; 
4, -378.44158160104416; 
3, -371.6595407546265; 
2, -385.37185911182314; 
3, -374.50171573169064; 
2, -367.49687664036173; 
2, -376.5538613103563; 
3, -386.0455423339736; 
5, -373.10930427419953; 
3, -368.7868516308954; 
6, -370.7384863573825; 
2, -378.65250774426386; 
6, -362.077375892899; 
10, -186.50676093087532; 
11, -329.95499222457875; 
3, -371.1788736520102; 
4, -364.20630817697383; 
2, -384.37056244607083; 
4, -370.37753086700104; 
3, -379.30221393704414; 
4, -374.6769073357573; 
2, -370.1130757667124; 
2, -377.41929527465254; 
2, -374.86971807165537; 
1, -389.73037926864345; 
2, -389.0572385689011; 
2, -372.21163698262535; 
3, -381.4091902805958; 
5, -365.2779255581554; 
4, -376.29716957744677; 
3, -380.2291584840277; 
3, -387.35225663206074; 
3, -375.7551403369289; 
10, -352.96767106617335; 
1, -394.3300706492737; 
2, -382.34275303955656; 
2, -390.4237862699665; 
3, -381.7703417298617; 
3, -388.34400492324494; 
3, -382.0371913751587; 
10, -344.2689709798433; 
11, -354.5725160535658; 
2, -375.5422635014402; 
1, -395.4252805742435; 
4, -386.61685479746666; 
4, -394.5289813731797; 
9, -310.504634769517; 
9, -239.75138657854404; 
9, -190.11631837522145; 
6, -360.61615054425783; 
1, -388.4304648457328; 
2, -391.9829941666685; 
1, -389.77550842321943; 
3, -371.1136356710922; 
4, -377.91793922998477; 
1, -386.4878686874872; 
2, -390.5617830622941; 
1, -386.13770331419073; 
1, -392.15874978969805; 
1, -384.5223775819177; 
10, -316.7746826169314; 
10, -132.96907528396696; 
1, -383.60312581062317; 
12, -386.9248125036247; 
13, -392.1699250014499; 
12, -312.2694606749574; 
2, -384.4456376611488; 
10, -224.93308165995404; 
1, -389.1079909574473; 
1, -392.2978257901268; 
2, -387.00162199989427; 
2, -381.4681108016521; 
5, -376.5786657597637; 
1, -394.04592534783296; 
2, -381.7743152101757; 
2, -374.65884510660544; 
1, -383.20902765879873; 
4, -383.5493417342659; 
8, -298.8750562366331; 
6, -359.46388019190636; 
3, -386.5888390253531; 
10, -337.6361644132994; 
12, -348.85592783486936; 
1, -381.6354834972881; 
1, -382.93959370220546; 
1, -384.31852026225533; 
1, -381.5134220592445; 
9, -251.8779749055393; 
9, -307.6504082886968; 
5, -371.1829031269299; 
5, -382.2568500818452; 
5, -371.3803670143243; 
9, -174.13743132853415; 
12, -300.7149153657956; 
3, -381.56780454562977; 
2, -376.70876949711237; 
4, -383.0530368874315; 
6, -376.7618209561333; 
3, -381.22281557356473; 
4, -391.34887706744485; 
1, -387.0141917952569; 
6, -366.2056648421567; 
10, -297.5705483703641; 
4, -382.1827873106813; 
9, -212.5376708585536; 
10, -274.843552582548; 
4, -379.7271108237328; 
3, -377.0953214005567; 
3, -377.26697091315873; 
1, -388.0975097154733; 
4, -381.75968140678015; 
4, -382.6844687592238; 
1, -383.3285770791117; 
2, -380.57058720919304; 
1, -384.65718380978797; 
3, -390.22040206438396; 
5, -383.92202470626216; 
3, -386.07695586804766; 
4, -368.21788246778306; 
1, -383.8848443122115; 
2, -383.8262258078903; 
1, -388.9512320733629; 
5, -386.52858724456746; 
8, -361.8206095076166; 
9, -178.05510595545638; 
12, -317.29665295861196; 
1, -389.4363019032171; 
5, -384.84691478533205; 
2, -397.2736875602277; 
1, -392.4847171094734; 
4, -386.7693502070615; 
4, -375.0718306977069; 
2, -379.06777103082277; 
3, -377.00496292463504; 
12, -350.02490075526293; 
3, -375.46953350806143; 
11, -363.11355824023485; 
3, -372.0328786075115; 
3, -378.72819276794326; 
3, -390.01047634880524; 
5, -385.9364505035337; 
2, -384.0512583615491; 
5, -378.8049333419185; 
2, -389.8248449023813; 
3, -387.0470270222286; 
4, -382.33808225544635; 
3, -385.98203338100575; 
3, -391.17954612593167; 
4, -380.91372648160905; 
6, -365.7713219609577; 
6, -385.56108115252573; 
3, -382.38084903243; 
5, -368.5751845885534; 
6, -324.72764796821866; 
10, -177.25169321359135; 
6, -386.66475366347004; 
3, -383.24647923046723; 
6, -366.8878540189471; 
9, -225.87418053182773; 
6, -362.599311802187; 
5, -374.5667440822581; 
4, -383.6150223730365; 
1, -386.3109023551224; 
1, -376.22227737063076; 
3, -380.83616109762806; 
5, -373.36422817537095; 
4, -371.7495350857498; 
2, -378.44242754625157; 
3, -383.48239519575145; 
4, -384.01238986232784; 
3, -391.383662225795; 
11, -349.4188353464706; 
10, -184.23055200790986; 
3, -382.32846414647065; 
11, -263.3232268433785; 
9, -285.5841705305502; 
4, -385.6596839928534; 
5, -377.52130819740705; 
6, -383.69780060928315; 
5, -385.67937218933366; 
11, -399.10839209961705; 
5, -367.3306125991512; 
5, -391.53790843335446; 
14, -400.0; 
13, -400.0; 
4, -394.6095680007711; 
2, -384.12589455139823; 
4, -381.4721560952021; 
4, -373.0673968543997; 
3, -372.80056792497635; 
7, -365.05667003511917; 
4, -370.2270622443175; 
3, -371.5111860828474; 
4, -380.2878882851219; 
4, -379.2999889665516; 
4, -367.65272119117435; 
5, -392.9167922476772; 
10, -399.5475767174503; 
4, -387.3471598745091; 
3, -386.9399504075991; 
14, -400.0; 
11, -386.05376572406385; 
2, -394.98297245579306; 
10, -346.61777267523576; 
10, -314.5961366175907; 
4, -387.9895983057795; 
4, -387.75048900418915; 
4, -390.54095898824744; 
4, -385.1096280911006; 
4, -383.9330059705535; 
6, -390.38557348039467; 
3, -385.3960324919317; 
3, -386.370930330595; 
3, -392.20599387050606; 
6, -363.71765622636303; 
6, -374.84824505634606; 
2, -392.29002191254403; 
