7, -573.3398500028845; 
1, -596.5841152771309; 
1, -582.7297184042118; 
6, -571.453807720028; 
2, -571.6262202536941; 
6, -498.28538225915736; 
1, -577.5944502415728; 
1, -591.6390447681761; 
2, -580.7261787729867; 
1, -576.2633164860035; 
8, -541.8204151608097; 
7, -465.34947046086927; 
8, -541.1258206128823; 
3, -580.2269866194692; 
1, -583.1433892094929; 
2, -576.5733065717086; 
1, -582.2670973580098; 
2, -576.3364187385796; 
2, -559.5813802144839; 
2, -583.185728658962; 
2, -577.7028126758669; 
1, -586.6379946273064; 
3, -579.1113169552118; 
3, -584.0028768534976; 
7, -518.3079037575571; 
1, -585.8307254040137; 
2, -566.2362656230998; 
2, -570.5323847657382; 
2, -561.6936458847777; 
1, -567.6972333416998; 
8, -523.0455167220316; 
7, -495.82914127302865; 
7, -505.0426866203197; 
7, -453.1239649778581; 
8, -522.7978522326193; 
6, -453.4303122044548; 
4, -561.4646298084372; 
2, -564.0150893553327; 
1, -579.241918763415; 
1, -574.1705099865321; 
1, -576.0503994804567; 
2, -575.1673552261673; 
1, -577.7142385057632; 
2, -567.0990060153235; 
1, -595.2550215320007; 
9, -532.3601018675763; 
8, -506.0079715052598; 
3, -574.9428181800831; 
1, -578.0225026239095; 
1, -590.3010707348258; 
9, -465.5633203554935; 
1, -570.430031734184; 
1, -573.4750528490476; 
2, -569.5240549694754; 
8, -567.9201738163174; 
8, -497.49934319850945; 
8, -455.0526010251742; 
8, -426.8492936927869; 
7, -448.06463737368904; 
3, -553.6060536527948; 
7, -531.8869728810896; 
8, -481.04368944629823; 
8, -483.7941068102591; 
8, -450.79920780270913; 
8, -471.13563139447797; 
8, -426.39847657526843; 
4, -587.8372013908156; 
7, -468.0427239765195; 
8, -443.726878807749; 
8, -426.95193564477086; 
9, -530.4400047504314; 
6, -531.8839053141128; 
7, -483.8824671462644; 
10, -557.9620001828662; 
11, -542.3445192074068; 
8, -427.3354429361498; 
1, -586.4403208509902; 
9, -584.9173309365797; 
8, -396.8993785451894; 
8, -345.9680542636852; 
3, -573.4099613432991; 
2, -576.6740552246774; 
8, -538.3997233595874; 
5, -547.159287388873; 
9, -518.9315822231656; 
8, -447.1309963152016; 
1, -579.5813867393517; 
1, -579.2477707896032; 
2, -555.5473930082808; 
2, -571.866852663632; 
7, -306.9906339587542; 
7, -508.6016697366358; 
8, -485.6166933684144; 
8, -459.1666032628127; 
5, -509.01065724004; 
8, -455.57991819007293; 
5, -555.1166821282022; 
2, -583.5243052623264; 
2, -589.2740008279725; 
1, -574.1155615013631; 
4, -557.8088550969478; 
1, -576.603351256199; 
1, -567.7981904242988; 
1, -590.029578335867; 
2, -577.8328299542918; 
3, -570.5401717771165; 
2, -558.6125687454332; 
1, -579.4041889934379; 
2, -575.2146915827907; 
4, -578.2322463085147; 
4, -566.7661009095973; 
8, -561.9080203154081; 
4, -544.0817753793235; 
2, -582.0648468207946; 
3, -567.5192182532337; 
2, -551.0415384929656; 
3, -582.1779791440204; 
2, -561.544110266681; 
3, -580.9741809041298; 
2, -572.8190297187975; 
2, -560.2787394142943; 
6, -522.4282213035913; 
4, -559.9846566091437; 
1, -587.0231621919957; 
3, -566.1453044169175; 
4, -547.1142850285105; 
1, -564.6759202888497; 
