5, -363.01955000865377; 
8, -400.0; 
1, -395.7146043771686; 
2, -392.0520896157832; 
3, -384.11111355433945; 
6, -359.4970446233094; 
6, -377.74333326794385; 
1, -387.13796172093043; 
7, -362.5460413893179; 
7, -331.3400727838389; 
6, -350.7902230928621; 
1, -376.42031603626947; 
1, -386.4143960431147; 
2, -373.89875721560384; 
1, -384.6934562997358; 
7, -271.34706407141766; 
8, -364.39626912723907; 
2, -399.23533436542493; 
1, -391.87451073446573; 
2, -381.0332118541355; 
1, -384.19544824918194; 
2, -394.04875359072594; 
3, -385.9715452227374; 
1, -386.09559361932406; 
3, -384.4022901449007; 
8, -355.5097750043278; 
7, -377.3559198784169; 
7, -323.802237132164; 
8, -357.4370004533812; 
2, -378.858253315153; 
7, -287.16148262161187; 
8, -327.4026335330673; 
1, -391.8603760424721; 
10, -393.0; 
8, -385.14687512838645; 
10, -394.5849625007213; 
3, -397.07871250358767; 
11, -400.0; 
9, -373.5115769397162; 
8, -370.5793220184223; 
1, -387.0883891018075; 
6, -315.1471133422856; 
8, -319.8805332691245; 
8, -343.135932067069; 
6, -296.0264744796659; 
1, -384.91674055215844; 
2, -385.1959312646359; 
4, -383.71038452336506; 
1, -383.00781447338886; 
1, -388.67760184828876; 
1, -382.39213208254296; 
3, -381.98720164315455; 
3, -380.2413756205824; 
4, -374.59296717213874; 
6, -339.18664717173306; 
7, -362.09296721752617; 
1, -386.1546289415892; 
8, -330.39740820156294; 
7, -304.7529955087484; 
8, -321.66224873814645; 
2, -377.13363382218085; 
2, -384.4550044866446; 
3, -379.97351973482364; 
8, -359.94229279278807; 
7, -304.71085350699286; 
1, -391.0880555281292; 
1, -394.7028810377233; 
2, -392.6367776491643; 
9, -317.7561959814302; 
8, -326.8590529278008; 
7, -370.1209554341367; 
6, -310.49903433696454; 
9, -378.26466250649173; 
5, -357.05610715845614; 
2, -388.5308301323712; 
1, -383.49138368066633; 
2, -385.2484811925715; 
2, -390.5743425855253; 
1, -380.4818361571961; 
2, -388.0832629494471; 
10, -357.66814823527966; 
7, -280.2033064342213; 
9, -336.55199523433475; 
3, -381.9698150503973; 
2, -390.65193474272746; 
3, -385.896120123798; 
2, -377.6010561725343; 
4, -376.2662416534513; 
3, -376.28456579861813; 
2, -381.181208059621; 
3, -386.1233688132925; 
3, -384.1209273831555; 
3, -384.9604119845462; 
3, -379.7993598426401; 
3, -371.5633408462454; 
2, -370.8350866046676; 
3, -372.44307129632944; 
3, -366.65724305420736; 
2, -378.0213861822922; 
2, -372.9482960082896; 
4, -374.53990830646217; 
3, -376.1768508829264; 
2, -388.23933145176125; 
4, -367.4582439572987; 
4, -360.4889040043563; 
3, -372.0150966871297; 
2, -394.68701308532036; 
4, -362.3310599101969; 
3, -364.9577286454514; 
2, -380.0600449805279; 
3, -383.5046528593157; 
8, -272.5483808116551; 
8, -273.9973959569106; 
9, -375.2382534098215; 
1, -392.7756652590615; 
3, -374.521446133469; 
10, -360.69599381308944; 
12, -400.0; 
4, -392.4363522467829; 
2, -377.39133922553447; 
2, -376.3998165471203; 
3, -368.5410743412067; 
2, -375.65086410137883; 
3, -384.31241876940476; 
2, -372.4953773152811; 
1, -376.4616897781816; 
2, -373.01719227490685; 
3, -378.1640804353883; 
2, -380.3193378972428; 
1, -391.6103584800876; 
8, -319.6545722413939; 
7, -321.07467881048797; 
2, -374.1673595644097; 
3, -381.36446263278776; 
8, -277.87940774502204; 
9, -342.2792765710183; 
3, -386.62989728699176; 
4, -388.17279244426027; 
8, -302.0030317454002; 
8, -361.96191094660026; 
10, -344.9749368424673; 
8, -271.6244308033347; 
3, -373.5001084297255; 
3, -390.66297038710763; 
2, -387.3826063353117; 
8, -295.1024445423536; 
9, -353.62145652651816; 
2, -386.79214235972904; 
3, -370.753894566551; 
2, -380.0473131362887; 
3, -372.4875880487598; 
9, -238.3577106011362; 
9, -333.3882101158815; 
1, -394.6059385465778; 
4, -379.4982271929257; 
8, -283.2498892176445; 
4, -393.53373781345726; 
10, -363.2065454388212; 
2, -392.9594772103883; 
2, -380.9808456937899; 
4, -375.4473650360378; 
2, -366.2553848064417; 
2, -396.1698770567964; 
1, -380.790936139565; 
3, -371.7762063599512; 
2, -374.8577316622759; 
3, -387.2915488668514; 
10, -331.5546820364325; 
4, -391.61214332003874; 
5, -355.36994461635186; 
3, -369.70877079806087; 
3, -394.1041232799471; 
4, -371.8809719475539; 
3, -368.57356632767187; 
4, -381.9022753844911; 
3, -374.84020640804374; 
2, -372.79261205163493; 
2, -378.5058070953237; 
3, -378.4662849829474; 
3, -372.0878936358058; 
2, -374.65541464221315; 
3, -370.88145780847117; 
2, -380.2408544318605; 
2, -362.118493614631; 
2, -372.94012402281805; 
6, -274.97993112681434; 
6, -305.90151058437186; 
3, -368.86246876859514; 
4, -367.7471752735437; 
2, -370.48310221661814; 
3, -379.0107367141318; 
4, -359.6694849902851; 
4, -396.58260771063215; 
12, -400.0; 
4, -386.07152345523355; 
4, -369.41210080291785; 
3, -377.5242166342068; 
1, -377.49647140807065; 
3, -366.5571358863526; 
4, -359.2594609565713; 
3, -374.20294814514637; 
3, -377.67108552243735; 
1, -369.68023396175704; 
3, -365.40374861190503; 
1, -369.64567463977437; 
4, -364.94039247561886; 
3, -372.0114068280236; 
2, -374.7694718969433; 
3, -365.91179525872576; 
9, -346.2219291036308; 
4, -389.40863948685; 
2, -390.43546045708354; 
1, -390.8592049379804; 
3, -397.97287016962946; 
2, -398.0124443199311; 
3, -384.5666804466018; 
1, -373.3044097567472; 
2, -394.15316939138575; 
9, -399.0310267168534; 
9, -341.1711913387262; 
8, -271.6037231042719; 
9, -210.80741627520183; 
8, -197.27278303801722; 
8, -160.58480951879756; 
8, -115.33454283677565; 
8, -113.29347060424334; 
9, -73.00687902770005; 
8, -96.16668799381296; 
9, -97.8665833119885; 
8, -167.91273739891767; 
8, -112.0872276907321; 
9, -321.30262876077904; 
11, -387.58496250072494; 
9, -313.80115143394505; 
3, -396.9102306131681; 
8, -287.98432599734224; 
9, -255.09334982617293; 
7, -258.82677837902156; 
8, -364.1642460979492; 
8, -300.5477772010927; 
10, -387.12880601415236; 
5, -398.1764463002328; 
2, -376.6364585257397; 
12, -400.0; 
4, -369.07261929706146; 
8, -262.4120799781376; 
5, -369.88604125665734; 
2, -394.3812264727894; 
1, -390.6279536596121; 
10, -375.03584381603287; 
10, -271.0352133288252; 
11, -398.58496250072494; 
11, -360.15553060220554; 
9, -245.06404651413322; 
9, -276.42618283869524; 
9, -259.77394076876226; 
1, -385.37684681930114; 
2, -392.6698409039236; 
2, -378.2503667599376; 
2, -380.582927287629; 
3, -383.83212725867634; 
9, -284.9651762644062; 
10, -128.94151088270883; 
9, -215.21487443658407; 
8, -285.2331019592675; 
9, -377.3271819247457; 
4, -389.1263559512008; 
3, -373.79778809241543; 
2, -389.8047347711981; 
1, -375.04109382886963; 
3, -384.399119815047; 
5, -354.1013667698862; 
2, -373.7811076330836; 
4, -375.6709437430836; 
4, -374.1883112041978; 
1, -394.83689572749427; 
3, -373.21317119653395; 
2, -364.58301133355417; 
3, -371.7523710970272; 
2, -376.43854810032644; 
2, -364.83294868092344; 
4, -367.84490541259584; 
1, -395.2433238398662; 
3, -369.92311336190323; 
4, -366.37517880417; 
9, -221.12815445558226; 
9, -376.962429879306; 
2, -382.0333059728873; 
1, -395.9470615677419; 
3, -371.1058016240713; 
3, -376.8736784735229; 
1, -383.10102665687737; 
3, -371.7281356420863; 
4, -363.0520319206116; 
1, -382.72091318016464; 
2, -372.85301940128556; 
2, -367.59315367370436; 
3, -379.7850227413437; 
1, -397.01615050435066; 
9, -284.0569397934014; 
10, -355.883073026067; 
1, -398.3927183699998; 
9, -269.4461203273386; 
10, -327.23685482620203; 
12, -400.0; 
4, -387.5995847888553; 
11, -391.9470438671415; 
4, -390.09786642322433; 
11, -389.007490840595; 
9, -337.56114017099026; 
11, -394.21294282822055; 
3, -392.8132117015193; 
9, -375.3399483622343; 
3, -391.4364203027362; 
2, -387.0594866370084; 
9, -288.0024785079004; 
8, -246.525407469293; 
9, -270.7023479909112; 
2, -383.75414099033515; 
3, -384.79122123884736; 
1, -368.5424454191234; 
2, -367.9812472600024; 
1, -378.1498027918715; 
3, -376.7042040289525; 
3, -385.4733152856061; 
4, -375.6368733380805; 
2, -381.8237440783705; 
9, -374.5616386378242; 
9, -328.2889303477423; 
9, -355.0766925228236; 
1, -392.82417616655584; 
10, -386.8496250072494; 
10, -224.67662158240273; 
9, -145.54872340802103; 
10, -320.35576482795295; 
1, -395.8607340893941; 
8, -309.6794617858832; 
9, -283.015775091626; 
1, -389.40609838836826; 
2, -396.0071627735306; 
2, -379.23946051746316; 
2, -389.3530751899525; 
3, -370.9492872861447; 
3, -372.1391060681781; 
2, -380.21873346489156; 
3, -383.5034978729673; 
2, -373.8918578500743; 
4, -361.21377516986104; 
2, -391.3845033097314; 
5, -357.17807240382535; 
2, -361.69010926553165; 
5, -374.84370617519016; 
1, -392.68859782553045; 
3, -376.7221530089737; 
3, -379.8437691634754; 
8, -255.28952153402497; 
9, -276.17481940917787; 
1, -386.427133017889; 
3, -368.5626784230117; 
3, -381.1290255690692; 
4, -373.2138679285126; 
3, -365.19463719724445; 
3, -392.55139884829987; 
2, -375.599767575477; 
3, -364.3172317559947; 
4, -355.25979092356283; 
3, -395.6922276543919; 
3, -391.6977596790821; 
9, -305.80017384066014; 
3, -386.36259720055386; 
11, -397.6780719051021; 
10, -307.11264613084495; 
1, -393.88158535875846; 
11, -399.7548875021748; 
2, -397.2369843683264; 
4, -388.5977977087314; 
7, -378.0573620548821; 
2, -388.40971412183717; 
2, -394.0141762223793; 
4, -394.95891896865214; 
11, -387.14201900485205; 
9, -170.5757975578017; 
10, -363.30879683434614; 
12, -397.0; 
2, -392.2483625965542; 
11, -367.7548875021748; 
10, -324.9251617565169; 
1, -380.0217292110319; 
2, -369.16128081135685; 
4, -387.73535634120344; 
9, -219.96186546393437; 
10, -351.84446499627666; 
1, -388.0126147919218; 
9, -230.51429066376295; 
10, -353.09145614304; 
3, -393.8544752864109; 
4, -380.0195211339451; 
2, -391.4365574143012; 
1, -393.7655282354099; 
4, -369.4037677453889; 
2, -382.5350484865194; 
1, -369.23768582649063; 
9, -307.6735158226802; 
10, -210.440700128529; 
9, -202.49229444065713; 
1, -380.4419201671262; 
1, -393.92173329298384; 
4, -385.3049671163608; 
4, -379.98400776082417; 
6, -374.50591869221535; 
4, -386.3077133667248; 
1, -379.2285078940913; 
3, -379.8534891233721; 
3, -389.10607373152743; 
2, -369.14337526168674; 
1, -375.18937411153456; 
3, -377.6795522616303; 
3, -381.48410276454524; 
4, -378.9671342005604; 
12, -358.58496250072494; 
12, -376.07796917215455; 
5, -368.64580138001475; 
1, -380.53074501582887; 
2, -386.6129365231318; 
1, -385.511000832892; 
4, -379.61757370637497; 
9, -332.1748306978843; 
9, -297.10301030549454; 
2, -379.3355004602927; 
3, -371.02343896534876; 
1, -376.2952390300343; 
3, -380.8466541231028; 
9, -189.3490600672667; 
5, -356.86855261281016; 
3, -343.1093644257635; 
8, -285.7980409771553; 
12, -367.2280614512856; 
1, -390.3318003883469; 
2, -386.08603552848217; 
5, -374.97552594853914; 
10, -383.3686665520072; 
9, -301.3141779457219; 
3, -388.98494182433933; 
3, -382.0359730447526; 
3, -383.98952528325026; 
13, -400.0; 
9, -338.26565997936996; 
9, -274.1055778785958; 
9, -221.5275116606208; 
10, -355.43359454435995; 
4, -392.2251241791528; 
4, -386.80872927297605; 
10, -295.53906978297164; 
8, -201.64079646382015; 
10, -159.40254266391275; 
11, -317.54124387010233; 
2, -386.6398117436038; 
2, -364.998533111735; 
3, -380.56953932574834; 
7, -339.364026887255; 
9, -211.61205476833857; 
9, -322.95448170689633; 
9, -324.133004391595; 
9, -241.52393697976368; 
13, -360.3526532504766; 
10, -319.63601995652425; 
9, -199.44443500979105; 
1, -377.6335281133943; 
2, -371.41794157159165; 
1, -377.07776023977203; 
2, -371.91009103582473; 
8, -341.78813142116996; 
10, -232.17304087194498; 
1, -391.5116306755517; 
1, -385.37292288208846; 
3, -355.46667129767593; 
4, -371.52591544989264; 
3, -356.83149127368233; 
3, -363.3784095138253; 
2, -385.39692989291507; 
2, -372.71982632559957; 
9, -353.78850221977336; 
3, -379.1481555242499; 
10, -260.1948931568768; 
9, -319.81565341269015; 
4, -386.15373308205744; 
4, -384.3251368328347; 
2, -388.14445822383277; 
2, -366.38810707550147; 
2, -380.9315019462083; 
4, -388.2018008342129; 
11, -313.6578138829209; 
2, -373.0736957799527; 
9, -245.02674261768698; 
6, -336.4173605229298; 
3, -388.1171381546592; 
2, -386.9019083842577; 
8, -274.77928069399786; 
9, -308.5544096768717; 
13, -400.0; 
2, -390.76471705391305; 
2, -386.5702212365286; 
4, -360.6487131723552; 
4, -388.92954004489; 
3, -374.7754338719242; 
11, -386.72889638956985; 
10, -305.6484237687837; 
11, -322.2012446327717; 
7, -317.7265238557884; 
9, -288.174830846081; 
4, -378.9889637765882; 
8, -240.48736383477808; 
11, -360.3306504370412; 
9, -343.9815930741606; 
12, -400.0; 
13, -400.0; 
2, -375.68942573535605; 
2, -385.70821030667867; 
3, -387.4453754556307; 
6, -383.5351759396726; 
9, -349.15129377009; 
9, -183.40640763760894; 
10, -233.54729961106204; 
4, -362.7893209720205; 
5, -358.6532427472994; 
2, -373.9077995873231; 
4, -376.18167396917124; 
11, -350.30558586725965; 
2, -380.9996583832544; 
9, -279.82121308444766; 
9, -308.78112381970277; 
4, -384.6047239586478; 
4, -370.14493197764386; 
3, -378.35794562776573; 
5, -359.59890202403767; 
4, -361.6513014877273; 
2, -369.5102215029765; 
4, -364.3815684597357; 
3, -377.68396690508234; 
3, -384.5645910819876; 
3, -387.5047730169608; 
4, -380.74514108890435; 
1, -396.330882272945; 
1, -387.52173319103895; 
4, -394.4653312159353; 
2, -379.1116846843797; 
10, -391.4867251312826; 
12, -396.58496250072494; 
12, -396.1699250014499; 
1, -389.6098162108974; 
4, -388.3660753404547; 
1, -394.4101633085229; 
2, -391.55773138810764; 
6, -363.38773323528585; 
2, -370.6311656225007; 
3, -367.5116949803778; 
1, -382.3336075300467; 
9, -320.5779064860835; 
8, -248.64888922622777; 
10, -302.52669414901175; 
9, -348.4342734091042; 
12, -399.58496250072494; 
2, -395.2598174358427; 
1, -395.7291904554586; 
3, -387.82975105475634; 
14, -400.0; 
4, -385.73271622892935; 
3, -388.3630675531167; 
12, -398.58496250072494; 
10, -279.7532729738159; 
10, -275.45067820104305; 
3, -386.88181157398503; 
2, -386.3299840367108; 
10, -397.1894750101492; 
1, -386.14728458292666; 
2, -394.0496107938525; 
1, -396.25907327607274; 
10, -349.9812909469183; 
7, -335.09727053920506; 
12, -398.39231742278207; 
9, -313.04217818935285; 
9, -279.4064639004646; 
2, -395.28076991677517; 
10, -374.4063154338219; 
9, -338.4126797511417; 
2, -387.29088468369446; 
2, -393.2241994916694; 
4, -375.895033519977; 
9, -237.07394842346548; 
11, -361.22553685179446; 
11, -362.71399660402676; 
2, -384.49368597683497; 
12, -400.0; 
13, -400.0; 
3, -384.22786484102835; 
4, -398.57450709605473; 
13, -399.58496250072494; 
3, -396.2998481224058; 
1, -391.65730343811447; 
10, -368.0214444370067; 
4, -393.5104535209248; 
9, -367.6898981331615; 
9, -340.199348125112; 
3, -390.922079493379; 
12, -391.1699250014499; 
10, -278.73229222820373; 
10, -295.0172375687107; 
10, -372.4211339718895; 
12, -396.58496250072494; 
2, -392.70110582275083; 
11, -397.33985000289977; 
2, -394.8450392119412; 
1, -390.2030607953493; 
2, -384.94113487773575; 
10, -309.5686279197398; 
8, -370.53315274140914; 
10, -238.45299681078177; 
9, -348.3292676034034; 
9, -303.9165433930757; 
9, -264.29236675435095; 
4, -390.47641134180594; 
3, -370.7159442246484; 
9, -287.2614793922112; 
9, -272.00907028091024; 
10, -241.30039095008397; 
2, -384.8808779097744; 
2, -379.02422984226723; 
4, -391.57771170069464; 
1, -394.9493400173669; 
9, -191.5595142323582; 
10, -330.9496150908526; 
3, -383.4338480421284; 
2, -385.13888932732516; 
1, -381.8962656550866; 
2, -391.2268030511332; 
3, -383.2545272919524; 
4, -393.2271535732434; 
4, -375.53417176328367; 
3, -390.99751004527207; 
11, -399.7548875021748; 
10, -339.7714094168332; 
10, -375.7964758282469; 
1, -394.8242605184496; 
3, -386.8178444484656; 
2, -378.76317056120024; 
3, -393.3195058758429; 
11, -353.9232863151992; 
8, -310.70824015160906; 
3, -395.86901838425547; 
9, -313.21460434264736; 
9, -239.45241106144385; 
9, -256.51258521774434; 
10, -262.8017321093357; 
3, -380.43674505798845; 
2, -371.37316834318335; 
4, -378.7163289023156; 
2, -390.753417796921; 
2, -392.147752912977; 
1, -393.70274738271837; 
2, -387.9310245848319; 
9, -271.8740374641493; 
8, -300.458135925408; 
9, -344.5346316433861; 
9, -288.00247887705336; 
9, -280.9795920322358; 
7, -297.05202960275346; 
10, -224.39526785642374; 
9, -234.33969789394177; 
9, -380.9956472517224; 
9, -280.69376589817693; 
10, -327.4439626507228; 
4, -376.53034838681924; 
1, -385.05464530253084; 
7, -315.53427066857694; 
10, -218.95099370524986; 
2, -375.2474492484471; 
1, -377.1554599184892; 
4, -373.6848037986201; 
3, -379.02009891087073; 
6, -368.1687164672767; 
5, -372.3464018346567; 
3, -384.4247180504317; 
1, -378.1856988060172; 
2, -381.0294560859329; 
2, -393.916853859555; 
10, -308.7766975958948; 
9, -186.9548240871518; 
3, -389.4925080682151; 
2, -386.16594958823407; 
4, -386.690830193751; 
5, -368.532520789362; 
2, -383.2288724456448; 
10, -364.341017085826; 
10, -340.0693394424743; 
2, -382.54719511885196; 
4, -376.90151399344904; 
3, -377.0116106653586; 
10, -230.08128075991408; 
10, -361.5730159806262; 
10, -338.07833381727687; 
11, -351.09078594396124; 
2, -395.03993985202396; 
2, -397.15471855405485; 
6, -377.48315599479247; 
3, -385.3870269895997; 
3, -389.17225573566975; 
1, -395.3385304748663; 
2, -391.16227131389314; 
4, -383.4698589266045; 
1, -388.86137276975205; 
4, -386.41859797918005; 
1, -396.0059335324331; 
4, -381.7283478520694; 
1, -390.8207381491666; 
2, -383.4243509534281; 
1, -385.5483488435857; 
4, -379.5334172300645; 
1, -397.53634860378224; 
3, -390.4467210918083; 
3, -379.7629854835104; 
2, -378.1297213479411; 
2, -376.8912308716099; 
3, -383.06265052210074; 
1, -386.95003818074474; 
3, -376.14282090443885; 
9, -342.5786393326125; 
11, -380.2896032310091; 
4, -384.5871748311911; 
10, -383.07811390119605; 
10, -319.3969029308064; 
9, -350.7435916752438; 
9, -327.2703102135565; 
10, -343.4486148832366; 
7, -368.0912504789885; 
4, -394.2563540269621; 
11, -391.6028844087268; 
4, -384.6959844423691; 
5, -387.02647377183894; 
5, -377.5563337993808; 
2, -373.8533232869231; 
1, -388.78972668369533; 
3, -370.462723046483; 
3, -387.37690063845366; 
1, -393.7120858297567; 
10, -339.65947973117; 
9, -249.67477762681665; 
10, -348.41975116031244; 
2, -396.6523098676698; 
2, -393.2786425961531; 
1, -387.3578075855039; 
3, -387.048803875281; 
1, -384.4837204485084; 
3, -385.73401990451384; 
1, -378.6311701340601; 
6, -361.00348419701913; 
10, -247.38348103425233; 
13, -382.2589407642372; 
10, -397.8257180158398; 
11, -297.6965117738; 
10, -209.80446106917225; 
7, -363.25804641714785; 
3, -395.586714111967; 
4, -383.8797939319629; 
1, -394.25472540722694; 
3, -397.7765287543298; 
5, -383.19387776218355; 
10, -215.57697469415143; 
6, -358.3934146667598; 
2, -383.7940926683368; 
4, -381.84168997005327; 
9, -237.174419313611; 
8, -250.37683271756396; 
3, -386.61798101314344; 
2, -395.8239247750025; 
3, -388.50965585483937; 
2, -382.48614654218545; 
1, -393.38595303858165; 
5, -386.3960851235897; 
5, -389.2135964666959; 
10, -320.85040289879544; 
9, -223.96929388027638; 
10, -389.41186743148137; 
9, -343.59683297068113; 
9, -288.4674212122918; 
9, -185.45040570083074; 
5, -395.388023658772; 
3, -392.78669617901323; 
5, -394.80337265355047; 
3, -384.14352062897524; 
11, -384.0179219080019; 
10, -345.4002211233601; 
8, -243.8080857625464; 
9, -354.59623143065255; 
9, -224.0120076511521; 
10, -257.30485376826255; 
3, -385.86627009825315; 
1, -397.84164855536073; 
5, -389.8593823562842; 
2, -385.8871499793022; 
4, -374.901095791196; 
3, -386.48800755961565; 
3, -391.4922253958066; 
4, -391.3791577924276; 
9, -266.5368174229516; 
11, -249.44297400687356; 
6, -374.59164721134584; 
1, -388.19047829532064; 
9, -298.0613548802212; 
10, -337.3635211754008; 
9, -301.0386908343062; 
10, -259.84519670472946; 
13, -400.0; 
2, -393.5531659052358; 
6, -363.1879523405805; 
1, -397.01702059444506; 
3, -385.14976232795743; 
1, -393.7876366280252; 
3, -391.0109101937269; 
3, -392.710052040813; 
9, -356.4486903361976; 
2, -392.44419801124604; 
9, -214.69990638707532; 
9, -292.245643814269; 
9, -308.3124190661474; 
4, -377.7612201330485; 
4, -379.98901098192437; 
2, -389.6131606330164; 
3, -378.61180858826265; 
9, -370.3474905163166; 
8, -281.9862431452493; 
2, -391.06968920724466; 
2, -389.6618189427536; 
2, -392.5011618414428; 
1, -396.994173214247; 
1, -396.38609424291644; 
2, -383.13892666524043; 
4, -388.6911311913864; 
2, -374.0667507641483; 
10, -324.6846525091678; 
10, -168.23665493226144; 
9, -271.91216210252605; 
10, -278.52811767632375; 
9, -239.15714706777362; 
2, -395.84971321816556; 
3, -393.9384097523289; 
4, -371.1002860167064; 
2, -374.3293916109833; 
4, -367.608743959805; 
2, -370.06964173866436; 
11, -386.35777191090165; 
3, -389.54461291315965; 
4, -367.4085764362826; 
12, -126.01679946039803; 
4, -380.7218742222176; 
2, -385.9149187350413; 
2, -380.4123226821539; 
11, -346.18784690945176; 
11, -330.93435024516657; 
9, -230.630712575512; 
9, -234.15218775364337; 
3, -371.08235860982677; 
4, -371.06207272742176; 
4, -376.97646575578256; 
3, -387.3985436299117; 
1, -393.0690970257274; 
3, -372.2077804269502; 
1, -378.43411769665545; 
1, -384.1363774970523; 
2, -385.2121285231551; 
2, -393.10089249472367; 
5, -376.35532793117454; 
4, -371.68873792048544; 
1, -381.6560027350206; 
4, -376.30759178003063; 
4, -366.33358866453636; 
1, -391.18383643362904; 
4, -389.4773239361821; 
2, -377.0400646769558; 
5, -358.21875025337795; 
1, -385.49698281975; 
1, -387.79396514379187; 
3, -382.5721963821561; 
4, -371.4791147283977; 
4, -389.8806238480611; 
1, -380.23640442820033; 
5, -368.56826485303463; 
6, -349.39636525750393; 
7, -316.8680532097351; 
2, -398.28833698970266; 
4, -386.1729518045322; 
5, -396.7851853335742; 
10, -272.5533005395555; 
10, -322.39701765507925; 
10, -239.73924555146368; 
9, -274.7044910438126; 
10, -296.0255108048441; 
9, -171.908122005756; 
10, -387.1447136650677; 
3, -391.5920681342832; 
1, -397.94166428229073; 
13, -381.1699250014499; 
13, -400.0; 
2, -386.5922429471393; 
10, -386.5655626691878; 
2, -388.3845698743826; 
3, -390.4172468856559; 
3, -375.8855039991904; 
2, -392.1436702518258; 
4, -375.05675464321394; 
2, -397.4576493157074; 
1, -385.6391644544201; 
11, -326.7730743387365; 
10, -224.39816256717313; 
11, -377.9184648102382; 
4, -376.16792608075775; 
1, -380.1122776224511; 
9, -235.7434863995877; 
10, -221.31247417471604; 
4, -390.7943840342341; 
4, -384.9700154410675; 
4, -381.27672368718777; 
2, -377.3094969538506; 
5, -368.56696078780806; 
2, -378.72687079542084; 
3, -363.9764523265767; 
4, -375.7973868048284; 
4, -380.3616267454927; 
3, -387.9730249705608; 
2, -376.7392356575583; 
4, -370.52771793527063; 
5, -361.4386351243011; 
6, -347.07704424712574; 
9, -314.1077619580319; 
6, -377.78009579866193; 
9, -240.6181649492937; 
9, -177.8057271328289; 
2, -390.09552279062336; 
2, -375.16332040564157; 
2, -399.2656625182717; 
10, -257.21782299655024; 
10, -237.2448037508293; 
3, -391.1739530363702; 
3, -382.2705888596829; 
3, -382.8705954479519; 
10, -329.50401798600797; 
10, -127.37177672114922; 
10, -126.22130416613072; 
10, -101.63323031226173; 
10, -140.93939503422007; 
8, -312.83239948767005; 
9, -289.3020999141736; 
9, -168.87038222851697; 
10, -273.85657802503556; 
4, -383.46933207073016; 
2, -381.857555405295; 
10, -387.6224344174261; 
10, -267.2621591964271; 
11, -173.10508581943577; 
10, -278.74966009077616; 
4, -376.9249749277369; 
5, -392.54208734922577; 
6, -376.2001989300479; 
3, -384.2937003734405; 
5, -378.18568697868614; 
3, -394.01583741413197; 
6, -376.20000543963397; 
3, -391.14514459035126; 
6, -384.60329257830745; 
5, -383.4528455546242; 
4, -367.25821259315126; 
5, -360.25267441908363; 
3, -372.3121200034511; 
5, -365.2812273695017; 
2, -383.5047355918214; 
10, -366.8140399469994; 
8, -291.09987510740757; 
9, -239.44328815076733; 
10, -175.41533113393234; 
9, -181.4417079113191; 
1, -383.8648426164873; 
1, -380.2826879446511; 
4, -374.6595960588311; 
3, -378.1328620535787; 
3, -366.0402339483844; 
3, -374.40713858936215; 
5, -373.67002859100467; 
2, -374.6732223224244; 
1, -378.3781995329773; 
3, -375.2908043079078; 
2, -376.3476741765626; 
3, -372.8235214242013; 
5, -377.71406419511186; 
4, -364.502907583199; 
2, -389.1149316786905; 
3, -367.36259784770664; 
5, -376.01580804924015; 
5, -364.7305691759684; 
11, -399.33985000289977; 
12, -398.695993813104; 
13, -400.0; 
12, -399.58496250072494; 
13, -400.0; 
12, -399.58496250072494; 
6, -377.34522282204125; 
5, -363.72791016375413; 
4, -377.92421236110386; 
4, -375.99138384731486; 
2, -384.3202616603812; 
3, -389.94445514085237; 
4, -382.17286948958645; 
4, -364.8380260109552; 
4, -381.05350903386716; 
2, -390.5899099485832; 
3, -384.55851590051316; 
5, -375.4780773730017; 
4, -370.5679566860781; 
3, -369.7607144420035; 
3, -363.45495727699017; 
10, -324.80451278120745; 
5, -366.9139209287241; 
2, -370.5456325096893; 
10, -203.48651445296127; 
11, -292.5839280836517; 
3, -369.4921564012184; 
4, -368.14468228595797; 
5, -367.95876900828443; 
4, -372.160248544591; 
1, -378.32059054187266; 
4, -362.40011547342874; 
6, -365.3879169112188; 
1, -380.61685382109135; 
3, -363.0313250992913; 
1, -380.78994193748804; 
4, -361.29560640011914; 
4, -362.8066902028513; 
4, -375.845019838016; 
4, -387.20435200305656; 
5, -391.12022421561414; 
14, -400.0; 
3, -396.01069772423944; 
13, -400.0; 
10, -384.67712876806036; 
5, -387.4305145916878; 
10, -331.0731310575502; 
5, -372.8496554464218; 
3, -388.1065242161276; 
4, -388.41680503834505; 
3, -366.78182421217207; 
2, -370.3070129570551; 
1, -376.14292452688096; 
10, -317.3450378929847; 
10, -184.44549347576685; 
10, -182.63074088504072; 
6, -333.5198981202557; 
4, -380.15612243965734; 
3, -382.07063948427094; 
2, -389.86451744957594; 
2, -388.56158305879217; 
3, -371.3761546285241; 
4, -376.4797495274688; 
11, -362.0179219080019; 
14, -343.4010508421343; 
2, -375.1039805045002; 
4, -366.55288363905856; 
5, -365.65885145944776; 
3, -393.5175054136198; 
1, -378.959313765401; 
3, -370.98168704193085; 
4, -368.68192836112576; 
4, -376.8110763511504; 
10, -363.2312136659166; 
10, -261.83045101264725; 
11, -356.7228859925526; 
3, -367.24412635411136; 
4, -390.0184065679787; 
4, -376.1222968174261; 
5, -371.79253800195875; 
4, -368.2533075570245; 
4, -369.199796696892; 
12, -379.9248125036247; 
2, -375.4233266080264; 
3, -359.7735342030646; 
5, -375.59730429801857; 
3, -381.9210417671711; 
3, -383.9467773869401; 
6, -384.5934322364046; 
3, -374.7798273964436; 
6, -364.52087164565455; 
4, -370.38775132375304; 
11, -270.1554176508216; 
9, -216.7800465776818; 
4, -379.9111987972865; 
5, -377.07591180701274; 
4, -366.660211999726; 
4, -372.41596108220983; 
6, -322.45794218208175; 
9, -234.02227204228984; 
2, -372.75011493935017; 
3, -369.3733187352191; 
1, -374.44870444078697; 
4, -371.42091691249516; 
13, -400.0; 
3, -384.6565723650274; 
4, -364.80439024377847; 
3, -382.7262788108201; 
4, -361.7966750379419; 
5, -369.8992812674842; 
3, -374.980928423407; 
4, -370.9849850044702; 
4, -373.39238860539626; 
5, -374.8519503834541; 
2, -369.315297231311; 
6, -380.57957589358557; 
2, -384.96548328286735; 
4, -380.49734656279907; 
4, -396.78199327463517; 
13, -400.0; 
13, -396.0; 
6, -367.20326631178614; 
3, -396.5778326551663; 
5, -379.303867971641; 
1, -395.3623444545083; 
3, -386.7270444072201; 
2, -383.521469032974; 
4, -371.93402080010856; 
4, -378.4407089680317; 
3, -384.71514149272116; 
10, -331.9030338808079; 
7, -325.5036155098351; 
1, -398.4438270170358; 
1, -393.1668582462007; 
3, -388.8849060309585; 
3, -391.2401059049298; 
9, -244.9551491891034; 
9, -176.96993466326967; 
7, -352.4275125337299; 
12, -397.33985000289977; 
13, -360.0; 
10, -306.96722853870597; 
5, -364.1702808981645; 
5, -377.8506636391976; 
3, -366.4883244042285; 
3, -372.67869863210944; 
13, -400.0; 
14, -400.0; 
4, -384.4381894141552; 
2, -371.72704897332005; 
11, -344.8002812900231; 
9, -286.31257510650903; 
6, -364.8538734355243; 
1, -379.05360439402284; 
3, -374.8286171744112; 
11, -359.5283326250501; 
9, -170.13147252146155; 
10, -325.5075056976639; 
4, -381.48262673820136; 
4, -375.0471876813099; 
3, -376.8956785653136; 
3, -368.2906747114612; 
4, -365.04962789663114; 
2, -372.749504625448; 
2, -367.89709231903544; 
4, -380.6722953588469; 
4, -378.81123208405916; 
4, -363.76783286524005; 
4, -387.33656963554677; 
3, -384.910155328922; 
2, -390.24189419241156; 
2, -395.92220883537084; 
1, -391.41433256532764; 
9, -299.0042832560721; 
10, -195.1537862335681; 
11, -378.0008591514197; 
13, -389.7548875021748; 
3, -396.6691157769528; 
11, -392.33985000289977; 
11, -258.89334021887043; 
11, -333.0348428974394; 
9, -318.07700055936584; 
12, -380.7548875021748; 
9, -249.94739696430042; 
10, -205.45424860651838; 
4, -389.5746816850151; 
9, -268.65498603333253; 
9, -244.1381829425809; 
10, -205.2366053307196; 
1, -393.40893074363703; 
2, -390.7482845992199; 
3, -370.02567712275777; 
2, -368.40094928548206; 
3, -368.2853146743728; 
4, -365.03692960948683; 
5, -372.8074922635569; 
3, -371.29644548957003; 
4, -374.1297496011248; 
3, -378.19803502742434; 
3, -378.63579076662427; 
3, -387.73848014569376; 
4, -396.0050696526887; 
4, -368.6539505129913; 
4, -375.78397736808984; 
3, -375.295540145773; 
3, -367.36645333399065; 
3, -392.595683066349; 
4, -370.58270923333475; 
5, -364.74840139824664; 
5, -372.62090939469635; 
3, -386.55186288803816; 
3, -374.33467225258937; 
3, -379.1522392408224; 
4, -374.1850654060836; 
3, -372.07001239736564; 
5, -372.13538616738515; 
4, -370.195380587189; 
4, -368.55598843080224; 
10, -374.119085682265; 
10, -266.32380808214657; 
10, -300.7926861914457; 
3, -368.96914388024015; 
3, -360.9948716448853; 
2, -366.02474297134904; 
3, -374.8951102551073; 
2, -377.9603140648687; 
2, -380.7816959875636; 
2, -385.1464597294107; 
2, -369.25812308554305; 
4, -377.9703646902344; 
2, -392.0711770525668; 
2, -391.1442019545939; 
12, -298.2528470081161; 
9, -218.7819288764731; 
5, -382.19728212303016; 
2, -383.37217653373955; 
3, -387.0828870739206; 
1, -388.7436380831059; 
9, -289.6767090802314; 
10, -347.35679797496414; 
4, -363.5637860891875; 
2, -369.7509556765435; 
5, -366.9724988011876; 
4, -374.0576695361524; 
4, -387.43194377893815; 
2, -390.26376233180054; 
1, -391.82865875883726; 
4, -363.0275189879467; 
3, -377.67222349502845; 
2, -372.766307226615; 
4, -384.4414861439145; 
3, -364.9244236178347; 
2, -374.2065484368359; 
2, -380.91915822966257; 
3, -374.79498893988784; 
2, -365.74209335504565; 
12, -304.375771870662; 
6, -370.25114954449236; 
5, -369.30320863390807; 
3, -369.93355332745705; 
2, -370.6381525102188; 
2, -388.0046923253685; 
3, -382.3734376503271; 
2, -377.74233755422756; 
3, -388.19342210004106; 
2, -395.532324934029; 
8, -254.81272191589233; 
9, -234.94048551929882; 
10, -260.7593326729839; 
9, -264.53775735362433; 
8, -262.74796994618373; 
10, -170.9828780873795; 
11, -321.8916925462545; 
10, -207.4385880047921; 
7, -313.9059961257735; 
10, -261.1906502581551; 
9, -204.05562638759147; 
9, -314.9754610641976; 
3, -384.90376114321407; 
3, -379.3308626766666; 
3, -388.26756604301045; 
4, -374.5972104446264; 
3, -375.97881075920304; 
4, -389.2869073857437; 
3, -381.0546977566555; 
11, -352.28962185652927; 
10, -287.0492631056695; 
10, -253.47674001235282; 
10, -288.7011343865306; 
6, -357.15533523942577; 
3, -385.6750473906286; 
9, -226.46409185579978; 
11, -319.04071560216835; 
11, -259.17363477748586; 
8, -203.1732111814199; 
2, -373.5618358606589; 
3, -360.2971316410694; 
3, -368.8904765404877; 
1, -372.159656346892; 
4, -382.88154296489665; 
2, -364.7134094267967; 
5, -383.6922917079064; 
10, -188.10445017262828; 
10, -313.49044603377115; 
10, -251.93906965927454; 
9, -263.23366945021553; 
10, -214.92060878354823; 
4, -361.62972695345525; 
11, -316.0391200274462; 
9, -211.7477797823376; 
2, -375.24121907603694; 
1, -383.76855672104284; 
12, -366.5176846451941; 
1, -383.8446496813558; 
1, -393.25498814857565; 
2, -393.6511811762466; 
10, -249.037542449194; 
9, -281.6128785976325; 
12, -398.7548875021748; 
1, -388.9858881034306; 
3, -390.25479562644614; 
2, -388.56547381950077; 
12, -306.1547127077356; 
10, -226.5095154547016; 
8, -261.22447305964306; 
10, -367.4435672137188; 
10, -397.8170373926405; 
11, -343.724653250305; 
9, -195.41083563060965; 
9, -225.12021239148453; 
11, -294.40668798040133; 
2, -393.59767246968113; 
1, -398.1750521690701; 
3, -375.76288373727584; 
3, -381.9067355961306; 
3, -386.9381141931517; 
13, -400.0; 
3, -389.7760391124175; 
13, -400.0; 
6, -381.85646766400896; 
4, -371.67357042612275; 
2, -375.72310492332326; 
4, -362.0331266823923; 
3, -372.8542125317035; 
4, -372.62087037652964; 
4, -371.6512840070063; 
2, -369.5371544176596; 
2, -383.8196058529429; 
9, -352.7788015064434; 
11, -352.53539451543475; 
3, -371.0555759280687; 
5, -359.80759714735905; 
2, -377.6199018358602; 
4, -378.09347925242037; 
4, -375.4087737496011; 
4, -366.6847188027459; 
3, -367.1500068832538; 
3, -360.0181244671694; 
5, -359.1218225223711; 
2, -377.4700086233788; 
3, -374.2236634803703; 
4, -364.46393144945614; 
2, -377.891980215034; 
5, -363.5259222437162; 
6, -380.626381083217; 
4, -367.54177342297044; 
5, -378.30318058124976; 
3, -381.94179381110007; 
5, -373.92604144715006; 
3, -398.7371002997388; 
5, -368.471929658961; 
4, -385.4286205879762; 
3, -374.1255296197487; 
4, -363.79384373518405; 
4, -380.70173335034633; 
2, -377.73343194345944; 
1, -377.6957513123052; 
5, -370.11593955842545; 
4, -370.7569952997146; 
4, -368.5097709384281; 
2, -377.9878732911311; 
2, -387.482306629885; 
3, -370.5235995980911; 
4, -372.1216840078123; 
11, -224.07248577853898; 
11, -279.8006820222945; 
2, -364.9638932850212; 
4, -366.85245231783483; 
9, -377.90985615586396; 
3, -377.3599613161059; 
3, -375.4344044269528; 
5, -376.0255675447406; 
3, -360.7540030651726; 
5, -382.2513345805928; 
5, -361.728696639766; 
5, -357.16213565913495; 
6, -364.57833130145445; 
2, -371.347548283753; 
2, -385.43258477491327; 
4, -366.54689721704926; 
4, -372.9858334257733; 
3, -371.91903033165727; 
6, -364.6844885722967; 
3, -378.89442573080305; 
2, -360.17724992439616; 
2, -378.6871869257884; 
3, -367.25930107280146; 
5, -361.7725915994961; 
2, -375.0091853393242; 
5, -363.4131770207314; 
8, -339.0534592634067; 
9, -258.81158819107804; 
3, -366.40673547785264; 
5, -368.12593794649; 
4, -368.1951672283467; 
2, -369.00812772323843; 
3, -373.8541223346256; 
5, -365.35235318751074; 
15, -400.0; 
5, -386.1128928543767; 
5, -378.8302046825411; 
6, -370.74276843003463; 
12, -335.5715627099853; 
4, -382.40899213787634; 
3, -364.9176752779167; 
3, -361.4391659509856; 
2, -377.007325255312; 
3, -369.38191456126515; 
2, -378.7865029630484; 
5, -368.5773572603939; 
3, -359.08648384700064; 
5, -373.5661922417348; 
3, -372.258091519936; 
3, -372.4407149858307; 
3, -374.15022490976844; 
2, -375.27776551642455; 
3, -384.7651140309172; 
2, -366.85186982282903; 
5, -358.0971564427018; 
4, -377.74841667781584; 
3, -371.6659378706245; 
1, -372.2798909021076; 
13, -325.1786584224319; 
2, -365.6540117157856; 
2, -374.7500117517775; 
5, -377.47696152399294; 
1, -373.254641558975; 
1, -392.29734129540157; 
5, -377.9095283015631; 
3, -391.4687748167198; 
4, -390.79549151926767; 
6, -375.98633265902754; 
11, -395.37569381901994; 
4, -368.9853218831122; 
4, -373.59145816776436; 
3, -368.962486172677; 
3, -367.64161451230757; 
2, -372.5262144774897; 
1, -381.44182253431063; 
2, -368.1612512104912; 
1, -377.01773237402085; 
2, -379.9325174493715; 
2, -385.7846363899298; 
6, -371.4631046251161; 
6, -349.7330961599946; 
4, -386.0407985408092; 
1, -396.7866993570933; 
2, -383.1725299450336; 
4, -384.21444637479726; 
3, -386.3111214200035; 
4, -385.1861540664686; 
6, -380.94202791294083; 
5, -368.5628148007672; 
4, -373.2841222296702; 
3, -364.188343486283; 
3, -373.814353942289; 
3, -371.6894415864954; 
5, -373.0490780142136; 
1, -379.61293703108095; 
11, -375.51620127342176; 
11, -374.1894750101492; 
12, -290.0768155970145; 
12, -344.0195500086993; 
1, -390.62622660654597; 
3, -370.3885531278793; 
4, -369.2138622205239; 
4, -356.9810814826051; 
3, -378.41711983282585; 
4, -370.71714529860765; 
3, -384.65971512603574; 
5, -379.05442501127254; 
4, -375.872696606908; 
4, -371.7007155204192; 
12, -280.5052683877293; 
6, -362.11892990441993; 
4, -373.9954908217769; 
4, -376.56033326894976; 
10, -203.64067701401655; 
10, -304.8724233977264; 
6, -370.4499175247038; 
3, -381.24418320762925; 
13, -376.58496250072494; 
3, -387.2130233013304; 
6, -357.9650666511152; 
3, -374.5829466857249; 
3, -366.2544349284144; 
3, -379.1621434588451; 
5, -363.63530397904105; 
4, -378.48903361160774; 
4, -367.4918410188984; 
5, -381.59976308979094; 
5, -370.37603528343607; 
4, -374.1221325164661; 
2, -373.2490954080131; 
6, -382.42696683644317; 
3, -383.03643758711405; 
6, -384.54045995511115; 
3, -379.68896400672384; 
3, -379.3569520479068; 
5, -388.71860544232186; 
3, -379.25710367574356; 
5, -377.0727813084377; 
6, -376.55659407761414; 
4, -372.9742597093573; 
4, -376.2197580841603; 
1, -384.5422153311083; 
5, -365.63773318985477; 
3, -375.55074046342634; 
4, -390.1557070889976; 
5, -370.91041620168835; 
2, -377.8320638886653; 
5, -385.1817752219504; 
3, -382.78118474478833; 
5, -353.6067906199023; 
2, -368.27492728387006; 
5, -363.8202850242378; 
3, -364.983726567938; 
2, -373.79988647345454; 
11, -226.99797189142555; 
10, -219.4948129162658; 
4, -369.17561417247634; 
3, -380.4567382995738; 
4, -367.0879613677971; 
1, -386.96001474617515; 
5, -368.5269141077297; 
3, -368.2414557541488; 
3, -375.58627375226934; 
4, -372.91150686866604; 
4, -362.0961898812093; 
4, -361.9749208824942; 
4, -379.1487349529052; 
3, -374.11202721495647; 
3, -370.7951228650054; 
4, -362.6366847422905; 
5, -375.9681132436963; 
4, -380.0185428832192; 
3, -383.57955120224506; 
3, -380.8589362950297; 
3, -392.6275694585638; 
4, -374.4316196970176; 
4, -391.17833627783693; 
3, -389.5669468083652; 
3, -373.606846613111; 
4, -368.69979289907496; 
3, -380.665724471095; 
2, -378.4490560492268; 
4, -364.2182372250827; 
5, -369.26877598825376; 
3, -373.0229566866765; 
2, -371.16993927024305; 
5, -364.7337678085314; 
10, -233.5179415838793; 
10, -254.67688102414832; 
5, -368.9587029404938; 
1, -387.3697809544392; 
3, -357.24112073518336; 
4, -375.57645414199214; 
7, -361.74747135757934; 
5, -356.00605445192195; 
5, -368.3034130760934; 
3, -367.5551837690873; 
4, -366.6101485907566; 
6, -364.05621157062706; 
4, -370.6044050648343; 
4, -378.84238923038356; 
2, -366.76603475154843; 
9, -237.8758015402127; 
13, -347.3224079402862; 
12, -396.9248125036247; 
3, -384.7806188579416; 
9, -194.57968762144446; 
10, -218.33170074457303; 
10, -352.17253826581873; 
10, -243.29628017661162; 
5, -367.15337603271473; 
2, -377.61581177660264; 
2, -373.85259540204424; 
4, -361.6134574287571; 
4, -369.6360113482224; 
5, -377.1037240474252; 
2, -377.71398258721456; 
5, -367.5398981733015; 
5, -353.30877683195285; 
5, -372.44795107143; 
9, -298.12550836987793; 
10, -307.4295918450225; 
6, -357.6998135454487; 
5, -376.84604235354345; 
2, -383.5383955234429; 
4, -375.9948773117503; 
5, -381.2258816410322; 
4, -372.68234662304167; 
6, -391.8966505493736; 
4, -381.95385910070036; 
4, -359.53109158424195; 
4, -358.96280021127313; 
3, -371.03121461579576; 
5, -379.2244552905904; 
4, -372.9537841040874; 
4, -361.9036325517809; 
4, -375.7108704310376; 
5, -355.79413739184383; 
6, -348.78174230712466; 
3, -370.1361336646369; 
2, -364.8922787756892; 
5, -357.9508347909432; 
5, -358.6548821652541; 
2, -370.5740850082366; 
4, -367.78579011780676; 
5, -360.04503684991505; 
3, -362.03082149557304; 
2, -365.77767618047073; 
2, -364.1076418813318; 
1, -372.99961779254954; 
4, -353.89148626604583; 
4, -365.07977714017034; 
4, -367.70527528377715; 
5, -367.82779334520455; 
2, -380.1798795736395; 
4, -368.54912829364184; 
4, -361.9182308980962; 
3, -378.8453066518996; 
2, -373.4217664869502; 
3, -371.7512971641263; 
13, -353.85668891482055; 
4, -366.3279430188704; 
3, -370.3922625639243; 
6, -382.0652143189218; 
5, -385.9476907539647; 
7, -351.5936816827161; 
3, -364.64314992330037; 
2, -371.2592092799023; 
3, -357.1515463157557; 
3, -365.36842188588344; 
6, -362.2457461007871; 
5, -390.5033075163374; 
4, -364.5701108069625; 
2, -363.1756519116461; 
1, -367.4049839627696; 
2, -365.6739432059694; 
3, -367.447981209727; 
1, -375.72445523703936; 
3, -379.0723559819162; 
10, -350.679636412533; 
11, -174.75054716865998; 
4, -362.0430704569444; 
2, -381.5993073990103; 
5, -361.8934103802312; 
5, -369.3241311520105; 
5, -355.60068247211166; 
1, -373.24664081365336; 
5, -366.89218459127005; 
5, -370.77926571737044; 
3, -369.1263113701716; 
13, -305.8839573817095; 
6, -364.2322530237725; 
4, -354.76198124769144; 
6, -349.0646998465527; 
3, -376.24901431635953; 
3, -357.048406658927; 
3, -371.15904669777956; 
3, -373.5187873917166; 
4, -376.78830532555; 
3, -369.9488970510429; 
5, -367.03408189618494; 
4, -370.35386925563216; 
3, -362.68661533261184; 
6, -372.4390759008238; 
1, -365.75538815092295; 
1, -376.65394896129146; 
4, -373.8591554869199; 
1, -381.12595125404187; 
3, -371.2519331704825; 
4, -375.6577835698845; 
6, -347.5608167803148; 
3, -375.13189510139637; 
3, -358.41221704124473; 
5, -353.22479346895125; 
2, -371.273399693775; 
8, -282.0633377174381; 
10, -332.4525099239545; 
2, -379.00628088065423; 
4, -362.7392997673014; 
4, -387.4374090769561; 
3, -372.4164035678841; 
4, -365.57059703266714; 
3, -365.18568641669117; 
3, -360.1426678211428; 
4, -369.8293068649946; 
4, -367.0210638066055; 
7, -358.7730851114029; 
4, -377.0182195865782; 
2, -363.60940929851495; 
2, -370.26564331015106; 
3, -368.0906388439471; 
11, -355.32315310498234; 
9, -218.61950172437355; 
8, -317.9109494955046; 
11, -368.1679102629423; 
9, -194.52318522252608; 
11, -241.95627891796175; 
10, -336.7038926976966; 
10, -235.99455893831328; 
9, -218.4462357481243; 
8, -273.17767309758347; 
10, -185.70908013626467; 
11, -315.0614865985699; 
8, -303.6208032007562; 
6, -353.20529692526907; 
2, -374.17980440927204; 
10, -346.6306560415542; 
10, -202.6580617974978; 
12, -367.2699487757636; 
1, -384.634799674619; 
1, -382.55635138368234; 
8, -303.84113309928216; 
10, -296.7653767017182; 
5, -375.45100094366353; 
4, -376.50383356260136; 
3, -374.38949495274574; 
2, -384.4246923477622; 
2, -387.83481396501884; 
6, -358.93889791413676; 
7, -387.2277389469091; 
4, -393.7923855885165; 
4, -389.62922281608917; 
5, -387.2395396186039; 
11, -354.0238859205274; 
10, -269.18623377999756; 
10, -364.9391475020675; 
10, -240.05413516843691; 
8, -353.17684818618; 
6, -367.8816282992484; 
10, -212.70804815681186; 
10, -355.2066796608269; 
11, -345.15587096405216; 
10, -339.1220872992417; 
10, -176.72661114577204; 
14, -376.615761515568; 
10, -239.49282462801784; 
9, -220.77191656653304; 
11, -228.30492637993302; 
4, -378.3364939058665; 
11, -397.58659060136415; 
13, -399.0; 
14, -397.58496250072494; 
10, -318.5084114433266; 
10, -202.7445955608273; 
10, -289.69815361790825; 
10, -279.16285665205214; 
10, -200.791164991213; 
10, -286.6323639797047; 
10, -254.34298161685; 
7, -356.15465994516853; 
11, -360.94610775785986; 
10, -165.03482434200123; 
12, -298.5145523126703; 
1, -389.81110061949585; 
14, -398.58496250072494; 
2, -382.0448647318408; 
14, -400.0; 
11, -355.41713546798564; 
10, -238.1191646325169; 
10, -293.56968265399337; 
9, -208.18783050728962; 
10, -231.48606521287002; 
9, -264.84916078147944; 
9, -235.21555854182225; 
9, -248.1255387009587; 
10, -263.71882816404104; 
10, -251.24181760114152; 
10, -301.2215880365111; 
7, -319.94734038657043; 
6, -375.6763906161068; 
5, -349.783663927461; 
10, -296.65439489588607; 
10, -287.58368817996234; 
9, -315.28530650783796; 
9, -274.2029065306997; 
9, -265.926745763747; 
10, -301.9797815391794; 
9, -219.7096542682266; 
10, -228.44502463610843; 
9, -193.56155389687046; 
9, -231.6457946440205; 
9, -204.14677686570212; 
11, -213.16066832724027; 
9, -154.65969476418104; 
9, -209.46172762778588; 
8, -203.8012906225631; 
9, -153.54611085925717; 
6, -360.9597779890755; 
12, -361.5138461816823; 
9, -226.40293060836848; 
8, -332.18043888395187; 
10, -331.2155610207701; 
11, -349.7630916070193; 
10, -88.98321433609817; 
11, -361.574719913071; 
2, -380.691851060139; 
2, -391.42798842617776; 
10, -393.5635407285299; 
5, -358.07644445239566; 
2, -392.202453050646; 
7, -378.07203215232585; 
5, -379.03432681935374; 
1, -370.93356102192774; 
11, -158.38564477639738; 
15, -68.49958967650309; 
11, -144.24048505618703; 
10, -166.40578617178835; 
14, -68.29552120936569; 
11, -95.27346732944716; 
11, -71.14653141947929; 
9, -161.77161859394982; 
9, -255.33572776115034; 
8, -281.25946389324963; 
1, -376.707557910122; 
6, -363.00984176865313; 
2, -381.33113638544455; 
1, -379.88000076357275; 
1, -395.00841971777845; 
1, -382.2245497740805; 
3, -382.5679814639734; 
2, -388.7514852528693; 
1, -383.7242825488793; 
4, -391.3550888407044; 
1, -390.62310503132176; 
9, -301.72856528207194; 
10, -175.33480260625947; 
8, -294.90317810722627; 
9, -275.7820506327553; 
10, -193.63678800698835; 
10, -242.94768342620227; 
8, -237.95859104569536; 
13, -325.43951623432804; 
8, -238.80262581154238; 
10, -183.9552876278758; 
11, -274.2946640913142; 
11, -302.9888343445491; 
10, -195.69726877647918; 
12, -399.58496250072494; 
10, -314.1367463595234; 
9, -204.90407693083398; 
10, -158.33271491865162; 
12, -290.2732632055413; 
7, -349.8725423964206; 
9, -201.64259783853777; 
10, -339.2447503574658; 
11, -344.576456007082; 
13, -400.0; 
14, -400.0; 
14, -400.0; 
6, -386.55113437061664; 
10, -294.8755042855628; 
11, -240.33077737956773; 
11, -386.41475428524427; 
10, -249.2122195410775; 
10, -333.58593094104435; 
9, -279.809024935239; 
10, -290.8363319367636; 
10, -258.3948270351393; 
10, -133.00837882049382; 
7, -341.6823121421039; 
9, -166.81211449333932; 
11, -254.03251095418818; 
10, -317.5428478210233; 
11, -321.56391534535214; 
10, -205.1625821312191; 
13, -397.7548875021748; 
6, -382.5804023889359; 
9, -327.05254174768925; 
9, -257.84878792229574; 
9, -263.27692141023; 
9, -309.94470068090595; 
11, -373.2236743706744; 
6, -386.85212166025303; 
5, -396.1848587465938; 
4, -398.17537748313043; 
9, -306.5830997044686; 
10, -236.34101468510926; 
10, -192.82623677991796; 
7, -398.15642766619567; 
12, -396.9068905955646; 
6, -334.97729411290493; 
10, -174.16769021062646; 
6, -361.6457486812724; 
4, -373.8420861879131; 
2, -384.8575456093531; 
1, -386.8854206323158; 
14, -400.0; 
1, -386.40194417664316; 
3, -387.14302231918555; 
1, -392.152261182433; 
1, -369.3454283133615; 
3, -381.26294872083236; 
1, -383.4568968350068; 
2, -389.00926335994154; 
1, -384.12759385164827; 
3, -377.84383417956997; 
1, -379.67479566461407; 
2, -390.9896459742449; 
1, -385.6268335363129; 
11, -339.7874123447109; 
9, -212.70560861530248; 
12, -371.5286967488937; 
4, -387.07138740399387; 
4, -389.3365270443028; 
13, -400.0; 
10, -310.185309125809; 
10, -201.68855116295163; 
10, -237.39520915655885; 
9, -223.96783564600628; 
7, -339.689328571083; 
1, -397.75138811278157; 
11, -371.505222210777; 
9, -185.041066885693; 
11, -328.74620553455316; 
3, -374.5985908182338; 
5, -384.3101083688671; 
1, -388.9920464976458; 
2, -380.9947662188206; 
5, -376.94175316311885; 
12, -371.0947375050746; 
12, -366.3151720294263; 
10, -346.41983566770796; 
11, -318.8659188146703; 
10, -330.3471225956455; 
11, -359.8530821610475; 
11, -169.68579039385077; 
11, -317.9608854249818; 
10, -330.98113927955274; 
10, -212.18802239384968; 
11, -251.0055823083967; 
11, -339.924203185481; 
11, -348.19649054296315; 
10, -146.9060252100462; 
9, -198.0070788883604; 
10, -212.38476287410595; 
4, -392.9243719455553; 
3, -382.87875537364744; 
5, -376.32024260319304; 
9, -305.84344566147774; 
11, -300.7496955258539; 
3, -393.6255560251884; 
10, -318.36042385548353; 
9, -188.50873569911346; 
12, -313.8939366703853; 
10, -191.60405939246994; 
10, -378.95852420304436; 
10, -236.7212548473617; 
10, -158.6989760537399; 
10, -321.9539361242205; 
9, -279.8849027750548; 
10, -290.41120452433825; 
10, -353.8617893701885; 
4, -399.9130875149276; 
9, -315.70783813204616; 
10, -203.84961404034402; 
13, -400.0; 
4, -387.7288958514109; 
2, -390.0927708146628; 
3, -390.72074749087915; 
11, -305.85843797796406; 
10, -298.5587026984431; 
10, -313.8226342921844; 
7, -343.45900887961034; 
11, -334.1505929592531; 
10, -169.16359382425435; 
11, -289.2446969363373; 
9, -268.96365945448633; 
11, -371.15265740046743; 
13, -389.9411063110456; 
9, -228.15188619098626; 
11, -347.7916224740911; 
13, -366.7437859097263; 
9, -208.77997680718545; 
10, -308.640160179697; 
7, -350.69377848890144; 
3, -383.3318711343454; 
10, -341.2285066136392; 
10, -311.0445427899249; 
7, -313.16147593571804; 
