7, -368.0; 
1, -382.25951059716436; 
1, -388.5649189177291; 
1, -389.51723169614; 
1, -385.0264466641638; 
2, -377.07609932906007; 
2, -383.22986301064975; 
1, -377.0495243895921; 
1, -382.13150973759866; 
1, -395.2666515916121; 
9, -374.4517801426473; 
2, -375.47888148865513; 
1, -384.2238979822405; 
2, -376.0623563785375; 
2, -377.3344300594308; 
1, -390.2230812945527; 
2, -381.73688555094213; 
1, -377.4541907016255; 
3, -377.4290689285517; 
2, -374.495208610655; 
3, -369.33165781897605; 
1, -392.71344257873534; 
1, -375.5807316470691; 
1, -380.9682765348043; 
2, -371.29585318793033; 
2, -386.6427526560801; 
1, -367.7281215664807; 
3, -366.44247127154813; 
4, -359.78111520637503; 
4, -372.96120906429496; 
2, -374.83268103229966; 
1, -369.23677417417457; 
1, -381.35716919178594; 
2, -365.47513777299355; 
2, -377.26548867131714; 
1, -365.8798271663163; 
2, -391.68898671604256; 
2, -381.76003911721455; 
1, -385.4761968545845; 
1, -378.85178515362713; 
2, -389.655443931073; 
1, -378.25768919138864; 
2, -373.1658629693957; 
2, -372.56310330442284; 
3, -384.93840848649415; 
1, -374.7269433493493; 
4, -382.27779178003766; 
1, -383.4572757609785; 
3, -378.989789639043; 
4, -375.327079766892; 
1, -389.0189442772571; 
3, -371.8249799248588; 
10, -282.7114892900245; 
3, -387.3031106180133; 
1, -390.5382545548673; 
3, -392.2870119172985; 
1, -386.51212893001866; 
2, -381.2061168492619; 
1, -388.42873265546586; 
2, -390.3026179153967; 
2, -377.1584484291234; 
2, -388.87735772928136; 
3, -391.4970703407016; 
2, -374.48352588734633; 
3, -375.35088363897376; 
4, -375.15548693745586; 
11, -400.0; 
3, -384.2904849750812; 
1, -379.4237490951855; 
1, -377.0349405329871; 
1, -388.29187788684794; 
3, -362.4918194389211; 
8, -341.64649065941194; 
1, -386.6073275558556; 
2, -379.80696652127153; 
4, -366.70940376929866; 
10, -374.9248125036065; 
3, -388.4443093220616; 
4, -389.4553482219708; 
4, -364.94998031586147; 
4, -371.0422973931709; 
3, -378.49662503597574; 
2, -374.25428576950435; 
9, -363.11908568215586; 
4, -377.3510575440305; 
4, -369.74573886810686; 
2, -392.04323884400947; 
4, -388.75509094395966; 
2, -385.89953363555105; 
2, -377.88132966952253; 
1, -396.06913226357574; 
3, -390.3510083318761; 
2, -381.6185901174831; 
2, -370.5794004841737; 
1, -379.82876169867814; 
1, -376.84411004676804; 
3, -378.34221976830304; 
3, -385.39017213730403; 
2, -382.4091282196023; 
1, -379.61744654975337; 
1, -381.6106255233899; 
2, -377.0033490210262; 
9, -362.94551608740585; 
1, -381.15797103126533; 
2, -383.05102138680377; 
2, -381.60157833829726; 
1, -387.97014166842564; 
3, -384.4034465145596; 
8, -380.52753077525267; 
10, -377.0678304329049; 
9, -354.89522006423067; 
2, -387.6360479629657; 
2, -389.9750184309014; 
3, -387.26425671477773; 
2, -385.50902711316303; 
2, -382.4229776847569; 
3, -377.867628405038; 
2, -374.5984112131555; 
2, -382.9088726310147; 
3, -381.2263744246957; 
3, -374.667159750039; 
4, -374.69937155239313; 
3, -386.2220989171983; 
3, -363.8845826515462; 
2, -383.6917817101421; 
3, -371.9414609400992; 
3, -376.8511896606942; 
3, -382.08640159855713; 
3, -376.0570994129084; 
3, -375.91757068131847; 
4, -369.93808660537616; 
3, -378.49006159450073; 
2, -374.66435736201674; 
3, -376.04594353151333; 
3, -386.41886551710195; 
2, -393.91268439132546; 
4, -380.9766278861716; 
4, -385.70116009147023; 
10, -391.509775004306; 
4, -375.60239650311996; 
2, -393.66075114373234; 
2, -380.9179369594567; 
3, -381.5521428027132; 
10, -329.97636903572857; 
2, -376.11683792322583; 
3, -385.75712086427666; 
5, -390.978857031987; 
2, -385.51023796293157; 
7, -343.460298383201; 
10, -314.49652491162124; 
4, -370.60474793213507; 
3, -385.7133084332818; 
5, -353.6411862795576; 
9, -360.26237481262797; 
8, -375.329776662933; 
4, -378.5806004869082; 
4, -388.6558642699529; 
1, -387.92973456873733; 
2, -387.83892630545597; 
3, -369.87542573587416; 
2, -380.79381115583965; 
2, -382.2408385564777; 
5, -379.06406885464094; 
9, -297.1519227062745; 
5, -368.20415080072416; 
2, -373.991582469469; 
1, -382.5260090986849; 
1, -383.0962992249915; 
1, -375.7162800395745; 
1, -384.5980682827212; 
3, -373.113006962878; 
4, -365.27087912637217; 
3, -368.82596879903576; 
4, -372.655743474068; 
3, -373.743545882171; 
3, -376.5628437686828; 
9, -374.0315703909873; 
9, -368.40224493382266; 
8, -296.54973519399937; 
9, -349.59276385568955; 
3, -377.71096043994476; 
3, -375.0152340493223; 
5, -380.19091879700136; 
5, -382.846791342512; 
8, -363.5620715304394; 
3, -375.07017429638654; 
6, -348.1326191891276; 
6, -351.1266593923792; 
6, -357.1020953223051; 
5, -362.0455980278057; 
5, -371.4659288677358; 
6, -344.6392587099108; 
7, -346.3237656336423; 
4, -376.879908744304; 
1, -387.234354149914; 
5, -376.64554746788053; 
3, -373.65300417538674; 
3, -378.932033079167; 
9, -381.5798345357034; 
9, -380.20576881751185; 
7, -345.4004139126919; 
6, -356.27702022709127; 
5, -367.0734979671688; 
5, -356.10806574071466; 
5, -364.22684057011793; 
9, -360.23046925816743; 
1, -383.62599835130095; 
1, -384.78362609010946; 
8, -364.98970800575626; 
5, -372.2469715159241; 
9, -357.01060579782643; 
6, -365.5845714311581; 
3, -392.0745765722386; 
6, -338.5800119775813; 
6, -339.9007301163365; 
5, -345.35525513724133; 
6, -335.87951774543035; 
7, -301.0511590758979; 
9, -265.51292819113587; 
8, -272.70516530158056; 
5, -352.6623575929116; 
6, -337.2663816104032; 
5, -343.5160523842642; 
5, -356.70922798186075; 
5, -342.95506295417727; 
8, -312.90752835759486; 
6, -337.03182967928296; 
6, -313.6012231480854; 
2, -399.8844088781916; 
10, -384.0540955205797; 
9, -365.92512756897486; 
9, -360.6936106231151; 
9, -356.2579064408492; 
8, -322.2931545163883; 
9, -339.032514247825; 
9, -330.51883141943836; 
8, -328.48257662696415; 
8, -311.8863646118407; 
9, -333.3863156395819; 
7, -327.4980452367163; 
9, -327.8795459903049; 
8, -295.9254638155253; 
9, -344.87296241990407; 
3, -386.0774283879873; 
3, -391.75313949221163; 
4, -384.31876804884814; 
3, -399.7299139544775; 
3, -391.96233196331013; 
4, -381.0008076125523; 
3, -393.84571112616686; 
2, -390.03540771295957; 
4, -388.313547639249; 
3, -386.110194105815; 
5, -383.02457092449185; 
2, -385.69367506455455; 
4, -384.8020576650888; 
2, -383.0056335219124; 
3, -393.4513032891409; 
2, -391.7353212356393; 
3, -396.29304384754505; 
1, -385.77995559836563; 
5, -389.2057278112916; 
3, -381.37432243823423; 
3, -388.4089255976578; 
3, -378.4304169742827; 
3, -378.3420427421952; 
5, -378.097225366364; 
2, -380.925112321027; 
4, -384.5368762600119; 
2, -391.4365434379433; 
4, -389.82070737074537; 
5, -367.04365157932625; 
3, -378.7542618477746; 
1, -383.44937336716976; 
10, -376.4553496872686; 
6, -375.6780725488352; 
4, -382.0676641946484; 
4, -377.78966773938737; 
3, -384.7341996049945; 
1, -386.69101876791683; 
2, -381.04906554412446; 
1, -377.0711297484668; 
1, -387.83356835307495; 
4, -392.31683879255434; 
4, -374.0519296259881; 
4, -376.38825186707254; 
4, -380.2705238216731; 
2, -382.4826911019336; 
2, -390.56949354584503; 
2, -382.2251630923274; 
2, -384.76854512099817; 
2, -382.5931634451408; 
1, -384.06991558961454; 
1, -384.52959020782146; 
2, -380.51316106750164; 
1, -382.0318371734611; 
4, -379.7239853585925; 
1, -386.523487499624; 
4, -375.19177627058525; 
4, -377.29487626189075; 
2, -382.0743167405162; 
2, -385.4981035248493; 
2, -389.63539362202573; 
2, -383.3833173195453; 
2, -382.58883547478763; 
4, -384.7261790677876; 
2, -380.9070507255674; 
2, -390.4469002889382; 
2, -392.42800169912516; 
4, -373.3693772990373; 
2, -392.58271278627217; 
3, -379.1250080600439; 
4, -373.81102080522396; 
5, -368.47045369465195; 
6, -355.3958827216993; 
4, -382.7860364491353; 
2, -382.2450671734696; 
5, -374.6020385547745; 
10, -336.11545126419514; 
7, -341.8235597069288; 
3, -384.78221005962405; 
4, -375.17938031820813; 
5, -374.7496230506804; 
3, -378.70200913457666; 
3, -383.82438118926075; 
2, -380.443723746459; 
4, -385.99509527054033; 
4, -378.96552372731094; 
2, -376.623291100972; 
2, -383.68534928596637; 
1, -382.36887785737053; 
4, -375.36892502277624; 
2, -380.403015015705; 
4, -377.49157639020996; 
2, -380.26275231035834; 
2, -380.55615151755046; 
5, -382.15673518786207; 
4, -362.057672741852; 
2, -388.70545045087056; 
2, -376.6811553088337; 
4, -378.6580114682438; 
2, -380.8900723569823; 
2, -376.7367449803278; 
1, -384.26369142672047; 
4, -368.5964798820496; 
2, -377.82669880471076; 
5, -374.5865719737194; 
2, -386.77973899422796; 
5, -385.2061024214199; 
1, -378.1046520474483; 
4, -377.7726748068526; 
2, -381.3623772179999; 
1, -394.7860031616874; 
1, -383.61349175911164; 
4, -380.37207009707345; 
5, -382.3038393385068; 
3, -366.45407739726943; 
2, -383.2127533660969; 
2, -384.0879239079077; 
3, -377.36985717870994; 
3, -374.66815985608264; 
3, -376.2124435743899; 
11, -400.0; 
11, -400.0; 
13, -400.0; 
11, -398.50977500434965; 
3, -399.0763215919724; 
12, -400.0; 
2, -386.8751157342922; 
11, -400.0; 
3, -373.7821492446237; 
5, -375.77898275572807; 
11, -366.35777191090165; 
1, -388.82690695577185; 
3, -376.81751110428013; 
4, -388.20754330034833; 
2, -386.9325105539756; 
2, -387.5856261924491; 
2, -387.61003571213223; 
1, -385.64569209615; 
2, -373.2082499314274; 
4, -373.9266090960882; 
2, -377.1860478599847; 
6, -381.79459592461353; 
3, -380.65264625890995; 
2, -390.3755380549119; 
2, -387.4853547497769; 
2, -388.2138708146522; 
1, -381.21047482060385; 
1, -388.0932195157802; 
1, -380.7594918840623; 
4, -387.4702982875169; 
1, -378.7668911028595; 
2, -390.39135842822725; 
2, -382.8006061477645; 
4, -380.5276922894991; 
4, -385.5294871907681; 
4, -382.45586165157147; 
5, -374.8587565125199; 
1, -377.2294040134584; 
2, -374.05302482959814; 
2, -374.9110108265013; 
4, -376.09648997706245; 
5, -371.409149771207; 
2, -374.142577905528; 
3, -365.5240323996113; 
3, -375.076391714334; 
3, -376.6134282499261; 
1, -373.4380067991442; 
5, -362.3679957459681; 
1, -378.1064310174261; 
2, -377.5627647433139; 
4, -378.12994301880826; 
1, -379.3986256758799; 
3, -373.2939208934549; 
4, -380.9626316803042; 
5, -372.05724103638204; 
3, -382.6179923446616; 
2, -378.30741080775624; 
10, -375.2810006591608; 
9, -329.110464209778; 
4, -376.49049251151155; 
2, -378.5412926329009; 
1, -375.50277303680195; 
2, -380.28609864463215; 
9, -358.8210819720116; 
9, -335.0415925475827; 
1, -378.5918455175124; 
2, -382.99276331515284; 
1, -386.78847073958605; 
1, -386.83176330960123; 
1, -381.25553650790243; 
2, -388.7456495076476; 
5, -371.40967013526824; 
3, -377.4450611488428; 
5, -370.38236275681993; 
4, -376.19194447950576; 
2, -387.6509312778362; 
2, -375.77627928732545; 
1, -378.44162019359646; 
1, -386.8949390643684; 
1, -394.09989745085477; 
5, -371.2138080796285; 
3, -377.8592218114063; 
5, -373.24608026462374; 
4, -381.86186901145265; 
4, -379.192433236778; 
2, -378.65951338238665; 
8, -335.3772183791443; 
8, -279.3157252675155; 
1, -383.4446323638549; 
1, -395.09111740387743; 
2, -376.8197534038627; 
10, -361.2984508960508; 
4, -372.9464337696845; 
1, -388.33457559975795; 
5, -371.50108821335016; 
5, -377.1360281086527; 
4, -389.6096778739593; 
9, -313.22408364200965; 
5, -378.39090907911304; 
1, -379.87594110288774; 
2, -374.6864027235424; 
1, -379.8061639337393; 
1, -377.9145552337868; 
3, -377.6907298879232; 
2, -374.2306014690839; 
3, -376.70613496750593; 
2, -376.35312330085435; 
5, -379.2737685566244; 
4, -369.7355507708853; 
9, -295.48846056181355; 
10, -360.2742580990307; 
2, -381.52203938012826; 
1, -384.08561853921856; 
3, -372.00465736197657; 
3, -366.59356640360784; 
2, -391.17314392191474; 
1, -380.1668934041518; 
2, -386.4393129865348; 
9, -376.6680831638514; 
10, -372.5534426421509; 
1, -388.94677689063246; 
4, -373.64528335872456; 
9, -357.59501148952404; 
9, -277.0515291187039; 
9, -305.4054227481247; 
9, -275.12208213980193; 
9, -342.93989290035097; 
3, -376.3738732126949; 
1, -383.7107616472349; 
4, -377.72162464944995; 
1, -389.41358598691295; 
2, -383.8957616847765; 
4, -371.33219879766693; 
8, -366.30689346650615; 
3, -387.90239669094444; 
6, -373.4708097766561; 
8, -364.1992093177105; 
1, -385.80356539654895; 
2, -380.9989484170219; 
5, -374.7221247986017; 
10, -371.1949968338886; 
4, -381.9228616289911; 
1, -378.28807108377805; 
1, -381.17980937377433; 
1, -381.61090892524226; 
2, -378.0785119267821; 
2, -382.03743675581063; 
2, -392.55714480165625; 
3, -376.83651744326926; 
3, -385.8955269685539; 
4, -390.8248699622927; 
3, -378.50530997349415; 
9, -293.2204930058215; 
4, -371.5958139221184; 
2, -383.9251914199849; 
3, -385.84765240579145; 
5, -367.7894769097329; 
1, -377.71413613815093; 
2, -378.2266711797565; 
3, -386.03309592671576; 
2, -397.1955281936971; 
1, -399.2614260627015; 
9, -255.9805635471712; 
11, -362.09965091291815; 
11, -398.7548875021748; 
5, -377.5537172223558; 
11, -399.33985000289977; 
12, -398.1699250014499; 
3, -397.8291048594401; 
9, -399.0211781093967; 
12, -400.0; 
12, -400.0; 
10, -399.0947375050746; 
10, -381.9248125036247; 
12, -400.0; 
10, -370.7728094101767; 
12, -400.0; 
10, -398.6976219138014; 
12, -400.0; 
3, -395.50556250149384; 
2, -387.3801338057965; 
4, -383.7540132055292; 
2, -376.9096744580311; 
5, -392.65066307756933; 
3, -382.383054860984; 
5, -387.03533100610366; 
3, -383.1330779035052; 
4, -376.62452308274806; 
4, -376.6834594711545; 
3, -379.7757741874084; 
2, -379.3060905341408; 
3, -376.19444547157036; 
4, -378.96668256426346; 
2, -383.70763897543657; 
3, -383.542019361601; 
3, -379.24192605607095; 
2, -385.6301571644726; 
3, -385.63852303268504; 
6, -384.504158974014; 
2, -381.4308568603592; 
1, -386.2719935859204; 
5, -380.3652001497103; 
3, -379.1058745589107; 
2, -384.56171363953035; 
1, -386.4622679541353; 
4, -360.83442872352316; 
4, -383.5789812101575; 
1, -380.60322346768226; 
6, -386.52141635806765; 
1, -386.6972890676989; 
2, -377.61254042654764; 
5, -369.8310634071822; 
2, -376.4121829554206; 
3, -374.5903461520793; 
2, -375.1258293807332; 
3, -375.1321947457618; 
2, -380.4317198235367; 
9, -256.1528173701081; 
6, -369.6357571645058; 
2, -384.9520980604284; 
2, -380.4982831144007; 
4, -384.6789552652335; 
5, -389.12751622725045; 
2, -381.14671041225665; 
1, -391.42103733762633; 
5, -374.309366894915; 
5, -381.6933671339648; 
2, -377.9941969602951; 
2, -377.51565041785943; 
1, -378.87743872308056; 
1, -379.98916480640764; 
4, -372.06847783044213; 
2, -378.1070972456655; 
8, -310.63120667936164; 
11, -364.68983926976216; 
4, -382.7333779166511; 
1, -381.6806235832919; 
5, -366.92730684106937; 
1, -385.6192325357697; 
1, -380.95257953897817; 
3, -378.28381414571777; 
9, -352.9273148114153; 
11, -365.5189564701868; 
3, -377.83769677748205; 
3, -375.2913492625812; 
4, -381.0682220343442; 
3, -392.0661813869956; 
6, -379.595484995516; 
3, -394.40693072913564; 
4, -377.97571283226716; 
4, -383.3610602255794; 
3, -382.730896478839; 
2, -377.69841987395193; 
3, -375.70968455672846; 
2, -374.40786186701735; 
9, -256.8649569871777; 
11, -337.6482559895667; 
4, -378.3627995388233; 
4, -378.1304204782937; 
1, -383.61653375666356; 
4, -368.54927972264704; 
3, -382.6864001066715; 
2, -384.38989437240525; 
1, -391.4442442288855; 
3, -381.3377925706445; 
1, -382.2368406771857; 
1, -376.5733874840662; 
1, -380.7395442619454; 
1, -379.63288501329953; 
1, -382.02177701418987; 
3, -369.312137717061; 
5, -373.0337339283724; 
4, -387.4367576035729; 
10, -334.7607649952988; 
6, -365.9179986034287; 
4, -381.2869522868423; 
5, -363.8553684226936; 
6, -366.4941027261666; 
9, -341.2009533207456; 
6, -371.3389019970782; 
6, -355.6207881073351; 
4, -367.44149006006774; 
5, -369.004519326234; 
4, -362.5693970650318; 
1, -390.04539896175265; 
5, -381.07111374277156; 
5, -360.42906791411224; 
4, -374.0654097345541; 
5, -371.62148079037433; 
2, -379.8278264980763; 
2, -371.73252887427225; 
4, -378.59806731308345; 
1, -379.0959142987558; 
1, -385.01218155256356; 
4, -376.599211175082; 
4, -371.9802158038947; 
5, -367.3911239489098; 
4, -373.727189425932; 
2, -375.77110866771545; 
1, -388.34913481399417; 
2, -382.42573328636354; 
1, -389.0186271399725; 
4, -384.20375905703986; 
3, -383.0911556665378; 
1, -384.33985099216807; 
10, -384.1559755319031; 
5, -384.97282651183195; 
9, -351.12639349506935; 
9, -337.0052404924645; 
9, -338.8770008641295; 
10, -340.5163726043538; 
7, -360.8422410976491; 
9, -304.9784147940227; 
6, -351.04828008578625; 
9, -276.7865107557154; 
8, -359.8443732759333; 
3, -383.1024766925839; 
5, -383.8691381610697; 
1, -384.9762551646563; 
3, -376.4857308404753; 
3, -382.64550632963073; 
4, -366.6119259383995; 
9, -304.91237823141273; 
10, -358.85237693291856; 
2, -381.8783683795482; 
2, -379.9473956877482; 
2, -370.96079250751063; 
2, -378.9902050976525; 
2, -376.950982769893; 
1, -378.30146324820817; 
5, -376.2428142792778; 
1, -384.1739972993382; 
2, -381.5310841454193; 
5, -382.3147080245544; 
5, -380.9306514333002; 
1, -383.86395915504545; 
4, -374.7403479371569; 
2, -373.86363762500696; 
1, -386.93286846688716; 
3, -379.6007925529848; 
5, -373.1021446608938; 
3, -370.2251255476149; 
4, -377.9414302860969; 
1, -383.2952022533864; 
2, -375.52429798367666; 
2, -378.8098309331108; 
3, -372.47235932631884; 
4, -366.6250677126809; 
1, -383.11113759852014; 
10, -363.64175462251296; 
10, -317.0306899943389; 
5, -378.1266059408663; 
13, -400.0; 
13, -400.0; 
10, -395.7728094101767; 
4, -394.49787896394264; 
4, -386.7530791129102; 
3, -391.33103796455543; 
5, -381.14597428566776; 
5, -379.20344793930417; 
5, -392.08579209272284; 
2, -383.1773767170962; 
4, -378.6015781023307; 
6, -384.18652619834756; 
4, -388.44521412911126; 
3, -373.9929853407084; 
5, -385.1160579987336; 
3, -389.6875010613003; 
4, -382.775588865974; 
3, -377.48105151206255; 
4, -380.5917638708488; 
3, -388.49627323349705; 
4, -380.69269504217664; 
5, -358.1496880550403; 
3, -384.8553041519481; 
3, -381.35472949576797; 
1, -392.90156417083926; 
3, -373.29892458213726; 
5, -364.30259643145837; 
5, -358.5268934126361; 
4, -380.2617299128906; 
2, -382.31676019361475; 
12, -370.22246401547454; 
10, -357.2940893152845; 
4, -364.5916143913637; 
6, -375.4609412207501; 
3, -375.1584476749995; 
4, -380.2325332990731; 
3, -381.01188074820675; 
4, -397.0321105088806; 
4, -399.8162498163292; 
12, -399.41503749927506; 
4, -399.2466300253873; 
11, -399.0947375050746; 
12, -391.7548875021748; 
11, -393.8659188145539; 
10, -392.60451250942424; 
11, -392.8659188145539; 
4, -396.0141893629916; 
9, -390.77744144177996; 
3, -386.7075959154172; 
4, -382.0292100671213; 
6, -366.30635966238333; 
5, -383.26910374796716; 
3, -386.2006945327739; 
1, -385.0268714861013; 
2, -381.33838140725857; 
2, -380.3900040636072; 
4, -376.56094048760133; 
2, -381.5933058898663; 
4, -388.29431270377245; 
2, -382.42037681897637; 
4, -377.67293811944546; 
4, -379.52358811243903; 
3, -376.500638469588; 
4, -381.24868442787556; 
5, -372.86915792373475; 
6, -354.9708186654607; 
6, -361.22453829459846; 
5, -374.9456159103429; 
3, -375.3493705212022; 
11, -375.73271638399456; 
8, -302.64188225980615; 
3, -379.13366016041255; 
4, -362.94745910330676; 
3, -382.4576846517739; 
2, -385.7677017756505; 
1, -383.07260519632837; 
3, -380.90040348714683; 
1, -382.0549296087702; 
4, -368.03672037273645; 
4, -387.37314015539596; 
3, -382.01614022476133; 
5, -370.9608218713547; 
10, -350.09211980877444; 
1, -383.97484426555457; 
2, -379.5325284212595; 
3, -381.4522407700424; 
1, -378.1272782505257; 
4, -373.9869349016226; 
4, -384.67488318815595; 
4, -376.729600311548; 
6, -386.399803656328; 
10, -376.53001240454614; 
2, -367.97763320838567; 
2, -385.00176104321145; 
4, -381.36638861277606; 
4, -382.0423736498924; 
3, -379.8624066119082; 
4, -372.5906206042273; 
5, -386.18786190461833; 
3, -373.9070754927234; 
12, -250.35614381020423; 
12, -145.1295743418159; 
10, -246.7695133802481; 
11, -313.34607282996876; 
11, -341.21687946800375; 
2, -380.7985123731778; 
4, -390.0379896592349; 
2, -381.8819959544344; 
1, -380.63527958863415; 
1, -385.6979610705748; 
1, -390.4721453751554; 
4, -380.3049930820125; 
4, -386.4003156856634; 
4, -383.5644503121148; 
4, -383.4792436650605; 
4, -380.7592704172712; 
2, -384.61215310689295; 
2, -377.8587283314555; 
2, -386.5939104107674; 
3, -399.89079634827795; 
10, -399.85125310794683; 
5, -389.43095243372954; 
10, -394.6976219138014; 
10, -396.55367319023935; 
10, -394.13058132107835; 
10, -389.4410137771629; 
4, -392.3422261305386; 
12, -398.58496250072494; 
9, -381.35912881046534; 
11, -373.9847522263299; 
5, -387.1711320487666; 
6, -375.1814354576054; 
5, -365.8194296620786; 
1, -374.3726661399123; 
5, -373.09930472722044; 
3, -373.13431416498497; 
5, -367.02932347898604; 
3, -375.8861763837049; 
5, -383.6952888793312; 
2, -375.29472253558924; 
5, -371.1153705244651; 
2, -379.3506792145199; 
5, -374.23761654348345; 
7, -382.70198695291765; 
3, -378.60119869565824; 
3, -373.9166200813488; 
3, -377.83247049181955; 
4, -373.0425441355328; 
3, -381.0474182132166; 
4, -375.17829207045725; 
3, -366.6270187685732; 
4, -378.191892172792; 
4, -376.2293128663441; 
1, -379.7796258108574; 
2, -385.45548582763877; 
2, -382.4684279606445; 
3, -380.95951158425305; 
3, -381.9087603336666; 
10, -340.07381979125785; 
9, -302.56774107622914; 
4, -367.7525638238876; 
2, -378.5149219890591; 
3, -379.7292671886971; 
1, -375.3448245038744; 
3, -378.0653164674295; 
1, -384.6120283600176; 
11, -371.4688032232807; 
2, -387.65607738285325; 
4, -377.996411998698; 
4, -369.762825628859; 
4, -371.7263231090619; 
1, -386.66558212268865; 
2, -379.76141003653174; 
4, -389.9219910737593; 
3, -393.7334950095392; 
13, -400.0; 
10, -345.3510744405794; 
10, -279.9206565428758; 
10, -331.1947010284639; 
13, -400.0; 
4, -391.33698359987466; 
13, -400.0; 
2, -383.5722197047435; 
4, -384.82403817860177; 
10, -349.6901780284825; 
10, -326.2295700654504; 
4, -389.57301357900724; 
6, -371.842780885112; 
11, -383.73663579759886; 
3, -389.58591266482836; 
2, -378.6964805406751; 
3, -380.5613742103451; 
3, -374.4087720332318; 
2, -377.80244334001327; 
6, -371.3331390049425; 
5, -372.4501024593483; 
6, -380.3792164713959; 
10, -322.5117725082673; 
8, -272.3108125277213; 
1, -384.3657459876267; 
3, -386.5203962342348; 
3, -372.9647870314657; 
3, -369.52521147730295; 
4, -373.6106076176511; 
5, -374.180878666637; 
3, -382.26591013913276; 
4, -374.24593348952476; 
4, -377.0195741378702; 
10, -353.126830162073; 
4, -379.9558836944634; 
4, -371.12354140833486; 
3, -373.2641067452496; 
4, -365.3104442243348; 
2, -383.11187829618575; 
4, -370.55940679635387; 
3, -369.9730428304756; 
7, -351.9632855699747; 
9, -305.1291353944107; 
7, -354.8413178799092; 
5, -379.64832289901096; 
2, -380.9546595751308; 
4, -379.3169012539438; 
4, -371.21849968179595; 
3, -374.57789132831385; 
3, -376.31870562926633; 
2, -373.49984003865393; 
5, -377.4706617560005; 
1, -384.8012130225543; 
2, -381.9946625151206; 
3, -377.4252833526698; 
5, -370.5699454189744; 
4, -383.2374580677133; 
4, -388.5337654417963; 
2, -388.30000519624446; 
11, -377.2988782218308; 
11, -384.8496250072494; 
11, -383.0947375050746; 
11, -371.1894750101492; 
11, -373.2153065589955; 
10, -371.60451250942424; 
10, -356.23306480731117; 
10, -336.9670341684832; 
10, -337.7233371656621; 
11, -310.24337738135364; 
9, -334.56772486289265; 
9, -307.25260373129277; 
10, -330.3366233027191; 
10, -282.3010371081182; 
9, -363.49569174676435; 
10, -363.6377974304487; 
11, -357.3816455624765; 
10, -292.126688142831; 
10, -274.7678647105349; 
10, -316.53066012082854; 
10, -224.1581146105891; 
10, -238.89818718965398; 
10, -173.25076129857916; 
11, -169.57323974114843; 
11, -190.17192117410013; 
11, -180.06364531937288; 
11, -171.3198578125448; 
11, -194.66749239416094; 
12, -168.65327073412482; 
10, -176.59136573277647; 
10, -147.54935669567203; 
13, -124.48046856565634; 
10, -145.93352901295293; 
10, -155.11374387476826; 
12, -116.60917110124137; 
10, -158.83239769359352; 
9, -215.03462711826432; 
10, -170.11400867276825; 
10, -209.9434845953947; 
9, -331.21555304474896; 
11, -270.18273374653654; 
10, -263.6083121583215; 
10, -199.90082978265127; 
11, -195.33629017649218; 
10, -207.55253884155536; 
10, -234.93838777660858; 
9, -323.45737304980867; 
10, -366.22104736662004; 
9, -305.8680951373535; 
11, -299.78606712498004; 
2, -377.5792879726505; 
11, -386.52769691235153; 
2, -380.4977021346567; 
1, -376.2563939904212; 
3, -375.7800260645454; 
4, -376.05558815947734; 
5, -387.51718221988995; 
3, -388.5571747755166; 
4, -373.7954335347167; 
5, -366.5124773172429; 
6, -340.14522809919436; 
5, -370.48626266483916; 
2, -381.2540104543441; 
1, -381.7029912613798; 
2, -381.56122039764887; 
2, -393.06121379643446; 
3, -377.4575491999276; 
2, -389.34482865338214; 
2, -378.619241186243; 
5, -373.42252135061426; 
5, -391.9796375889564; 
4, -375.66923171881353; 
1, -389.88814470131183; 
2, -383.6600728430785; 
3, -391.6172313232091; 
5, -376.7312456695363; 
3, -383.57493003760464; 
1, -388.00292725028703; 
2, -377.8043869640096; 
4, -380.8771321782842; 
5, -373.7590816433076; 
5, -399.204049151449; 
4, -394.50965748081217; 
14, -400.0; 
13, -400.0; 
3, -398.99762971972814; 
10, -398.5130312057445; 
4, -379.930819029978; 
5, -373.65463945793454; 
6, -365.84870700282045; 
2, -388.74062332866015; 
4, -377.5138687543804; 
4, -379.9424588269321; 
4, -375.11349021829665; 
1, -385.3140967877698; 
6, -356.63265475805383; 
3, -381.7528904963983; 
4, -380.5488983403193; 
1, -398.3156957498286; 
3, -375.3180124339997; 
6, -374.7457669939031; 
1, -385.515999549767; 
5, -377.54958480846835; 
11, -376.43458750797436; 
2, -380.6347772150766; 
1, -371.46840889111627; 
3, -382.74914429552155; 
2, -377.41384050570196; 
5, -375.7240098902839; 
5, -389.04219197196653; 
1, -388.51555917965015; 
4, -364.0269926581532; 
6, -372.85656533541624; 
3, -374.2303886189475; 
1, -382.25975658686366; 
6, -378.9409510344849; 
10, -310.5642337500467; 
2, -377.10701730527217; 
4, -375.2231844641501; 
4, -372.06365902372636; 
1, -390.64417772978777; 
2, -378.42646373651223; 
2, -384.2213903895463; 
4, -377.31045694323257; 
3, -388.7406226582825; 
11, -361.05785410443787; 
10, -278.90789655270055; 
5, -375.13101323571755; 
2, -379.57506823702715; 
5, -379.1169530582265; 
4, -380.3162457043072; 
6, -367.7934439073433; 
2, -384.0105082219234; 
5, -374.3094448641059; 
4, -377.3782102665282; 
3, -383.72368337924127; 
6, -372.5608745353529; 
3, -386.34340163867455; 
2, -370.11098021117505; 
2, -378.93376412277576; 
1, -387.2657610668102; 
2, -370.4397117593908; 
3, -378.3468820730923; 
2, -380.9528117488371; 
6, -378.0802431521006; 
3, -385.68107541801874; 
5, -362.33482264593476; 
1, -376.8961700411164; 
5, -384.25950815319084; 
5, -379.0066514654318; 
3, -383.4024438318447; 
3, -371.5826245924691; 
8, -280.5812217720086; 
10, -306.23626494250493; 
6, -368.2941029428039; 
4, -371.39938006567536; 
4, -372.8867990830913; 
7, -339.66682241280796; 
10, -291.1905950862565; 
4, -378.94420221232576; 
4, -382.63915668509435; 
3, -381.7768259430304; 
1, -382.6779140115832; 
2, -387.0846509576659; 
5, -376.939501170069; 
2, -387.6710772581282; 
3, -388.7286473858403; 
3, -376.8615226909169; 
2, -376.9418320734985; 
2, -383.40519822645; 
2, -378.45509034453426; 
4, -378.91556834819494; 
1, -385.7162898016977; 
1, -381.7752689429908; 
3, -378.73796162800863; 
5, -369.7417926939088; 
3, -381.887638026732; 
3, -376.9561068441253; 
2, -382.7439500359469; 
12, -393.1699250014499; 
4, -375.91491248545935; 
2, -379.4700629329309; 
5, -377.4288514277432; 
1, -382.3023668254609; 
1, -384.60436749400105; 
1, -389.59920233517187; 
3, -386.093962652958; 
2, -393.7282301702653; 
1, -388.10789352399297; 
4, -383.595628634037; 
1, -384.7511188657372; 
1, -381.48519071761984; 
1, -383.50512934091967; 
3, -384.37887838401366; 
3, -391.49852806009585; 
4, -375.2583040371537; 
1, -380.9457033695653; 
3, -387.7503551162081; 
2, -373.0486563727027; 
1, -383.4303582084831; 
5, -379.47541790880496; 
3, -377.30061785975704; 
5, -380.5393506824039; 
4, -381.4963290807791; 
4, -366.6699449608568; 
2, -379.1859868034953; 
4, -376.9305985039682; 
9, -312.969125540345; 
9, -360.14553188503487; 
6, -381.02930661378196; 
3, -380.07388695300324; 
1, -380.6927068924415; 
1, -383.80981933680596; 
2, -374.13166307267966; 
4, -379.099327097123; 
2, -369.80371803208254; 
14, -400.0; 
4, -385.33621779753594; 
2, -390.0612615326536; 
1, -383.9526430692058; 
2, -381.7578719415469; 
4, -375.9318708226201; 
6, -377.08508041588357; 
4, -377.68026245734654; 
4, -391.5949174492853; 
2, -383.02294230577536; 
4, -376.9104873839533; 
5, -374.3113290464389; 
5, -373.8948781444924; 
4, -375.7859469576506; 
2, -380.7783381905174; 
10, -377.71995559951756; 
9, -295.31280025071464; 
5, -378.9027538810624; 
10, -268.6330053090933; 
10, -323.4271297787782; 
3, -376.3578931558295; 
6, -352.5515175666078; 
10, -240.15062228462193; 
10, -349.5761243762681; 
3, -381.71840846864507; 
3, -376.55133431433933; 
13, -400.0; 
11, -328.0261424147757; 
12, -218.18662612512708; 
4, -393.86664878949523; 
4, -387.8702074237517; 
10, -380.5391925511649; 
10, -318.9599182907841; 
13, -329.5926556607592; 
3, -385.2757206353126; 
10, -367.85545027873013; 
4, -382.4985253722989; 
3, -379.41423212439986; 
3, -377.4592348522274; 
4, -369.6712946022162; 
5, -393.62540747516323; 
3, -383.5355555837741; 
4, -382.4769666971406; 
5, -383.5008771442808; 
5, -384.0764990914031; 
3, -383.2711791031179; 
10, -340.1403941435274; 
11, -354.6824038941413; 
3, -380.48537945275893; 
6, -368.8522763038054; 
3, -373.74281137780054; 
3, -391.7667085331632; 
2, -387.1282125082216; 
4, -378.28497338393936; 
1, -388.85877075750614; 
3, -387.7388648947817; 
5, -372.2483007943956; 
5, -377.7034989326494; 
1, -385.2456219192245; 
5, -374.6382837097044; 
3, -380.36517940077465; 
4, -383.97550959850196; 
4, -378.69568504119525; 
4, -386.6683630865882; 
5, -372.33092386770295; 
1, -373.4616725174128; 
2, -394.0925788091263; 
11, -378.2419424300315; 
2, -376.0408146037953; 
2, -386.9622114460799; 
4, -383.1251335046254; 
12, -398.0947375050746; 
13, -400.0; 
10, -365.4211339718895; 
10, -299.46363701298833; 
2, -391.8589298959123; 
2, -380.512840432697; 
5, -385.673041536822; 
3, -377.87632071913686; 
5, -386.03449900099076; 
2, -388.6979155167937; 
4, -382.6244324701838; 
2, -381.087477791938; 
2, -380.58272067975486; 
6, -376.7877836365369; 
3, -379.92578259145375; 
3, -380.94334987702314; 
10, -374.82921871053986; 
2, -385.5852607205161; 
11, -358.4942904651398; 
1, -382.80216377269244; 
6, -375.36097099777544; 
10, -380.00129830412334; 
5, -372.47270840907004; 
1, -383.60591690125875; 
2, -382.14233809447614; 
2, -379.1147152840276; 
4, -368.31098861742066; 
8, -350.99475516576786; 
7, -351.1812398483162; 
5, -380.9155754658277; 
11, -397.15899506991263; 
9, -345.99714306765236; 
7, -344.06030650192406; 
5, -372.8444458876038; 
4, -385.05365538137266; 
3, -385.10484621697105; 
4, -372.91410109074786; 
12, -380.67970000579953; 
4, -371.89266871794825; 
1, -377.8835746398545; 
2, -378.34755254583433; 
1, -376.2391008968698; 
2, -372.1003040835494; 
3, -364.18261883436935; 
3, -383.4308122777147; 
5, -380.2623256490915; 
13, -400.0; 
5, -373.7094710759702; 
6, -378.6552887522266; 
4, -379.5900930764619; 
2, -378.68827121524373; 
4, -383.63537161250133; 
10, -307.5568373807473; 
9, -321.587002129585; 
4, -375.3458385831327; 
6, -384.41270901373355; 
4, -376.1266606699792; 
3, -379.21720878756605; 
2, -382.1421382523258; 
2, -381.43862089607865; 
9, -281.3378233151161; 
11, -383.1487227739417; 
5, -373.165178671421; 
1, -393.01213713764446; 
3, -384.3444850774249; 
2, -379.056519739388; 
2, -377.38931587996194; 
2, -386.213888676255; 
2, -376.0856806646334; 
1, -379.7874910919927; 
5, -379.0745508502587; 
4, -385.2989794299938; 
3, -385.0133478004136; 
1, -394.12347686395515; 
2, -394.8823727374547; 
12, -390.0179219080019; 
2, -386.19347041705623; 
10, -354.81810235691955; 
11, -342.0947375050746; 
11, -323.48577909060987; 
12, -358.33985000289977; 
12, -335.847996906552; 
12, -268.4762383385096; 
12, -326.383603459748; 
1, -380.8999309905339; 
8, -376.11409396189265; 
12, -376.53892135003116; 
7, -379.0960153960623; 
11, -353.44238085183315; 
4, -380.62912686466007; 
2, -371.2614898707252; 
4, -377.09427043935284; 
2, -376.17119756841566; 
3, -367.12515826214803; 
4, -376.63497878960334; 
2, -379.6047781172674; 
4, -370.9264410631149; 
2, -380.41788362991065; 
5, -387.08842765149893; 
2, -376.0240530480514; 
7, -360.76852672023233; 
5, -370.8448605129961; 
4, -382.246894929267; 
2, -380.10484532354167; 
4, -369.25239740288816; 
5, -349.90688346896786; 
3, -381.4603997275699; 
6, -381.9112364194589; 
1, -382.318020116305; 
5, -370.07493710226845; 
5, -384.96425852685934; 
1, -385.2025819300907; 
1, -390.903223250818; 
13, -387.58496250072494; 
2, -382.99163526436314; 
5, -368.7956783134723; 
2, -375.6548553367029; 
4, -380.7323517277255; 
3, -372.5469414952677; 
12, -372.14524702797644; 
11, -354.9252386086155; 
10, -360.3686665521236; 
1, -385.637211530935; 
1, -372.39008092088625; 
6, -360.9981601367472; 
2, -376.81242319376906; 
11, -366.9129870682955; 
10, -357.1577473025536; 
11, -355.3919876264408; 
1, -387.0439468517434; 
13, -365.33985000289977; 
9, -355.7289582400117; 
12, -340.49436357140075; 
12, -358.9427344116848; 
11, -375.5977564440109; 
5, -364.6904309451347; 
12, -319.0406419845531; 
12, -331.9411063110456; 
10, -338.77504868386313; 
12, -335.82331893313676; 
12, -351.38360346038826; 
11, -299.80655060103163; 
10, -285.4910238290904; 
10, -335.5638737338595; 
10, -363.53723465441726; 
11, -345.0556331104599; 
11, -312.67615436401684; 
12, -324.9248125036247; 
12, -380.50977500434965; 
11, -357.439055880066; 
9, -343.3495232256828; 
11, -320.43295940733515; 
11, -353.72565875714645; 
10, -303.5346969150705; 
9, -296.87355371401645; 
11, -340.70631126116496; 
11, -331.1269953235751; 
10, -251.53230835217983; 
10, -319.3156842883909; 
5, -381.58040357311256; 
10, -349.8019557558; 
11, -374.1894750101492; 
11, -372.39361572708003; 
11, -369.1238838506397; 
11, -347.1973846515175; 
11, -348.4384538208833; 
6, -378.9396330601303; 
11, -341.8838407227304; 
11, -345.97695012716576; 
5, -374.3114117627265; 
6, -368.8625298941042; 
11, -362.52769691240974; 
1, -378.4569590870524; 
7, -373.20794054470025; 
3, -385.49483020137995; 
2, -386.96203586866613; 
2, -383.2172860376304; 
3, -380.7630494674668; 
2, -383.2640151614323; 
3, -372.2228683354333; 
9, -300.2118859672919; 
9, -334.737703210325; 
11, -283.1218647820642; 
10, -282.909961175872; 
2, -389.56205264956225; 
1, -383.40910983341746; 
6, -356.2162441256223; 
3, -377.488625957747; 
6, -394.98511244996917; 
3, -398.457614439656; 
2, -384.8658516682917; 
3, -386.7787539573619; 
3, -379.1387129416689; 
3, -395.0267334895907; 
3, -393.52368576976005; 
4, -388.3499346236931; 
11, -399.0195500086993; 
14, -400.0; 
1, -383.5582969462266; 
13, -400.0; 
3, -378.18724111886695; 
3, -377.44933904591016; 
5, -377.70203844003845; 
3, -380.20948399743065; 
7, -377.8681986454176; 
3, -388.0283552389592; 
5, -367.1681363580283; 
11, -349.54144551814534; 
7, -359.5833974494599; 
3, -380.5742703709984; 
9, -309.3945808642311; 
9, -265.02992172911763; 
9, -280.9777929948177; 
10, -344.6858947109431; 
6, -368.32021610008087; 
5, -373.6189884583; 
5, -389.13374900177587; 
3, -392.8366923360154; 
4, -391.58173857233487; 
4, -390.37910761637613; 
3, -393.0977978016017; 
1, -386.13449254084844; 
4, -378.1225535389967; 
4, -376.690726814908; 
3, -392.54662436642684; 
11, -399.35940001159906; 
3, -392.93565606034826; 
5, -394.7744139707647; 
2, -388.71277261327486; 
3, -397.12883231788874; 
5, -375.5813466628315; 
4, -389.97496780962683; 
5, -386.41160209372174; 
5, -392.1210279194638; 
7, -386.37931397615466; 
4, -391.8339993512491; 
5, -383.947131155408; 
3, -371.0443652929971; 
3, -374.01196689973585; 
4, -381.95218957006; 
10, -264.96513592626434; 
5, -377.16211448586546; 
3, -380.919426215929; 
1, -383.48289821553044; 
4, -384.4107388118282; 
4, -377.3986529345857; 
4, -375.6379248870071; 
2, -388.9475753195584; 
3, -374.5074498892063; 
2, -377.5408408412477; 
4, -380.7750555789098; 
1, -390.4250993313035; 
3, -385.3532369924942; 
3, -369.6280111154774; 
2, -388.9377442584373; 
1, -386.94775190064684; 
3, -383.01100160111673; 
2, -379.9550818495918; 
1, -396.6226093057776; 
4, -373.78624367166776; 
2, -386.5537627731683; 
3, -383.3140856702812; 
3, -378.61041865404695; 
6, -371.5185225920286; 
4, -370.7876134982798; 
2, -393.93519240245223; 
4, -381.0189013455529; 
2, -392.76984087144956; 
2, -394.39412982587237; 
6, -387.1600047471002; 
12, -383.97532202652656; 
5, -386.82462167041376; 
4, -389.5936264694901; 
1, -382.863148525008; 
4, -390.34738964622375; 
5, -366.07183108094614; 
5, -375.9471064208774; 
4, -383.0159346758155; 
1, -389.5395169443218; 
2, -380.6327688518213; 
2, -384.8412000827957; 
2, -388.06380092923064; 
1, -389.86498803575523; 
4, -379.6764610123355; 
2, -386.1898214383982; 
1, -380.3626267949585; 
4, -386.4329892429523; 
1, -388.7539462313289; 
2, -379.29582887270954; 
5, -380.2318195650587; 
3, -372.33039403671864; 
2, -391.33351693302393; 
4, -385.9007203145884; 
5, -376.43017945997417; 
2, -373.0611369831022; 
1, -378.93704223807435; 
5, -367.09491891402286; 
5, -379.64086226490326; 
3, -374.80111545335967; 
3, -381.2951298439875; 
1, -384.3568367648404; 
1, -392.749508770532; 
1, -388.8621433604276; 
11, -331.03863432246726; 
10, -331.43067171401344; 
10, -293.8553055501543; 
11, -304.0918677446898; 
10, -270.0161723847268; 
11, -219.39779411174823; 
11, -333.9215040325653; 
11, -371.40484016458504; 
4, -387.5712266342016; 
2, -382.6384030918125; 
2, -384.3689395803958; 
1, -385.4070530195022; 
2, -380.4465309382649; 
11, -360.67970000579953; 
6, -371.40919184556697; 
10, -297.009971310501; 
10, -293.34258858382236; 
5, -378.9401628669584; 
9, -222.01072760182433; 
11, -341.01303808775265; 
3, -379.0254305731505; 
1, -392.53353036625776; 
4, -372.52716335922014; 
6, -390.7422028419096; 
3, -385.143403532682; 
11, -310.5723327443702; 
1, -385.26303313754033; 
2, -378.20929207338486; 
10, -318.515790794394; 
4, -384.392055763863; 
4, -382.46766836952884; 
9, -333.5648814936867; 
11, -349.68254659790546; 
8, -337.0099946829723; 
4, -378.1241646168055; 
11, -358.20469052763656; 
9, -178.2376375979511; 
3, -389.3218383938074; 
2, -388.5970770828426; 
4, -379.35718071321025; 
1, -389.28390162368305; 
5, -395.9797056710813; 
1, -394.04545260907616; 
1, -397.86935507610906; 
3, -398.62074974074494; 
1, -390.0294952050317; 
2, -381.61935487028677; 
4, -381.46606812044047; 
2, -390.56980984052643; 
3, -368.2617027636152; 
5, -377.8810890847817; 
12, -348.1469921862008; 
2, -389.06457524967846; 
4, -374.483113169088; 
3, -370.88431748363655; 
3, -381.97391479159705; 
6, -378.9558009200264; 
7, -371.32325423695147; 
4, -380.0572922823485; 
2, -394.76129969896283; 
10, -346.3756267821882; 
11, -357.4707067691488; 
1, -381.6827530427836; 
1, -377.39113360026386; 
10, -317.80609503609594; 
11, -224.8326942025451; 
10, -246.8981027333066; 
5, -377.2982970325975; 
4, -385.79685749835335; 
5, -372.9529619248351; 
1, -379.8656745137414; 
9, -253.39008793747053; 
10, -321.68991024501156; 
5, -383.6449513437692; 
9, -343.45514226099476; 
9, -243.43354312353767; 
12, -314.77206092502456; 
10, -270.24814191262703; 
11, -347.2856361512095; 
4, -374.03987844043877; 
8, -272.83917982445564; 
7, -359.9114945564652; 
4, -383.3721661514137; 
2, -383.36539346759673; 
5, -390.7738101017894; 
4, -393.19763578660786; 
5, -384.6281522590434; 
5, -380.79968734364957; 
5, -372.34533052588813; 
5, -377.07985584205016; 
14, -400.0; 
13, -400.0; 
5, -380.38145096378867; 
6, -382.6005014406983; 
4, -382.8704072727123; 
2, -386.20736593869515; 
3, -378.3775504156947; 
4, -384.7316575560253; 
7, -361.2080991999246; 
4, -352.3232846475439; 
9, -313.17132346052676; 
6, -373.00248737121; 
3, -376.0172313954681; 
2, -375.2309804363176; 
11, -247.26991419575643; 
11, -329.54490537696984; 
8, -299.2177173239179; 
8, -331.6550864384044; 
4, -376.3895307169296; 
3, -390.5587547956966; 
2, -383.7320192620391; 
10, -255.27293321490288; 
10, -335.6606298000552; 
5, -369.3707095197169; 
1, -386.62015475612134; 
8, -318.012625845382; 
7, -373.4769989110064; 
3, -387.2792385702487; 
2, -389.4492893645074; 
2, -386.42707271839026; 
10, -308.12789142143447; 
10, -281.23510316829197; 
11, -301.17992788995616; 
7, -368.8584575011628; 
11, -360.44995436724275; 
3, -377.3635976976948; 
4, -372.27538930869196; 
4, -384.3984467330156; 
4, -385.5770051344298; 
1, -386.6497422779212; 
5, -372.61411363771185; 
9, -317.360057663871; 
7, -356.8332997710677; 
13, -390.1699250014499; 
2, -389.73373054130934; 
6, -335.5542923483299; 
10, -251.12639747490175; 
9, -295.2674169287784; 
11, -301.9741060951492; 
6, -380.48069168662187; 
6, -373.50728838006034; 
4, -381.7440751946997; 
9, -230.3800643667346; 
10, -313.0253808349371; 
6, -374.22728454414755; 
1, -382.91769346548244; 
2, -379.60042100329883; 
6, -371.3665496218018; 
3, -381.1006442796206; 
4, -364.5630068029277; 
6, -387.703866852331; 
2, -381.88073311012704; 
10, -253.12095964117907; 
9, -340.12519654096104; 
2, -384.5933916771319; 
4, -377.6130587866064; 
5, -378.78151009615976; 
1, -379.61551577574573; 
12, -377.9248125036247; 
4, -375.38767528010067; 
3, -383.09278288076166; 
5, -379.6009772194084; 
4, -386.6176050865324; 
6, -384.6072688543936; 
3, -375.70114557421766; 
3, -376.47945773927495; 
5, -373.55819808517117; 
2, -389.22464133775793; 
5, -367.6419121840736; 
2, -381.29048336902633; 
10, -270.9754895310616; 
1, -383.40296360698994; 
5, -360.0961537027033; 
11, -341.1100491442485; 
4, -367.0369217309635; 
2, -378.0607213348849; 
2, -379.1200774142053; 
3, -366.5798947158037; 
2, -383.6542967874557; 
10, -321.71959313494153; 
10, -326.58099026605487; 
5, -383.46848916844465; 
9, -320.3460526657291; 
5, -357.43033088720404; 
2, -380.13377775251865; 
3, -377.8657191055827; 
4, -377.5189332625596; 
4, -378.0117320911959; 
9, -204.03339259000495; 
9, -347.79089032125194; 
3, -390.8417400899343; 
10, -355.10847103979904; 
13, -355.5005451241741; 
9, -257.6574102414306; 
11, -358.6622398077743; 
9, -308.7881535803899; 
10, -353.9080433653435; 
12, -346.81961357209366; 
4, -381.32093914982397; 
5, -379.77595270285383; 
3, -378.55500648275483; 
4, -366.79274975229055; 
2, -382.78123111627065; 
3, -378.51031704666093; 
6, -363.8092447503004; 
8, -365.9850915091811; 
4, -385.25157386867795; 
1, -388.4839148595929; 
4, -382.9614352307981; 
5, -365.3854450995568; 
5, -378.29894670273643; 
2, -381.4753283014288; 
1, -386.4756103811087; 
1, -382.7039161589928; 
3, -376.8214086446678; 
3, -379.06161205563694; 
4, -369.89611111592967; 
1, -379.1930595075246; 
5, -380.01283765537664; 
1, -384.3372495213989; 
6, -353.97504935075995; 
6, -375.3721132721985; 
3, -388.1232512409333; 
11, -380.6777421088191; 
10, -365.2230158863822; 
11, -333.77504868386313; 
1, -384.2439573603915; 
1, -384.4948141477071; 
6, -386.19227958261035; 
3, -397.6715084378375; 
1, -383.46362865914125; 
4, -388.37291005952284; 
2, -379.1163179331925; 
1, -387.9846664988436; 
10, -274.7481345779961; 
9, -294.37426686566323; 
12, -319.6582985839341; 
11, -248.97765270317905; 
10, -320.25231359899044; 
11, -361.5369634529343; 
11, -398.18784690951; 
14, -400.0; 
5, -379.0182168185711; 
6, -393.7271480325144; 
4, -387.62069906434044; 
3, -391.5812840379076; 
14, -400.0; 
3, -383.7283739047125; 
10, -333.9774559803773; 
11, -292.379047004506; 
7, -376.51260454847943; 
1, -379.71451838419307; 
4, -380.81898741365876; 
3, -384.8171468905639; 
11, -322.2569572178181; 
9, -279.6813132795505; 
3, -376.45907016436104; 
11, -359.22618316684384; 
9, -331.52732715639286; 
1, -385.49307638790924; 
5, -378.6519002044806; 
5, -382.2162038604729; 
6, -382.6771963868523; 
1, -384.663700529607; 
1, -392.37873389432207; 
2, -378.7878622233402; 
4, -378.46239799133036; 
1, -386.35627321503125; 
5, -380.4384086972568; 
10, -366.43732023704797; 
10, -366.604182713083; 
2, -383.5914976395434; 
12, -359.0728998030536; 
4, -367.3327400194248; 
3, -370.6106853468809; 
5, -377.8279407051159; 
2, -380.05560593272094; 
5, -382.7764498448232; 
1, -385.6667724837316; 
5, -378.2890148771694; 
2, -374.7968087673653; 
3, -377.4729103661375; 
2, -387.02864738635253; 
2, -377.84399223246146; 
5, -370.87153928668704; 
4, -370.7607806380838; 
4, -399.35870198742487; 
4, -389.25773766683415; 
5, -386.5505269027781; 
2, -398.17479665833525; 
5, -393.94898237171583; 
4, -395.0850761568872; 
1, -385.59756077523343; 
1, -395.33777307951823; 
5, -384.1668657331029; 
2, -386.9008104791865; 
3, -389.2449826610973; 
13, -400.0; 
6, -382.19051518756896; 
4, -368.9891534226481; 
4, -371.86097329913173; 
2, -381.9863971633604; 
4, -375.0231664599851; 
4, -374.18350609974004; 
2, -388.47460709523875; 
4, -369.5738186519593; 
4, -380.47322592313867; 
4, -387.4648744495353; 
2, -378.62187294999603; 
4, -371.763764280593; 
4, -363.7754185772501; 
1, -386.5177476257086; 
1, -382.428407571977; 
4, -383.6540353309829; 
1, -391.29368791065644; 
1, -391.63270911201835; 
2, -384.43413401790895; 
3, -368.13520782836713; 
4, -379.517570306547; 
4, -378.8636299354257; 
7, -355.9186760248849; 
10, -316.6148458123207; 
7, -342.92775342136156; 
4, -372.70394644443877; 
7, -347.16735608980525; 
1, -386.2731678446289; 
4, -373.28279416821897; 
1, -384.68568270339165; 
1, -387.0178900473984; 
1, -383.61954379745293; 
5, -369.4674204471521; 
1, -388.64328809885774; 
2, -384.62631726870313; 
9, -372.1547612202121; 
6, -370.29942157957703; 
5, -367.94325026718434; 
2, -368.60320200491697; 
4, -397.44633800082374; 
11, -396.9427344116848; 
1, -395.80486781836953; 
1, -385.53728776425123; 
3, -371.0981625239365; 
11, -226.81809857767075; 
9, -316.05524100211915; 
1, -384.4868917700369; 
1, -393.9462038713973; 
5, -373.6393938062247; 
3, -377.28203056543134; 
2, -379.39809058990795; 
6, -377.7684644997353; 
1, -378.0612745352555; 
1, -384.87413930671755; 
5, -384.0157939676428; 
3, -389.7518910720246; 
4, -372.9667409748072; 
2, -379.9834068635246; 
4, -377.3992463585455; 
4, -372.927945915726; 
1, -385.36873634613585; 
1, -394.7055847941665; 
1, -382.4104072537739; 
2, -379.72009659337346; 
11, -256.9681850828929; 
12, -363.2307606476825; 
5, -375.7790562787559; 
6, -349.08590301999357; 
11, -345.39962606632616; 
10, -351.4178356284974; 
9, -328.92577610735316; 
2, -386.8421162852319; 
6, -373.7821396961808; 
2, -378.6011333439965; 
6, -348.6446540104225; 
4, -375.85220295668114; 
1, -375.8157848198898; 
6, -382.5194810180692; 
6, -372.01217525813263; 
5, -376.2987952615367; 
6, -371.15093720378354; 
1, -377.8787677231012; 
5, -368.53945629193913; 
1, -376.1961390154902; 
1, -385.7230525871273; 
2, -372.43182861292735; 
3, -384.96662403212395; 
1, -383.25020943104755; 
4, -386.0720041934401; 
5, -387.26961332256906; 
1, -377.98853885475546; 
11, -368.51981718547177; 
1, -383.56728976394515; 
5, -385.8435792531818; 
2, -375.8486514958786; 
2, -375.15746785944793; 
6, -381.69851887749974; 
6, -384.9288901631953; 
1, -388.61518351279665; 
2, -381.56136440171394; 
5, -372.9989800787298; 
2, -381.10191998584196; 
2, -378.17053019767627; 
1, -383.0310593682807; 
3, -376.2099844820332; 
7, -374.94836458342616; 
1, -379.3657321385108; 
3, -380.9072057022713; 
1, -379.2712321098661; 
2, -392.6775767127983; 
6, -381.9855845939601; 
4, -377.6772115791682; 
5, -375.88846292579547; 
3, -379.9369841015432; 
5, -378.32500661478844; 
4, -384.1889760483755; 
4, -376.3500145567814; 
3, -375.8588830138324; 
10, -244.80481782206334; 
8, -298.5509080012562; 
11, -364.02712985372636; 
12, -292.43295940733515; 
11, -329.790731318295; 
11, -286.6191782162059; 
12, -332.36899634846486; 
11, -283.76922341261525; 
10, -312.045440152986; 
11, -321.91082584811375; 
2, -383.17612107784953; 
4, -374.7895985591458; 
1, -384.1256638622144; 
4, -377.41329568461515; 
1, -385.2266952326754; 
3, -377.46679393341765; 
1, -377.388861039537; 
11, -372.27848001616076; 
1, -385.2760222980287; 
3, -375.2643032147316; 
5, -381.1041283098748; 
1, -373.19276959169656; 
8, -358.20332785334904; 
10, -257.2579360748641; 
12, -216.62336898897775; 
11, -266.94543817965314; 
12, -344.42744394310284; 
6, -375.70681727980264; 
6, -376.19224800134543; 
5, -377.9246226004325; 
5, -377.99007348215673; 
1, -390.01586215093266; 
3, -380.64920029218774; 
1, -388.96419533202425; 
4, -380.35369896970224; 
1, -384.68244620552287; 
6, -372.432025401853; 
5, -378.1256088091759; 
4, -387.67063882236835; 
2, -380.5347467997344; 
4, -377.36488437023945; 
4, -383.61325366119854; 
5, -371.45223477482796; 
6, -386.1067909068661; 
6, -367.48838277638424; 
2, -383.5606831678888; 
