7, -368.0; 
1, -382.25951059716436; 
1, -388.5649189177291; 
1, -389.51723169614; 
1, -385.0264466641638; 
2, -377.07609932906007; 
2, -383.22986301064975; 
1, -377.0495243895921; 
1, -382.13150973759866; 
1, -395.2666515916121; 
9, -374.4517801426473; 
2, -375.47888148865513; 
1, -384.2238979822405; 
2, -376.0623563785375; 
2, -377.3344300594308; 
1, -390.2230812945527; 
2, -381.73688555094213; 
1, -377.4541907016255; 
3, -377.4290689285517; 
2, -374.495208610655; 
3, -369.33165781897605; 
1, -392.71344257873534; 
1, -375.5807316470691; 
1, -380.9682765348043; 
2, -371.29585318793033; 
2, -386.6427526560801; 
1, -367.7281215664807; 
3, -366.44247127154813; 
4, -359.78111520637503; 
4, -372.96120906429496; 
2, -374.83268103229966; 
1, -369.23677417417457; 
1, -381.35716919178594; 
2, -365.47513777299355; 
2, -377.26548867131714; 
1, -365.8798271663163; 
2, -391.68898671604256; 
2, -381.76003911721455; 
1, -385.4761968545845; 
1, -378.85178515362713; 
2, -389.655443931073; 
1, -378.25768919138864; 
2, -373.1658629693957; 
2, -372.56310330442284; 
3, -384.93840848649415; 
1, -374.7269433493493; 
4, -382.27779178003766; 
1, -383.4572757609785; 
3, -378.989789639043; 
4, -375.327079766892; 
1, -389.0189442772571; 
3, -371.8249799248588; 
10, -282.7114892900245; 
3, -387.3031106180133; 
1, -390.5382545548673; 
3, -392.2870119172985; 
1, -386.51212893001866; 
2, -381.2061168492619; 
1, -388.42873265546586; 
2, -390.3026179153967; 
2, -377.1584484291234; 
2, -388.87735772928136; 
3, -391.4970703407016; 
2, -374.48352588734633; 
3, -375.35088363897376; 
4, -375.15548693745586; 
11, -400.0; 
3, -384.2904849750812; 
1, -379.4237490951855; 
1, -377.0349405329871; 
1, -388.29187788684794; 
3, -362.4918194389211; 
8, -341.64649065941194; 
1, -386.6073275558556; 
2, -379.80696652127153; 
4, -366.70940376929866; 
10, -374.9248125036065; 
3, -388.4443093220616; 
4, -389.4553482219708; 
4, -364.94998031586147; 
4, -371.0422973931709; 
3, -378.49662503597574; 
2, -374.25428576950435; 
9, -363.11908568215586; 
4, -377.3510575440305; 
4, -369.74573886810686; 
2, -392.04323884400947; 
4, -388.75509094395966; 
2, -385.89953363555105; 
2, -377.88132966952253; 
1, -396.06913226357574; 
3, -390.3510083318761; 
2, -381.6185901174831; 
2, -370.5794004841737; 
1, -379.82876169867814; 
1, -376.84411004676804; 
3, -378.34221976830304; 
3, -385.39017213730403; 
2, -382.4091282196023; 
1, -379.61744654975337; 
1, -381.6106255233899; 
2, -377.0033490210262; 
9, -362.94551608740585; 
1, -381.15797103126533; 
2, -383.05102138680377; 
2, -381.60157833829726; 
1, -387.97014166842564; 
3, -384.4034465145596; 
8, -380.52753077525267; 
10, -377.0678304329049; 
9, -354.89522006423067; 
2, -387.6360479629657; 
2, -389.9750184309014; 
3, -387.26425671477773; 
2, -385.50902711316303; 
2, -382.4229776847569; 
3, -377.867628405038; 
2, -374.5984112131555; 
2, -382.9088726310147; 
3, -381.2263744246957; 
3, -374.667159750039; 
4, -374.69937155239313; 
3, -386.2220989171983; 
3, -363.8845826515462; 
2, -383.6917817101421; 
3, -371.9414609400992; 
3, -376.8511896606942; 
3, -382.08640159855713; 
3, -376.0570994129084; 
3, -375.91757068131847; 
4, -369.93808660537616; 
3, -378.49006159450073; 
2, -374.66435736201674; 
3, -376.04594353151333; 
3, -386.41886551710195; 
2, -393.91268439132546; 
4, -380.9766278861716; 
4, -385.70116009147023; 
10, -391.509775004306; 
4, -375.60239650311996; 
2, -393.66075114373234; 
2, -380.9179369594567; 
3, -381.5521428027132; 
10, -329.97636903572857; 
2, -376.11683792322583; 
3, -385.75712086427666; 
5, -390.978857031987; 
2, -385.51023796293157; 
7, -343.460298383201; 
10, -314.49652491162124; 
4, -370.60474793213507; 
3, -385.7133084332818; 
5, -353.6411862795576; 
9, -360.26237481262797; 
8, -375.329776662933; 
4, -378.5806004869082; 
4, -388.6558642699529; 
1, -387.92973456873733; 
2, -387.83892630545597; 
3, -369.87542573587416; 
2, -380.79381115583965; 
2, -382.2408385564777; 
5, -379.06406885464094; 
9, -297.1519227062745; 
5, -368.20415080072416; 
2, -373.991582469469; 
1, -382.5260090986849; 
1, -383.0962992249915; 
1, -375.7162800395745; 
1, -384.5980682827212; 
3, -373.113006962878; 
4, -365.27087912637217; 
3, -368.82596879903576; 
4, -372.655743474068; 
3, -373.743545882171; 
3, -376.5628437686828; 
9, -374.0315703909873; 
9, -368.40224493382266; 
8, -296.54973519399937; 
9, -349.59276385568955; 
3, -377.71096043994476; 
3, -375.0152340493223; 
5, -380.19091879700136; 
5, -382.846791342512; 
8, -363.5620715304394; 
3, -375.07017429638654; 
6, -348.1326191891276; 
6, -351.1266593923792; 
6, -357.1020953223051; 
5, -362.0455980278057; 
5, -371.4659288677358; 
6, -344.6392587099108; 
7, -346.3237656336423; 
4, -376.879908744304; 
1, -387.234354149914; 
5, -376.64554746788053; 
3, -373.65300417538674; 
3, -378.932033079167; 
9, -381.5798345357034; 
9, -380.20576881751185; 
7, -345.4004139126919; 
6, -356.27702022709127; 
5, -367.0734979671688; 
5, -356.10806574071466; 
5, -364.22684057011793; 
9, -360.23046925816743; 
1, -383.62599835130095; 
1, -384.78362609010946; 
8, -364.98970800575626; 
5, -372.2469715159241; 
9, -357.01060579782643; 
6, -365.5845714311581; 
3, -392.0745765722386; 
6, -338.5800119775813; 
6, -339.9007301163365; 
5, -345.35525513724133; 
6, -335.87951774543035; 
7, -301.0511590758979; 
9, -265.51292819113587; 
8, -272.70516530158056; 
5, -352.6623575929116; 
6, -337.2663816104032; 
5, -343.5160523842642; 
5, -356.70922798186075; 
5, -342.95506295417727; 
8, -312.90752835759486; 
6, -337.03182967928296; 
6, -313.6012231480854; 
2, -399.8844088781916; 
10, -384.0540955205797; 
9, -365.92512756897486; 
9, -360.6936106231151; 
9, -356.2579064408492; 
8, -322.2931545163883; 
9, -339.032514247825; 
9, -330.51883141943836; 
8, -328.48257662696415; 
8, -311.8863646118407; 
9, -333.3863156395819; 
7, -327.4980452367163; 
9, -327.8795459903049; 
8, -295.9254638155253; 
9, -344.87296241990407; 
3, -386.0774283879873; 
3, -391.75313949221163; 
4, -384.31876804884814; 
3, -399.7299139544775; 
3, -391.96233196331013; 
4, -381.0008076125523; 
3, -393.84571112616686; 
2, -390.03540771295957; 
4, -388.313547639249; 
3, -386.110194105815; 
5, -383.02457092449185; 
2, -385.69367506455455; 
4, -384.8020576650888; 
2, -383.0056335219124; 
3, -393.4513032891409; 
2, -391.7353212356393; 
3, -396.29304384754505; 
1, -385.77995559836563; 
5, -389.2057278112916; 
3, -381.37432243823423; 
3, -388.4089255976578; 
3, -378.4304169742827; 
3, -378.3420427421952; 
5, -378.097225366364; 
2, -380.925112321027; 
4, -384.5368762600119; 
2, -391.4365434379433; 
4, -389.82070737074537; 
5, -367.04365157932625; 
3, -378.7542618477746; 
1, -383.44937336716976; 
10, -376.4553496872686; 
6, -375.6780725488352; 
4, -382.0676641946484; 
4, -377.78966773938737; 
3, -384.7341996049945; 
1, -386.69101876791683; 
2, -381.04906554412446; 
1, -377.0711297484668; 
1, -387.83356835307495; 
4, -392.31683879255434; 
4, -374.0519296259881; 
4, -376.38825186707254; 
4, -380.2705238216731; 
2, -382.4826911019336; 
2, -390.56949354584503; 
2, -382.2251630923274; 
2, -384.76854512099817; 
2, -382.5931634451408; 
1, -384.06991558961454; 
1, -384.52959020782146; 
2, -380.51316106750164; 
1, -382.0318371734611; 
4, -379.7239853585925; 
1, -386.523487499624; 
4, -375.19177627058525; 
4, -377.29487626189075; 
2, -382.0743167405162; 
2, -385.4981035248493; 
2, -389.63539362202573; 
2, -383.3833173195453; 
2, -382.58883547478763; 
4, -384.7261790677876; 
2, -380.9070507255674; 
2, -390.4469002889382; 
2, -392.42800169912516; 
4, -373.3693772990373; 
2, -392.58271278627217; 
3, -379.1250080600439; 
4, -373.81102080522396; 
5, -368.47045369465195; 
6, -355.3958827216993; 
4, -382.7860364491353; 
2, -382.2450671734696; 
5, -374.6020385547745; 
10, -336.11545126419514; 
7, -341.8235597069288; 
3, -384.78221005962405; 
4, -375.17938031820813; 
5, -374.7496230506804; 
3, -378.70200913457666; 
3, -383.82438118926075; 
2, -380.443723746459; 
4, -385.99509527054033; 
4, -378.96552372731094; 
2, -376.623291100972; 
2, -383.68534928596637; 
1, -382.36887785737053; 
4, -375.36892502277624; 
2, -380.403015015705; 
4, -377.49157639020996; 
2, -380.26275231035834; 
2, -380.55615151755046; 
5, -382.15673518786207; 
4, -362.057672741852; 
2, -388.70545045087056; 
2, -376.6811553088337; 
4, -378.6580114682438; 
2, -380.8900723569823; 
2, -376.7367449803278; 
1, -384.26369142672047; 
4, -368.5964798820496; 
2, -377.82669880471076; 
5, -374.5865719737194; 
2, -386.77973899422796; 
5, -385.2061024214199; 
1, -378.1046520474483; 
4, -377.7726748068526; 
2, -381.3623772179999; 
1, -394.7860031616874; 
1, -383.61349175911164; 
4, -380.37207009707345; 
5, -382.3038393385068; 
3, -366.45407739726943; 
2, -383.2127533660969; 
2, -384.0879239079077; 
3, -377.36985717870994; 
3, -374.66815985608264; 
3, -376.2124435743899; 
11, -400.0; 
11, -400.0; 
13, -400.0; 
11, -398.50977500434965; 
3, -399.0763215919724; 
12, -400.0; 
2, -386.8751157342922; 
11, -400.0; 
3, -373.7821492446237; 
5, -375.77898275572807; 
11, -366.35777191090165; 
1, -388.82690695577185; 
3, -376.81751110428013; 
4, -388.20754330034833; 
2, -386.9325105539756; 
2, -387.5856261924491; 
2, -387.61003571213223; 
1, -385.64569209615; 
2, -373.2082499314274; 
4, -373.9266090960882; 
2, -377.1860478599847; 
6, -381.79459592461353; 
3, -380.65264625890995; 
2, -390.3755380549119; 
2, -387.4853547497769; 
2, -388.2138708146522; 
1, -381.21047482060385; 
1, -388.0932195157802; 
1, -380.7594918840623; 
4, -387.4702982875169; 
1, -378.7668911028595; 
2, -390.39135842822725; 
2, -382.8006061477645; 
4, -380.5276922894991; 
4, -385.5294871907681; 
4, -382.45586165157147; 
5, -374.8587565125199; 
1, -377.2294040134584; 
2, -374.05302482959814; 
2, -374.9110108265013; 
4, -376.09648997706245; 
5, -371.409149771207; 
2, -374.142577905528; 
3, -365.5240323996113; 
3, -375.076391714334; 
3, -376.6134282499261; 
1, -373.4380067991442; 
5, -362.3679957459681; 
1, -378.1064310174261; 
2, -377.5627647433139; 
4, -378.12994301880826; 
1, -379.3986256758799; 
3, -373.2939208934549; 
4, -380.9626316803042; 
5, -372.05724103638204; 
3, -382.6179923446616; 
2, -378.30741080775624; 
10, -375.2810006591608; 
9, -329.110464209778; 
4, -376.49049251151155; 
2, -378.5412926329009; 
1, -375.50277303680195; 
2, -380.28609864463215; 
9, -358.8210819720116; 
9, -335.0415925475827; 
1, -378.5918455175124; 
2, -382.99276331515284; 
1, -386.78847073958605; 
1, -386.83176330960123; 
1, -381.25553650790243; 
2, -388.7456495076476; 
5, -371.40967013526824; 
3, -377.4450611488428; 
5, -370.38236275681993; 
4, -376.19194447950576; 
2, -387.6509312778362; 
2, -375.77627928732545; 
1, -378.44162019359646; 
1, -386.8949390643684; 
1, -394.09989745085477; 
5, -371.2138080796285; 
3, -377.8592218114063; 
5, -373.24608026462374; 
4, -381.86186901145265; 
4, -379.192433236778; 
2, -378.65951338238665; 
8, -335.3772183791443; 
8, -279.3157252675155; 
1, -383.4446323638549; 
1, -395.09111740387743; 
2, -376.8197534038627; 
10, -361.2984508960508; 
4, -372.9464337696845; 
1, -388.33457559975795; 
5, -371.50108821335016; 
5, -377.1360281086527; 
4, -389.6096778739593; 
9, -313.22408364200965; 
5, -378.39090907911304; 
1, -379.87594110288774; 
2, -374.6864027235424; 
1, -379.8061639337393; 
1, -377.9145552337868; 
3, -377.6907298879232; 
2, -374.2306014690839; 
3, -376.70613496750593; 
2, -376.35312330085435; 
5, -379.2737685566244; 
4, -369.7355507708853; 
9, -295.48846056181355; 
10, -360.2742580990307; 
2, -381.52203938012826; 
1, -384.08561853921856; 
3, -372.00465736197657; 
3, -366.59356640360784; 
2, -391.17314392191474; 
1, -380.1668934041518; 
2, -386.4393129865348; 
9, -376.6680831638514; 
10, -372.5534426421509; 
1, -388.94677689063246; 
4, -373.64528335872456; 
9, -357.59501148952404; 
9, -277.0515291187039; 
9, -305.4054227481247; 
9, -275.12208213980193; 
9, -342.93989290035097; 
3, -376.3738732126949; 
1, -383.7107616472349; 
4, -377.72162464944995; 
1, -389.41358598691295; 
2, -383.8957616847765; 
4, -371.33219879766693; 
8, -366.30689346650615; 
3, -387.90239669094444; 
6, -373.4708097766561; 
8, -364.1992093177105; 
1, -385.80356539654895; 
2, -380.9989484170219; 
5, -374.7221247986017; 
10, -371.1949968338886; 
4, -381.9228616289911; 
1, -378.28807108377805; 
1, -381.17980937377433; 
1, -381.61090892524226; 
2, -378.0785119267821; 
2, -382.03743675581063; 
2, -392.55714480165625; 
3, -376.83651744326926; 
3, -385.8955269685539; 
4, -390.8248699622927; 
3, -378.50530997349415; 
9, -293.2204930058215; 
4, -371.5958139221184; 
2, -383.9251914199849; 
3, -385.84765240579145; 
5, -367.7894769097329; 
1, -377.71413613815093; 
2, -378.2266711797565; 
3, -386.03309592671576; 
2, -397.1955281936971; 
1, -399.2614260627015; 
9, -255.9805635471712; 
11, -362.09965091291815; 
11, -398.7548875021748; 
5, -377.5537172223558; 
11, -399.33985000289977; 
12, -398.1699250014499; 
3, -397.8291048594401; 
9, -399.0211781093967; 
12, -400.0; 
12, -400.0; 
10, -399.0947375050746; 
10, -381.9248125036247; 
12, -400.0; 
10, -370.7728094101767; 
12, -400.0; 
10, -398.6976219138014; 
12, -400.0; 
3, -395.50556250149384; 
2, -387.3801338057965; 
4, -383.7540132055292; 
2, -376.9096744580311; 
5, -392.65066307756933; 
3, -382.383054860984; 
5, -387.03533100610366; 
3, -383.1330779035052; 
4, -376.62452308274806; 
4, -376.6834594711545; 
3, -379.7757741874084; 
2, -379.3060905341408; 
3, -376.19444547157036; 
4, -378.96668256426346; 
2, -383.70763897543657; 
3, -383.542019361601; 
3, -379.24192605607095; 
2, -385.6301571644726; 
3, -385.63852303268504; 
6, -384.504158974014; 
2, -381.4308568603592; 
1, -386.2719935859204; 
5, -380.3652001497103; 
3, -379.1058745589107; 
2, -384.56171363953035; 
1, -386.4622679541353; 
4, -360.83442872352316; 
4, -383.5789812101575; 
1, -380.60322346768226; 
6, -386.52141635806765; 
1, -386.6972890676989; 
2, -377.61254042654764; 
5, -369.8310634071822; 
2, -376.4121829554206; 
3, -374.5903461520793; 
2, -375.1258293807332; 
3, -375.1321947457618; 
2, -380.4317198235367; 
9, -256.1528173701081; 
6, -369.6357571645058; 
2, -384.9520980604284; 
2, -380.4982831144007; 
4, -384.6789552652335; 
5, -389.12751622725045; 
2, -381.14671041225665; 
1, -391.42103733762633; 
5, -374.309366894915; 
5, -381.6933671339648; 
2, -377.9941969602951; 
2, -377.51565041785943; 
1, -378.87743872308056; 
1, -379.98916480640764; 
4, -372.06847783044213; 
2, -378.1070972456655; 
8, -310.63120667936164; 
11, -364.68983926976216; 
4, -382.7333779166511; 
1, -381.6806235832919; 
5, -366.92730684106937; 
1, -385.6192325357697; 
1, -380.95257953897817; 
3, -378.28381414571777; 
9, -352.9273148114153; 
11, -365.5189564701868; 
3, -377.83769677748205; 
3, -375.2913492625812; 
4, -381.0682220343442; 
3, -392.0661813869956; 
6, -379.595484995516; 
3, -394.40693072913564; 
4, -377.97571283226716; 
4, -383.3610602255794; 
3, -382.730896478839; 
2, -377.69841987395193; 
3, -375.70968455672846; 
2, -374.40786186701735; 
9, -256.8649569871777; 
11, -337.6482559895667; 
4, -378.3627995388233; 
4, -378.1304204782937; 
1, -383.61653375666356; 
4, -368.54927972264704; 
3, -382.6864001066715; 
2, -384.38989437240525; 
1, -391.4442442288855; 
3, -381.3377925706445; 
1, -382.2368406771857; 
1, -376.5733874840662; 
1, -380.7395442619454; 
1, -379.63288501329953; 
1, -382.02177701418987; 
3, -369.312137717061; 
5, -373.0337339283724; 
4, -387.4367576035729; 
10, -334.7607649952988; 
6, -365.9179986034287; 
4, -381.2869522868423; 
5, -363.8553684226936; 
6, -366.4941027261666; 
9, -341.2009533207456; 
6, -371.3389019970782; 
6, -355.6207881073351; 
4, -367.44149006006774; 
5, -369.004519326234; 
4, -362.5693970650318; 
1, -390.04539896175265; 
5, -381.07111374277156; 
5, -360.42906791411224; 
4, -374.0654097345541; 
5, -371.62148079037433; 
2, -379.8278264980763; 
2, -371.73252887427225; 
4, -378.59806731308345; 
1, -379.0959142987558; 
1, -385.01218155256356; 
4, -376.599211175082; 
4, -371.9802158038947; 
5, -367.3911239489098; 
4, -373.727189425932; 
2, -375.77110866771545; 
1, -388.34913481399417; 
2, -382.42573328636354; 
1, -389.0186271399725; 
4, -384.20375905703986; 
3, -383.0911556665378; 
1, -384.33985099216807; 
10, -384.1559755319031; 
5, -384.97282651183195; 
9, -351.12639349506935; 
9, -337.0052404924645; 
9, -338.8770008641295; 
10, -340.5163726043538; 
7, -360.8422410976491; 
9, -304.9784147940227; 
6, -351.04828008578625; 
9, -276.7865107557154; 
8, -359.8443732759333; 
3, -383.1024766925839; 
5, -383.8691381610697; 
1, -384.9762551646563; 
3, -376.4857308404753; 
3, -382.64550632963073; 
4, -366.6119259383995; 
9, -304.91237823141273; 
10, -358.85237693291856; 
2, -381.8783683795482; 
2, -379.9473956877482; 
2, -370.96079250751063; 
2, -378.9902050976525; 
2, -376.950982769893; 
1, -378.30146324820817; 
5, -376.2428142792778; 
1, -384.1739972993382; 
2, -381.5310841454193; 
5, -382.3147080245544; 
5, -380.9306514333002; 
1, -383.86395915504545; 
4, -374.7403479371569; 
2, -373.86363762500696; 
1, -386.93286846688716; 
3, -379.6007925529848; 
5, -373.1021446608938; 
3, -370.2251255476149; 
4, -377.9414302860969; 
1, -383.2952022533864; 
2, -375.52429798367666; 
2, -378.8098309331108; 
3, -372.47235932631884; 
4, -366.6250677126809; 
1, -383.11113759852014; 
10, -363.64175462251296; 
10, -317.0306899943389; 
5, -378.1266059408663; 
13, -400.0; 
13, -400.0; 
10, -395.7728094101767; 
4, -394.49787896394264; 
4, -386.7530791129102; 
3, -391.33103796455543; 
5, -381.14597428566776; 
5, -379.20344793930417; 
5, -392.08579209272284; 
2, -383.1773767170962; 
4, -378.6015781023307; 
6, -384.18652619834756; 
4, -388.44521412911126; 
3, -373.9929853407084; 
5, -385.1160579987336; 
3, -389.6875010613003; 
4, -382.775588865974; 
3, -377.48105151206255; 
4, -380.5917638708488; 
3, -388.49627323349705; 
4, -380.69269504217664; 
5, -358.1496880550403; 
3, -384.8553041519481; 
3, -381.35472949576797; 
1, -392.90156417083926; 
3, -373.29892458213726; 
5, -364.30259643145837; 
5, -358.5268934126361; 
4, -380.2617299128906; 
2, -382.31676019361475; 
12, -370.22246401547454; 
10, -357.2940893152845; 
4, -364.5916143913637; 
6, -375.4609412207501; 
3, -375.1584476749995; 
4, -380.2325332990731; 
3, -381.01188074820675; 
4, -397.0321105088806; 
4, -399.8162498163292; 
12, -399.41503749927506; 
4, -399.2466300253873; 
11, -399.0947375050746; 
12, -391.7548875021748; 
11, -393.8659188145539; 
10, -392.60451250942424; 
11, -392.8659188145539; 
4, -396.0141893629916; 
9, -390.77744144177996; 
3, -386.7075959154172; 
4, -382.0292100671213; 
6, -366.30635966238333; 
5, -383.26910374796716; 
3, -386.2006945327739; 
1, -385.0268714861013; 
2, -381.33838140725857; 
2, -380.3900040636072; 
4, -376.56094048760133; 
2, -381.5933058898663; 
4, -388.29431270377245; 
2, -382.42037681897637; 
4, -377.67293811944546; 
4, -379.52358811243903; 
3, -376.500638469588; 
4, -381.24868442787556; 
5, -372.86915792373475; 
6, -354.9708186654607; 
6, -361.22453829459846; 
5, -374.9456159103429; 
3, -375.3493705212022; 
11, -375.73271638399456; 
8, -302.64188225980615; 
3, -379.13366016041255; 
4, -362.94745910330676; 
3, -382.4576846517739; 
2, -385.7677017756505; 
1, -383.07260519632837; 
3, -380.90040348714683; 
1, -382.0549296087702; 
4, -368.03672037273645; 
4, -387.37314015539596; 
3, -382.01614022476133; 
5, -370.9608218713547; 
10, -350.09211980877444; 
1, -383.97484426555457; 
2, -379.5325284212595; 
3, -381.4522407700424; 
1, -378.1272782505257; 
4, -373.9869349016226; 
4, -384.67488318815595; 
4, -376.729600311548; 
6, -386.399803656328; 
10, -376.53001240454614; 
2, -367.97763320838567; 
2, -385.00176104321145; 
4, -381.36638861277606; 
4, -382.0423736498924; 
3, -379.8624066119082; 
4, -372.5906206042273; 
5, -386.18786190461833; 
3, -373.9070754927234; 
12, -250.35614381020423; 
12, -145.1295743418159; 
10, -246.7695133802481; 
11, -313.34607282996876; 
11, -341.21687946800375; 
2, -380.7985123731778; 
4, -390.0379896592349; 
2, -381.8819959544344; 
1, -380.63527958863415; 
1, -385.6979610705748; 
1, -390.4721453751554; 
4, -380.3049930820125; 
4, -386.4003156856634; 
4, -383.5644503121148; 
4, -383.4792436650605; 
4, -380.7592704172712; 
2, -384.61215310689295; 
2, -377.8587283314555; 
2, -386.5939104107674; 
3, -399.89079634827795; 
10, -399.85125310794683; 
5, -389.43095243372954; 
10, -394.6976219138014; 
10, -396.55367319023935; 
10, -394.13058132107835; 
10, -389.4410137771629; 
4, -392.3422261305386; 
12, -398.58496250072494; 
9, -381.35912881046534; 
11, -373.9847522263299; 
5, -387.1711320487666; 
6, -375.1814354576054; 
5, -365.8194296620786; 
1, -374.3726661399123; 
5, -373.09930472722044; 
3, -373.13431416498497; 
5, -367.02932347898604; 
3, -375.8861763837049; 
5, -383.6952888793312; 
2, -375.29472253558924; 
5, -371.1153705244651; 
2, -379.3506792145199; 
5, -374.23761654348345; 
7, -382.70198695291765; 
3, -378.60119869565824; 
3, -373.9166200813488; 
3, -377.83247049181955; 
4, -373.0425441355328; 
3, -381.0474182132166; 
4, -375.17829207045725; 
3, -366.6270187685732; 
4, -378.191892172792; 
4, -376.2293128663441; 
1, -379.7796258108574; 
2, -385.45548582763877; 
2, -382.4684279606445; 
3, -380.95951158425305; 
3, -381.9087603336666; 
10, -340.07381979125785; 
9, -302.56774107622914; 
4, -367.7525638238876; 
2, -378.5149219890591; 
3, -379.7292671886971; 
1, -375.3448245038744; 
3, -378.0653164674295; 
1, -384.6120283600176; 
11, -371.4688032232807; 
2, -387.65607738285325; 
4, -377.996411998698; 
4, -369.762825628859; 
4, -371.7263231090619; 
1, -386.66558212268865; 
2, -379.76141003653174; 
4, -389.9219910737593; 
3, -393.7334950095392; 
13, -400.0; 
10, -345.3510744405794; 
10, -279.9206565428758; 
10, -331.1947010284639; 
13, -400.0; 
4, -391.33698359987466; 
13, -400.0; 
2, -383.5722197047435; 
4, -384.82403817860177; 
10, -349.6901780284825; 
10, -326.2295700654504; 
4, -389.57301357900724; 
6, -371.842780885112; 
11, -383.73663579759886; 
3, -389.58591266482836; 
2, -378.6964805406751; 
3, -380.5613742103451; 
3, -374.4087720332318; 
2, -377.80244334001327; 
6, -371.3331390049425; 
5, -372.4501024593483; 
6, -380.3792164713959; 
10, -322.5117725082673; 
8, -272.3108125277213; 
1, -384.3657459876267; 
3, -386.5203962342348; 
3, -372.9647870314657; 
3, -369.52521147730295; 
4, -373.6106076176511; 
5, -374.180878666637; 
3, -382.26591013913276; 
4, -374.24593348952476; 
4, -377.0195741378702; 
10, -353.126830162073; 
4, -379.9558836944634; 
4, -371.12354140833486; 
3, -373.2641067452496; 
4, -365.3104442243348; 
2, -383.11187829618575; 
4, -370.55940679635387; 
3, -369.9730428304756; 
7, -351.9632855699747; 
9, -305.1291353944107; 
7, -354.8413178799092; 
5, -379.64832289901096; 
2, -380.9546595751308; 
4, -379.3169012539438; 
4, -371.21849968179595; 
3, -374.57789132831385; 
3, -376.31870562926633; 
2, -373.49984003865393; 
5, -377.4706617560005; 
1, -384.8012130225543; 
2, -381.9946625151206; 
3, -377.4252833526698; 
5, -370.5699454189744; 
4, -383.2374580677133; 
4, -388.5337654417963; 
2, -388.30000519624446; 
11, -377.2988782218308; 
11, -384.8496250072494; 
11, -383.0947375050746; 
11, -371.1894750101492; 
11, -373.2153065589955; 
10, -371.60451250942424; 
10, -356.23306480731117; 
10, -336.9670341684832; 
10, -337.7233371656621; 
11, -310.24337738135364; 
9, -334.56772486289265; 
9, -307.25260373129277; 
10, -330.3366233027191; 
10, -282.3010371081182; 
9, -363.49569174676435; 
10, -363.6377974304487; 
11, -357.3816455624765; 
10, -292.126688142831; 
10, -274.7678647105349; 
10, -316.53066012082854; 
10, -224.1581146105891; 
10, -238.89818718965398; 
10, -173.25076129857916; 
11, -169.57323974114843; 
11, -190.17192117410013; 
11, -180.06364531937288; 
11, -171.3198578125448; 
11, -194.66749239416094; 
12, -168.65327073412482; 
10, -176.59136573277647; 
10, -147.54935669567203; 
13, -124.48046856565634; 
10, -145.93352901295293; 
10, -155.11374387476826; 
12, -116.60917110124137; 
10, -158.83239769359352; 
9, -215.03462711826432; 
10, -170.11400867276825; 
10, -209.9434845953947; 
9, -331.21555304474896; 
11, -270.18273374653654; 
10, -263.6083121583215; 
10, -199.90082978265127; 
11, -195.33629017649218; 
10, -207.55253884155536; 
10, -234.93838777660858; 
9, -323.45737304980867; 
10, -366.22104736662004; 
9, -305.8680951373535; 
11, -299.78606712498004; 
2, -377.5792879726505; 
11, -386.52769691235153; 
