3, -282.3515334534013; 
2, -263.16843021163794; 
2, -230.5892396404704; 
3, -247.05917523611515; 
5, -152.07487158949903; 
5, -145.67555858034393; 
5, -224.5847773292021; 
5, -247.4319860525759; 
5, -180.09643911564103; 
5, -186.06106008252368; 
5, -169.4956771672596; 
5, -148.4736248985596; 
5, -174.371899906414; 
5, -249.81860337068565; 
5, -162.91502366689065; 
5, -218.32546754888244; 
5, -238.73960339416044; 
5, -163.98941949508207; 
5, -177.0071652178849; 
5, -196.68044555474262; 
5, -180.9324682165152; 
6, -169.53796304323896; 
6, -183.59493597930305; 
5, -168.50348939638752; 
5, -141.50593266877877; 
5, -162.94460398240153; 
5, -223.40346391702315; 
6, -163.44049526794333; 
5, -179.29046112254218; 
5, -226.03479798315857; 
5, -218.2921093336745; 
5, -198.33667147252072; 
8, -144.8388756919976; 
5, -190.80842886549635; 
6, -209.69265922438717; 
5, -169.59551418922092; 
5, -158.27778680978554; 
6, -197.19257647885206; 
5, -181.95540135084775; 
5, -200.69788306203463; 
5, -149.550799159716; 
6, -173.35919447889137; 
5, -162.66373594595007; 
5, -206.91181638459784; 
5, -153.6692970574568; 
5, -152.3017506006545; 
4, -213.06751377644287; 
5, -160.73563480376106; 
5, -237.75215512141403; 
5, -182.19020984243434; 
6, -185.70960123355508; 
6, -171.7850190889003; 
5, -209.77743206349624; 
4, -206.60356047907044; 
5, -189.87567943567774; 
5, -146.81228252193796; 
5, -149.28676912029005; 
5, -196.29212713043853; 
5, -169.07924305163942; 
5, -181.05097376762387; 
5, -185.9788765019457; 
5, -195.7306033358709; 
5, -126.44605654906809; 
6, -155.8696257986212; 
5, -198.66188990319642; 
5, -181.80707253976288; 
5, -202.36080153956573; 
5, -190.01271155327413; 
5, -160.1190339623172; 
5, -152.93066828024348; 
5, -149.56123737957205; 
5, -143.92412818852245; 
7, -165.00991287489705; 
5, -192.08324160791926; 
6, -147.98827661522046; 
5, -168.89585348706896; 
5, -192.1900372105356; 
5, -161.28499201686827; 
5, -162.13359113173647; 
5, -132.58835427524718; 
5, -171.59278840278785; 
5, -171.62184932684067; 
7, -133.78689775281964; 
6, -119.65694348868601; 
5, -178.40938182232094; 
5, -146.61082475788498; 
11, -369.66802337583067; 
9, -398.7548875021639; 
9, -394.1699250014426; 
12, -400.0; 
12, -400.0; 
12, -400.0; 
8, -395.24453000134963; 
11, -400.0; 
10, -399.5849625007213; 
14, -400.0; 
10, -399.0; 
11, -398.5849625007213; 
10, -400.0; 
11, -400.0; 
11, -400.0; 
11, -400.0; 
7, -399.97726099278225; 
11, -400.0; 
12, -400.0; 
12, -400.0; 
10, -396.3398500028852; 
11, -400.0; 
12, -400.0; 
12, -400.0; 
9, -386.5439907196669; 
6, -289.3905716776135; 
6, -246.38286157123366; 
6, -305.8978245477592; 
6, -315.35891715760954; 
10, -400.0; 
12, -400.0; 
11, -400.0; 
8, -396.18947501009825; 
11, -400.0; 
11, -400.0; 
11, -400.0; 
12, -400.0; 
11, -400.0; 
12, -400.0; 
9, -397.754887502153; 
9, -398.9068905956083; 
12, -400.0; 
12, -400.0; 
9, -398.509775004306; 
11, -400.0; 
11, -399.58496250071767; 
10, -399.33985000287066; 
12, -400.0; 
12, -400.0; 
10, -399.58496250071767; 
10, -399.754887502153; 
10, -399.58496250071767; 
10, -394.33985000287066; 
11, -400.0; 
12, -400.0; 
10, -394.01792190798005; 
10, -394.7649411668099; 
9, -389.67970000573405; 
9, -391.8675469151567; 
1, -387.22623245474824; 
11, -400.0; 
12, -400.0; 
12, -400.0; 
13, -400.0; 
12, -400.0; 
1, -389.9067135283767; 
9, -396.2662906070909; 
8, -388.98663259731984; 
11, -400.0; 
7, -381.10971714060724; 
9, -387.4262033414998; 
8, -351.8625802135575; 
4, -392.61337779366295; 
11, -400.0; 
11, -400.0; 
11, -400.0; 
9, -397.022825140637; 
12, -400.0; 
8, -373.9600553217897; 
12, -397.58496250071767; 
1, -389.56276121360133; 
9, -399.11265941299644; 
9, -398.7907313181131; 
11, -400.0; 
1, -389.5702917072049; 
1, -385.0567792218135; 
1, -384.3526417319081; 
12, -400.0; 
11, -400.0; 
1, -393.1986021167031; 
10, -398.357771910858; 
12, -400.0; 
1, -397.04502630530624; 
1, -364.73718107223976; 
1, -398.52799445344135; 
1, -386.9040122637816; 
1, -395.88392438110895; 
1, -379.93378463923; 
1, -384.31846525847504; 
11, -399.58496250071767; 
1, -396.56815561067197; 
8, -378.80705422133906; 
9, -377.69428779294685; 
1, -381.76018840042525; 
10, -398.2758869441459; 
1, -388.9377913158096; 
9, -356.64739376738; 
8, -366.67717573908885; 
11, -400.0; 
12, -400.0; 
10, -390.95395884926256; 
12, -400.0; 
9, -383.2839819797955; 
12, -400.0; 
9, -389.96065631954116; 
12, -400.0; 
3, -393.20371645693376; 
9, -392.26629060708365; 
12, -400.0; 
1, -393.90220848044555; 
11, -397.7548875021748; 
13, -400.0; 
9, -394.944362512324; 
12, -400.0; 
10, -394.0947375050746; 
4, -396.5266839458782; 
12, -400.0; 
1, -399.4656474879157; 
1, -391.53433074279747; 
12, -400.0; 
11, -399.7548875021748; 
12, -400.0; 
11, -399.1699250014499; 
11, -400.0; 
8, -376.00217820085527; 
5, -386.4572680933925; 
4, -399.60499107030046; 
3, -392.718922101325; 
11, -399.58496250072494; 
2, -393.4060925357189; 
13, -400.0; 
10, -373.1090734152094; 
10, -389.83170309924753; 
1, -397.00261368106294; 
1, -393.5002123841696; 
1, -378.72438158400473; 
8, -344.383568062156; 
1, -371.22095854437794; 
1, -382.9531708052964; 
9, -354.1203006447031; 
9, -362.82455725928594; 
1, -388.9366083100904; 
1, -384.16047119523864; 
1, -375.37433333198715; 
10, -357.22277886194934; 
8, -358.1010002313851; 
1, -382.28914576648094; 
1, -371.5610710317269; 
1, -388.2161240134301; 
1, -383.09719477825274; 
1, -385.1014528580563; 
11, -400.0; 
4, -393.88286852950114; 
3, -376.16476989502553; 
4, -384.7234940655617; 
2, -385.4220550744503; 
1, -395.0535712060664; 
11, -397.58496250072494; 
4, -392.2658744446235; 
10, -397.2646625065245; 
1, -386.3762115744903; 
1, -395.0471709912963; 
1, -377.0722218052979; 
1, -377.50548911152873; 
2, -388.01224053830083; 
1, -371.5066673087422; 
9, -381.18402591177437; 
1, -375.54003990109777; 
1, -377.45807178277755; 
1, -372.00481237885833; 
1, -388.8845925989299; 
1, -382.1373483392381; 
5, -381.88986034518166; 
5, -393.8275363588473; 
8, -315.3368118671351; 
9, -349.6139138014987; 
1, -381.2659238990891; 
1, -399.84837437023816; 
1, -394.57142219072557; 
2, -385.6247928827215; 
12, -400.0; 
13, -400.0; 
1, -394.1072953328403; 
3, -391.6851355416293; 
1, -385.44389123970177; 
1, -397.14314219188236; 
1, -390.3666483134439; 
1, -390.0514379712986; 
2, -394.97553094051545; 
2, -382.26162214881333; 
1, -383.11188062344445; 
9, -310.4169497481198; 
9, -303.73206876631593; 
5, -388.70223791807075; 
8, -356.7434981844126; 
11, -397.41503749927506; 
2, -387.7493232037086; 
1, -386.1139327666606; 
1, -383.18082321704424; 
11, -399.58496250072494; 
12, -400.0; 
1, -385.06125448468083; 
3, -385.90390838911117; 
12, -400.0; 
1, -383.0179366818629; 
1, -382.88426178810187; 
1, -377.5941796654952; 
2, -387.6786299938394; 
1, -394.8679467084439; 
2, -394.5464595897065; 
1, -388.8764740656479; 
1, -381.27042520853865; 
5, -374.2657589971641; 
5, -369.3547298449994; 
8, -349.4129603502515; 
5, -380.2012694757723; 
1, -378.72225466497184; 
7, -320.1209110323398; 
8, -343.27174617031415; 
4, -382.93383812802495; 
2, -393.95823776845646; 
1, -385.88929034536704; 
4, -382.51483875759004; 
3, -386.83578422096616; 
5, -384.7398001156689; 
5, -378.6473552734533; 
1, -398.5909703766374; 
2, -386.7434365392255; 
1, -398.0814415711793; 
4, -396.9566148492886; 
3, -397.08735713985516; 
1, -379.1294206826424; 
1, -370.0368436179997; 
1, -379.4229309972143; 
4, -389.47307276166975; 
4, -390.1994352738402; 
4, -380.19831115653506; 
5, -387.407676055911; 
4, -381.72144923437736; 
1, -396.7389663283684; 
4, -379.14071307230915; 
7, -344.91234267517575; 
4, -364.537685736228; 
6, -344.0328336384846; 
8, -292.4582632980164; 
9, -348.2831959807081; 
8, -348.0300005556055; 
10, -386.6039115117019; 
1, -377.10192557852133; 
1, -377.94828947397764; 
9, -311.50384106066485; 
11, -372.3802207862027; 
4, -370.000444240839; 
4, -374.2747045671276; 
9, -372.39354054784053; 
9, -378.0890274730773; 
1, -391.1619681654847; 
1, -386.6522479482228; 
4, -390.3880214919627; 
4, -381.8490196128987; 
1, -374.5824251403392; 
1, -379.78343330926145; 
4, -381.4574570287805; 
1, -368.0272619915777; 
5, -367.8215154511272; 
1, -381.44602310389746; 
9, -351.5957506785344; 
9, -297.9660002059536; 
9, -343.54119945121056; 
9, -347.3534358600591; 
9, -312.640538584732; 
1, -374.1486166167306; 
1, -377.96617953368695; 
4, -388.81155282616965; 
1, -389.2439839030267; 
2, -368.8852081944351; 
2, -377.9509058932308; 
3, -382.2604315043427; 
1, -380.2384224285779; 
6, -369.82097633354715; 
9, -293.038302859728; 
1, -372.9437375125126; 
1, -373.4304785640852; 
6, -365.0701857943495; 
8, -374.7688194513321; 
1, -385.5863351862354; 
9, -393.9661271472287; 
1, -386.3398986721295; 
1, -370.3989847609482; 
2, -367.8585135253961; 
1, -389.8267066433036; 
1, -394.39762299254653; 
1, -384.7697631935007; 
1, -381.86079431764665; 
1, -371.6618547782127; 
1, -366.91722432590905; 
1, -378.70078480019583; 
8, -330.79522883161553; 
6, -358.6672326796688; 
4, -386.3151808263792; 
1, -365.82984557846794; 
1, -374.38322870509; 
1, -379.73888475832064; 
1, -382.8289944648277; 
1, -377.4321537701471; 
1, -387.47113445642754; 
2, -393.13743419235107; 
4, -383.82907307727146; 
1, -370.2596672929649; 
8, -345.56042045759386; 
7, -388.21010747825494; 
1, -376.62319356235093; 
1, -375.8660625925695; 
2, -391.64907200683956; 
5, -382.27681805792963; 
4, -396.3740794476762; 
3, -377.9772671276005; 
1, -392.05323963976116; 
12, -399.58496250072494; 
13, -400.0; 
5, -387.4917144709907; 
3, -393.83399599720724; 
1, -376.76922633405775; 
1, -391.4251852625166; 
1, -370.23989873193204; 
1, -382.79082100765663; 
1, -380.59404847351834; 
3, -384.433441972069; 
1, -375.9995905068354; 
1, -379.47785886671045; 
1, -385.28912316757487; 
2, -373.99045318050776; 
1, -373.6888109726424; 
4, -363.18465571972774; 
1, -374.97216999554075; 
4, -376.66723263598396; 
1, -373.5203647254384; 
1, -386.69991473984555; 
1, -374.43017463295837; 
1, -373.881140573445; 
1, -376.96472292608814; 
2, -386.7540233018226; 
1, -371.26348807747127; 
2, -372.3626224573818; 
2, -370.6127234683081; 
1, -392.80948145943694; 
1, -374.7196322795062; 
1, -394.08551866858033; 
1, -370.68403623704216; 
10, -358.7078003178467; 
9, -325.61079404954216; 
1, -384.3304620911367; 
11, -254.20414071675623; 
10, -338.5260688116541; 
9, -307.25804061075905; 
10, -300.47626381588634; 
10, -363.6339300562395; 
11, -356.9001345298602; 
10, -350.20739691815106; 
10, -334.8723450837424; 
10, -376.55204508954193; 
9, -374.74992319679586; 
1, -396.04175218296587; 
5, -387.390694286878; 
1, -388.2585089940694; 
1, -393.12932067815564; 
1, -389.4605703142297; 
5, -393.98967754261685; 
9, -321.2398159947479; 
4, -366.66578551571; 
1, -364.4026995864406; 
2, -381.75206130661536; 
8, -328.741154874966; 
8, -319.08838198753074; 
5, -380.9110192715307; 
9, -278.454786422255; 
6, -338.04276644132915; 
6, -370.05140341611695; 
5, -382.6954705436365; 
4, -376.17149281312595; 
4, -379.65385693032295; 
4, -379.8807402996172; 
3, -383.15249426235096; 
1, -369.1744793719554; 
1, -385.3641847136314; 
2, -386.12999631877756; 
12, -400.0; 
3, -392.5342488795286; 
1, -388.91662131925113; 
2, -389.0478827539191; 
7, -365.3531548779574; 
1, -366.58826668272377; 
8, -338.82174822551315; 
8, -278.0222941255779; 
6, -373.27075111254817; 
5, -362.40247866051504; 
1, -366.1899290361034; 
1, -383.58399623294827; 
1, -377.2532209320925; 
5, -392.0805993315298; 
5, -388.8720293729857; 
1, -376.7370585464523; 
1, -363.5830856918765; 
1, -367.93930445885053; 
1, -370.8314394665358; 
10, -361.33840101820533; 
8, -316.3535075481341; 
9, -283.75486376151093; 
8, -298.4813493479742; 
4, -392.02111217958736; 
1, -379.0085037240642; 
1, -377.2403594448697; 
3, -381.461444497254; 
2, -369.1138543142588; 
1, -373.2271772226086; 
1, -367.1895377744222; 
4, -364.75117477806634; 
1, -378.3776110195322; 
1, -368.4376900874486; 
11, -369.28678158530965; 
2, -380.1803211182705; 
2, -368.64319315567263; 
10, -351.6485537723347; 
2, -375.0212732110813; 
1, -378.7983737135655; 
1, -365.976875404187; 
1, -367.1706632777641; 
9, -353.43098119291244; 
9, -288.69286821302376; 
11, -379.75651560287224; 
7, -352.6052559701202; 
1, -377.66907432023436; 
5, -370.1530237951374; 
9, -351.9186758901633; 
10, -301.8782743604679; 
1, -366.39303435600596; 
1, -378.46091927890666; 
6, -358.95637268127757; 
1, -388.3755509495968; 
1, -374.45776472089346; 
2, -380.2314268728078; 
1, -379.8790234847693; 
1, -377.1107680845016; 
3, -377.602211066609; 
1, -380.29302982101217; 
2, -370.95772987633245; 
3, -372.75217506926856; 
4, -385.9774499014893; 
1, -380.4737065566296; 
5, -374.36868733898154; 
9, -324.3410747501184; 
2, -390.05797335132957; 
4, -371.92612170570646; 
1, -384.78804011954344; 
1, -379.9801552305289; 
6, -370.1709395458456; 
8, -342.0567137468606; 
1, -373.312830232142; 
3, -379.50482137021027; 
1, -380.6384583398758; 
6, -366.97295372353983; 
7, -351.8157938820368; 
10, -386.30050632252824; 
6, -366.45466644575936; 
4, -374.0063262657204; 
4, -380.0786585989408; 
6, -364.8377284819144; 
9, -265.68976145307533; 
4, -364.27631200512405; 
2, -378.38519823682145; 
1, -386.59951210339204; 
3, -388.2383187246742; 
8, -304.89616247234517; 
9, -363.5900482350553; 
1, -391.38786717524636; 
1, -370.503829613619; 
10, -278.4002706712927; 
10, -283.60130066014244; 
10, -295.1767005235306; 
10, -265.04467174055753; 
10, -256.0410752543248; 
10, -195.15588363222196; 
11, -187.43526691937586; 
10, -195.28704718319932; 
11, -251.6321077485336; 
11, -383.23998453276; 
10, -212.18405706281192; 
11, -291.1165142157988; 
2, -370.995964867936; 
1, -370.28866915378603; 
1, -367.90902659500716; 
1, -374.3154490664019; 
1, -370.054708966054; 
1, -395.33477045275504; 
3, -393.89001552719856; 
2, -386.1210339748068; 
5, -370.2180114450166; 
9, -225.01114755123854; 
11, -191.113335830305; 
2, -387.2363235617522; 
5, -376.9370596962399; 
3, -371.19896857536514; 
1, -371.4552204677602; 
2, -364.04641346193966; 
2, -375.2348581586848; 
1, -361.2856214539206; 
2, -373.7346290423302; 
1, -363.40374651856837; 
5, -373.14516199656646; 
10, -382.8730226554035; 
10, -355.4395932376501; 
4, -369.48991550301434; 
4, -371.96182722994126; 
5, -376.59773888468044; 
4, -389.8433885994018; 
3, -393.41954470443306; 
1, -398.455062267778; 
2, -376.7110160730372; 
2, -387.0435234468605; 
2, -384.0342151436198; 
3, -383.5400755488663; 
2, -385.6682565243682; 
3, -390.33784765496966; 
4, -385.9923416362144; 
3, -364.0300726016576; 
1, -364.6628688466735; 
1, -363.7891590788786; 
1, -363.146890586504; 
1, -371.317061349313; 
1, -365.78926126501756; 
2, -388.7040110596863; 
5, -379.743362266483; 
2, -388.8332255000423; 
1, -384.0380855455878; 
1, -374.7677172064723; 
3, -384.26420994335786; 
6, -393.8902091436612; 
4, -391.27567267182167; 
4, -389.9724655399623; 
1, -388.18039783797576; 
4, -386.7567657988402; 
1, -387.92642287365743; 
1, -395.2795588982117; 
1, -391.63559594823164; 
2, -384.7978965823713; 
1, -365.9931789441616; 
2, -378.95973661800963; 
1, -372.10352808370953; 
1, -370.5409535042709; 
10, -366.80865322618047; 
11, -384.2467405985226; 
11, -363.1651268329588; 
10, -347.6713158393395; 
3, -368.45562736393185; 
10, -349.9654544881196; 
12, -364.0768155970727; 
1, -390.41899325867416; 
11, -397.7548875021748; 
4, -388.5541432389873; 
1, -389.0575580407749; 
3, -383.23947071732255; 
1, -385.4993658969761; 
1, -382.87578515705536; 
1, -393.05287249403773; 
3, -389.14940324271447; 
3, -386.4784973237256; 
10, -339.42336585893645; 
10, -341.6892377473414; 
9, -339.9804499913007; 
10, -351.90587873902405; 
9, -349.3689963485813; 
10, -348.90176263055764; 
10, -322.9391484136577; 
11, -332.563559659; 
11, -345.8170563232852; 
10, -298.05660599522525; 
11, -310.85984179825755; 
9, -313.68388609058456; 
2, -373.9550621742965; 
1, -376.31000128525193; 
1, -369.4421558668837; 
1, -369.3207771968446; 
1, -374.0910560088814; 
2, -379.4262784830935; 
6, -366.05158475402277; 
8, -282.415556430351; 
6, -331.33199771514046; 
6, -360.8166136778891; 
2, -378.02466389437905; 
2, -368.0526709605474; 
10, -365.80638401879696; 
6, -379.5490197163308; 
2, -380.7580734290823; 
9, -282.68042655466706; 
11, -374.76624967795215; 
5, -377.59467254270567; 
4, -384.7106450907013; 
5, -394.2479903183703; 
1, -397.6219118781737; 
2, -394.97501158021623; 
9, -331.955325099756; 
10, -374.82913559739245; 
6, -387.392070005415; 
3, -398.8768297271454; 
5, -377.9876749854593; 
11, -394.43295940727694; 
10, -399.1959012793377; 
5, -380.7739006553602; 
2, -385.5975198082742; 
4, -378.4720339671476; 
2, -385.8389646015712; 
8, -371.9603096084902; 
9, -332.3141223763814; 
9, -312.214743340679; 
11, -363.96414450596785; 
6, -376.38931448734365; 
8, -308.3666282859049; 
9, -239.6886293128482; 
9, -345.14535524504026; 
5, -386.8117675143876; 
3, -396.30138086230727; 
9, -396.8101448773523; 
1, -387.04251545859734; 
1, -386.1131787711056; 
1, -386.50080018048175; 
1, -384.60354100429686; 
10, -307.4401439029025; 
9, -357.19405499164714; 
1, -389.33622526586987; 
3, -393.81058551033493; 
5, -380.17361202504253; 
8, -290.31315991753945; 
9, -360.04466493672226; 
2, -390.99199298542226; 
2, -391.8349823181052; 
1, -387.87305574439233; 
1, -392.42502522014547; 
4, -390.3265688761021; 
11, -366.06693189265206; 
9, -230.87546471046517; 
1, -389.67425865656696; 
9, -342.9246360390098; 
9, -302.5955945138121; 
4, -385.5868134631892; 
1, -380.8350967359729; 
1, -384.05069657892454; 
2, -383.9285424472182; 
9, -257.5768658336019; 
11, -358.7387350422796; 
1, -389.0549231467885; 
1, -385.63364193722373; 
3, -396.2041548418347; 
6, -392.49692715273704; 
4, -397.01837907906156; 
9, -322.67537219583755; 
9, -252.12315389333526; 
11, -310.0513333011186; 
10, -296.29056888545165; 
10, -302.79494794528; 
10, -239.11730303935474; 
9, -300.5564372232766; 
11, -248.74064910021843; 
10, -301.8882210093434; 
10, -274.7976806750521; 
11, -251.52946060261456; 
10, -214.14789403189206; 
11, -187.97578465682454; 
12, -174.8420940869837; 
10, -197.43900354078505; 
11, -186.96422108187107; 
10, -207.23642816621577; 
5, -375.20775512448745; 
6, -391.6477449515369; 
1, -389.14274400868453; 
10, -297.06934207549784; 
11, -355.93304738838924; 
9, -272.72994346084306; 
9, -320.594909257954; 
2, -398.12844124244293; 
3, -399.1496285186149; 
1, -391.6705566030578; 
10, -357.72718207357684; 
9, -284.89187112729996; 
11, -397.50977500434965; 
13, -400.0; 
11, -399.33985000289977; 
11, -398.7548875021748; 
14, -400.0; 
12, -399.58496250072494; 
13, -399.58496250072494; 
2, -396.9114822623087; 
11, -377.10249910049606; 
9, -329.380333854584; 
4, -373.67750489595346; 
10, -357.9227532306686; 
10, -296.2390691913897; 
8, -349.2665281260852; 
5, -369.8243899017107; 
10, -238.3727085487335; 
8, -217.90403311949922; 
9, -217.63336597941816; 
6, -356.2073314838344; 
4, -378.6543352176086; 
2, -384.344073506305; 
3, -382.54044188419357; 
6, -362.8775575890322; 
8, -312.2652706656372; 
1, -391.212633786723; 
3, -383.3526857350953; 
1, -389.4215836740332; 
2, -383.23687526915455; 
4, -383.0951437370386; 
1, -395.1829408764024; 
4, -397.9801112670684; 
13, -400.0; 
14, -400.0; 
3, -392.462498903973; 
4, -388.41741859767353; 
13, -400.0; 
5, -393.4626321170945; 
5, -387.7674716832116; 
5, -390.6222018348053; 
5, -375.4868038079585; 
10, -392.4372616423061; 
6, -383.5397116013337; 
6, -360.0662854636321; 
8, -348.7187676257454; 
6, -348.33044314128347; 
6, -349.9654001123854; 
8, -347.28999926755205; 
9, -356.01916807622183; 
6, -340.55760911881225; 
7, -336.3137952716206; 
8, -330.0016056058812; 
6, -352.9054257918615; 
6, -344.53555918234633; 
5, -369.8434532327228; 
6, -381.4698988816235; 
2, -382.5844955412904; 
11, -337.6361582320533; 
5, -359.538131735404; 
6, -360.0242512195837; 
6, -350.84768446872476; 
5, -367.59015097102383; 
7, -326.00244313816074; 
7, -308.829506534501; 
7, -300.4455423289328; 
7, -305.08724673331017; 
5, -372.27531126118265; 
1, -387.5249684370938; 
7, -359.06660007691244; 
8, -325.79698567435844; 
9, -349.9080110525829; 
1, -361.52984957315493; 
6, -340.8635238657589; 
9, -288.9154392959899; 
7, -293.79495638166554; 
9, -304.2026730827056; 
11, -322.3565380634391; 
4, -366.42192878894275; 
6, -373.74233431200264; 
3, -380.2171262023621; 
3, -379.9362842106493; 
2, -387.73467800812796; 
6, -387.35937872948125; 
3, -374.88733108207816; 
4, -369.32389013131615; 
2, -376.65768106502946; 
1, -371.4989901406807; 
5, -369.0667262056959; 
2, -386.8616231967462; 
4, -385.28214737813687; 
9, -281.69950379728107; 
1, -384.4894905713154; 
3, -384.20196237636264; 
10, -328.134305947402; 
5, -365.28550016874215; 
5, -380.985248586745; 
3, -372.45826565055177; 
4, -369.7130754174432; 
1, -377.0561902996269; 
2, -377.9243078985601; 
1, -392.0853506788844; 
3, -373.63340387737844; 
5, -387.1092366729281; 
5, -373.82105530559784; 
5, -379.7690639637294; 
3, -365.6131923253997; 
3, -370.55058398400433; 
2, -384.2210302358726; 
5, -362.6330178459175; 
4, -393.6095016512554; 
2, -387.2292486648075; 
3, -392.2644335454679; 
3, -381.74568758974783; 
1, -391.22295394999674; 
1, -385.0015311440802; 
3, -375.66427246970125; 
4, -376.3703504576697; 
2, -384.98107268469175; 
1, -378.5661713432055; 
3, -378.6248095523333; 
1, -397.10868271125946; 
5, -386.3826660118066; 
5, -369.45022993779276; 
9, -252.0866740127094; 
12, -381.58209164685104; 
3, -381.2946484077838; 
3, -396.12233625992667; 
4, -395.2138731198502; 
4, -390.3997880378738; 
4, -380.5528114052722; 
5, -385.75856128992746; 
3, -388.1899117087596; 
3, -387.61796183366096; 
3, -390.11171698587714; 
2, -385.7379584192531; 
2, -379.55698550044326; 
9, -364.11286504979944; 
11, -261.8049291394418; 
4, -390.8677564874524; 
2, -380.6839547022246; 
1, -393.411565091752; 
1, -396.64497083972674; 
6, -388.0620208340115; 
5, -375.0975346764317; 
1, -386.7232563546859; 
1, -385.3154518586234; 
1, -398.1171173812472; 
4, -394.6086027972633; 
2, -383.2952534787473; 
1, -392.6533550894237; 
1, -395.25024320196826; 
2, -384.3054272950976; 
2, -388.60856231255457; 
2, -381.0935954998131; 
1, -390.69269741734024; 
2, -387.91232797771227; 
4, -380.0389911274542; 
1, -384.0079582776525; 
1, -387.8326939679682; 
10, -349.3381458487129; 
10, -263.2413204968325; 
9, -252.90615323540987; 
9, -271.2983669983223; 
3, -386.1694684177637; 
3, -380.9685507476679; 
7, -329.2059266571305; 
9, -268.58207381522516; 
4, -360.4939581445069; 
11, -382.39661965781124; 
9, -369.91294877638575; 
9, -251.3461890790495; 
10, -309.1195787729812; 
11, -384.0700595313101; 
10, -376.06104671710636; 
9, -201.26478182716528; 
10, -299.5088142133318; 
3, -379.3450725093717; 
9, -362.0406149061746; 
10, -337.14562175801257; 
10, -298.31186249962775; 
11, -295.3168744808645; 
12, -354.1396352465963; 
9, -208.52467264590086; 
9, -345.4450788904214; 
2, -390.819127513445; 
1, -395.3213816412608; 
12, -398.58496250072494; 
3, -396.2374044106109; 
11, -366.2646625065245; 
12, -399.7548875021748; 
14, -400.0; 
10, -323.7416850408772; 
10, -274.5861637647613; 
9, -291.2561424280866; 
9, -246.06128876353614; 
10, -243.64059287501732; 
10, -203.35332782217301; 
9, -172.99146210600156; 
10, -198.6081683463417; 
9, -237.7276674466557; 
8, -268.73923308379017; 
8, -212.27355581353186; 
7, -264.23215882701334; 
10, -191.16758834861685; 
8, -230.81552511826158; 
9, -204.33493233163608; 
9, -272.18399798631435; 
10, -155.978222077596; 
9, -162.14235175703652; 
10, -258.15452614519745; 
9, -154.16632173140533; 
10, -191.28239012509584; 
9, -209.49590276746312; 
7, -208.053058527119; 
9, -172.61124145559734; 
10, -302.27408195863245; 
9, -255.78140036965488; 
9, -292.9061375830206; 
10, -297.35413299989887; 
8, -321.72842356556794; 
9, -268.7432891186909; 
10, -314.3545758659602; 
7, -237.2089098112774; 
8, -176.04647135006962; 
8, -178.15383563644718; 
8, -221.46479982254095; 
8, -201.24881971802097; 
9, -157.16664859408047; 
10, -190.21370681677945; 
9, -231.7157405546168; 
9, -175.11409190809354; 
8, -187.4580967812799; 
10, -147.6252638536389; 
8, -168.61352120916126; 
10, -175.79535117006162; 
8, -174.20742196397623; 
8, -194.84388921101345; 
8, -173.73939275264274; 
8, -179.22092288016574; 
9, -180.29662886535516; 
9, -175.43161592492834; 
10, -168.88973931811051; 
10, -166.8033062577597; 
10, -243.77800117840525; 
9, -183.33717625995632; 
9, -163.16359853721224; 
8, -128.1462415336864; 
10, -187.59515142673627; 
10, -150.8556812973693; 
10, -131.72553240909474; 
9, -173.1954457666725; 
7, -170.33316960552474; 
9, -149.15022354654502; 
10, -179.2264943861519; 
13, -386.36643265892053; 
1, -385.1727048071916; 
2, -391.00559720466845; 
4, -377.376317661081; 
4, -379.4359023621073; 
4, -375.9570149059873; 
3, -387.45909959089477; 
1, -380.5377098203171; 
3, -369.0131453387439; 
1, -378.7010655417689; 
5, -375.36419723095605; 
3, -373.70406254404224; 
6, -387.71168039453914; 
5, -378.0299381733639; 
3, -383.3595258917194; 
4, -371.81320220569614; 
1, -389.0365714498912; 
5, -370.21770614600973; 
2, -378.70256661245367; 
3, -381.72497333423235; 
1, -390.2235218154383; 
4, -377.93837262527086; 
1, -381.61713335616514; 
2, -380.1202157193329; 
2, -379.5586755477125; 
4, -379.18286302732304; 
4, -367.4852817035862; 
4, -377.7242796163191; 
1, -387.6373401785386; 
4, -377.9094304938917; 
1, -387.94579773314763; 
3, -389.94823194743367; 
1, -382.6722927655792; 
10, -376.1702561467537; 
11, -334.5833945639897; 
3, -378.856310438714; 
2, -368.4536510935286; 
3, -383.43373760947725; 
3, -384.42183001548983; 
2, -367.3927991805249; 
2, -377.0844856487238; 
1, -391.6448333421722; 
5, -385.3276527990238; 
4, -384.57792001153575; 
6, -367.431673951447; 
1, -377.1555150075583; 
3, -386.7676389843691; 
3, -388.0359663220588; 
1, -371.1971554927295; 
4, -372.61088238295633; 
1, -378.0386737676454; 
4, -375.41396453406196; 
2, -387.9921309562633; 
1, -391.46295070130145; 
1, -381.1438100520172; 
2, -381.30442616855726; 
1, -392.7169259697548; 
2, -379.8405962558463; 
9, -273.0293991728104; 
9, -269.54348777089035; 
1, -393.25289525825065; 
4, -374.03407172334846; 
4, -390.50408933113795; 
2, -378.3033465342596; 
2, -381.4880218919134; 
1, -386.18620395008475; 
2, -386.57193051313516; 
1, -376.9696216272423; 
2, -390.13462651515147; 
3, -375.3126422641217; 
13, -400.0; 
10, -355.45735443907324; 
10, -301.50425525731407; 
10, -343.444829146727; 
2, -382.09129989886424; 
9, -248.93239908351097; 
9, -266.3767254300765; 
9, -258.33433261007303; 
1, -373.471983776486; 
10, -371.0858641162049; 
9, -278.7892363991705; 
4, -369.4554807502427; 
11, -361.5507714333944; 
10, -216.18843506084522; 
8, -334.2039203696186; 
9, -291.5128673866275; 
1, -390.0685955535737; 
13, -400.0; 
1, -386.6118895387626; 
5, -383.60019843955524; 
5, -366.2027478797245; 
8, -326.2093345503672; 
9, -244.9397526300745; 
9, -369.3689752461505; 
11, -376.38093647232745; 
10, -231.50813522469252; 
11, -334.0466782639851; 
12, -361.6687734972802; 
9, -238.46271516755223; 
9, -254.74898763885722; 
10, -304.4675581845804; 
10, -236.51551149250008; 
10, -342.9106852762634; 
1, -383.39907583297463; 
10, -352.3768494025571; 
9, -233.2305160074029; 
10, -284.41380477463827; 
6, -350.42705665755784; 
1, -388.0498346167151; 
10, -293.4083495460218; 
9, -225.57082898932276; 
4, -379.16671615681844; 
2, -398.8885842630407; 
2, -377.34010603744537; 
6, -390.01091248181183; 
12, -400.0; 
1, -393.09989997942466; 
3, -398.7496037725359; 
11, -399.67970000579953; 
3, -396.1996711321408; 
1, -397.56443490757374; 
2, -380.23212523112306; 
6, -388.00563751120353; 
9, -321.874367335462; 
9, -260.15220902860165; 
7, -314.19926257507177; 
6, -382.233043329732; 
1, -394.08085966843646; 
9, -356.86422283551656; 
5, -388.6604401723016; 
10, -269.6415569272358; 
9, -310.14362053532386; 
4, -380.86781063466333; 
1, -383.9383302279166; 
1, -398.8813978168764; 
1, -389.2173009160324; 
7, -368.30454406887293; 
10, -296.9208739863825; 
10, -278.12780400319025; 
1, -391.7692322025541; 
2, -382.61700311565073; 
11, -348.10427973337937; 
9, -253.106241970032; 
13, -375.1072933000396; 
9, -302.1090829374152; 
11, -281.68123358336743; 
3, -385.355256972136; 
8, -300.5222795762238; 
9, -217.31674259377178; 
9, -266.6521492797765; 
8, -281.1549182176241; 
11, -305.3545250868774; 
3, -382.80866578541463; 
6, -371.5647473158315; 
5, -377.47078512678854; 
3, -381.9610805893317; 
2, -391.5378107734141; 
2, -380.9576093024225; 
2, -381.12333981122356; 
3, -386.21842547378037; 
1, -392.4094692013459; 
2, -394.75018560979515; 
12, -399.0; 
11, -394.43295940727694; 
9, -399.48490842682077; 
13, -400.0; 
13, -400.0; 
9, -380.5190880135633; 
13, -400.0; 
10, -397.13058132107835; 
13, -400.0; 
10, -395.13220942177577; 
14, -400.0; 
13, -400.0; 
1, -396.7582959968713; 
1, -398.5683466025512; 
1, -380.2605726537877; 
14, -400.0; 
3, -374.34414663445204; 
2, -376.35309116495773; 
1, -384.6077755166334; 
10, -302.3103020621347; 
6, -363.6624399711145; 
2, -380.2262416398735; 
2, -381.02639656933025; 
2, -386.9023736709496; 
1, -384.0683710128651; 
5, -372.54605238791555; 
10, -333.2434165926534; 
9, -241.44897638837574; 
6, -375.9678858590778; 
12, -378.7548875021748; 
12, -329.57926240825327; 
10, -332.3437837001402; 
5, -386.6369288425194; 
4, -369.58247883972945; 
10, -266.3613888544496; 
9, -274.02834381116554; 
9, -270.0615327564883; 
11, -375.4131578755914; 
1, -393.3215347644873; 
2, -381.3812333405949; 
12, -400.0; 
13, -388.34955045068637; 
3, -381.4469078782131; 
12, -400.0; 
14, -400.0; 
12, -400.0; 
11, -396.33342373371124; 
1, -396.00028806593036; 
13, -400.0; 
1, -388.1173904638272; 
5, -383.6758391834446; 
3, -382.21179713105084; 
1, -386.94295748806326; 
2, -383.8847342869849; 
11, -399.0947375050746; 
1, -393.52827794878976; 
11, -392.1651268329588; 
11, -327.27643952157814; 
1, -385.1576345615904; 
14, -400.0; 
14, -400.0; 
2, -390.2495171625051; 
1, -392.5717320358963; 
2, -382.7020902221557; 
3, -385.8602909013862; 
2, -392.60471920017153; 
13, -400.0; 
2, -386.5813909044955; 
2, -391.7952104808646; 
11, -256.43775757576805; 
11, -284.3740657182061; 
9, -279.6892180489958; 
11, -361.5569281821372; 
2, -376.8424009408336; 
1, -391.38629286689684; 
2, -388.87666383374017; 
1, -383.8436727997032; 
1, -384.18876075017033; 
2, -374.54458139510825; 
1, -388.0091009318712; 
5, -382.87896573136095; 
1, -382.3819317256566; 
1, -384.78926314332057; 
2, -389.23493360943394; 
1, -388.3710320882965; 
2, -389.0662096629967; 
2, -386.77696195582394; 
3, -383.4945401622681; 
5, -380.83427793864394; 
11, -390.33505183440866; 
11, -334.7218253619503; 
11, -280.50435510399984; 
12, -307.0179219080019; 
3, -393.50445623567794; 
1, -395.2138388112071; 
1, -377.67307454079855; 
2, -391.5325944565702; 
4, -375.721990246675; 
2, -382.96887509251246; 
2, -390.90210992476204; 
2, -387.733010868018; 
1, -383.65930142160505; 
1, -386.5941642799298; 
3, -382.38820987875806; 
1, -386.7915590242483; 
2, -380.3749075322412; 
2, -380.55295288120396; 
5, -370.7484862996498; 
7, -307.37864583334886; 
2, -388.07791986328084; 
2, -379.3575815943768; 
2, -386.52084107126575; 
1, -374.5713732211734; 
3, -375.54100450791884; 
2, -377.0773787761573; 
1, -382.0956458764849; 
3, -384.7759098500246; 
11, -294.62412343517644; 
10, -295.8827120040078; 
1, -380.6871013152995; 
5, -380.35164127254393; 
2, -393.17928624129854; 
4, -374.20240543445107; 
3, -374.1433491431526; 
5, -376.15541685791686; 
1, -387.139144441986; 
1, -384.4018507283763; 
2, -389.98495887528406; 
1, -379.70333257259335; 
3, -388.08899583353195; 
2, -382.5727723410819; 
1, -383.80717866448686; 
2, -389.20449193689274; 
4, -380.0081891089212; 
3, -384.33740915643284; 
5, -382.6115485258633; 
5, -380.5461679244181; 
2, -379.4706296841032; 
5, -379.788402184844; 
2, -388.24529170128517; 
5, -381.90488564933185; 
1, -388.24350872047944; 
2, -384.01189646095736; 
1, -390.33168447198113; 
3, -381.5552966831019; 
5, -381.2071949178353; 
4, -389.3497517326614; 
1, -387.14651306014275; 
1, -385.69141330965795; 
6, -365.6098478176282; 
1, -389.26868260267656; 
1, -388.3026616611169; 
12, -351.3296445090091; 
10, -249.58190065686358; 
3, -387.54968219448347; 
4, -366.5838956001098; 
1, -385.57836785324616; 
4, -385.1817360520945; 
1, -382.31702817749465; 
11, -348.40465669950936; 
11, -357.46697192435386; 
3, -373.25853637990076; 
4, -376.8052990887081; 
10, -327.2050852223765; 
11, -249.34626623871736; 
10, -252.1552492614719; 
10, -334.76856381905964; 
3, -382.2615662283497; 
4, -378.61564065673156; 
1, -393.30788384447806; 
1, -389.7387266883161; 
4, -380.76374906417914; 
6, -374.41571796982316; 
10, -386.5203398488811; 
4, -388.34045501903165; 
12, -365.7688936156337; 
3, -385.4396873120568; 
1, -383.68033043155447; 
5, -386.8960569197079; 
1, -382.8709605016047; 
6, -363.4168426239048; 
10, -223.48114103608532; 
10, -351.0280211525969; 
2, -376.11451003095135; 
3, -380.36566739564296; 
2, -383.8055865346687; 
5, -372.65549236821244; 
2, -382.6269804316107; 
12, -367.990093687491; 
10, -255.85684340522857; 
8, -315.20291095762514; 
2, -384.9865873721428; 
2, -390.3670944465557; 
2, -383.1939389659092; 
1, -381.8874754990684; 
4, -371.4605707291048; 
2, -366.95388056361116; 
1, -386.28596012375783; 
5, -373.91122229234315; 
2, -382.1922934240429; 
5, -372.6819477902027; 
3, -369.29824516980443; 
11, -377.90656079904875; 
2, -391.2766430298798; 
11, -362.70764435606543; 
2, -392.67731438111514; 
1, -384.37882724404335; 
1, -391.5459300627699; 
1, -384.3156684625428; 
4, -387.9742980216397; 
3, -378.92206405394245; 
1, -390.0785714839585; 
3, -383.94482162350323; 
2, -383.2708717356436; 
1, -386.3655063956976; 
5, -373.5462937724078; 
5, -381.25156621367205; 
4, -370.1835436539259; 
1, -392.05109653505497; 
10, -363.40468032477656; 
10, -203.65698368893936; 
3, -375.8414748579962; 
1, -384.0638288035989; 
1, -388.6406380077824; 
1, -384.83944713836536; 
1, -395.75645610690117; 
5, -386.016139392741; 
2, -379.7488240050152; 
3, -386.259831044008; 
2, -394.5538339354098; 
5, -382.857136717299; 
1, -388.3571600901196; 
2, -383.83435624593403; 
5, -391.04900336428545; 
4, -387.904963645502; 
1, -389.5470156542724; 
2, -374.8698031970998; 
2, -376.8167848456651; 
9, -308.7839520344278; 
6, -366.28492304333486; 
7, -383.6530187681783; 
2, -396.3411375870928; 
2, -387.6418757493375; 
4, -386.3006839118898; 
3, -385.34472770569846; 
4, -385.6437764422735; 
2, -385.62933829647955; 
2, -397.7574731998611; 
2, -388.19511895638425; 
1, -383.9659882423002; 
2, -387.5017441823147; 
3, -376.3254579050699; 
1, -390.08975197025575; 
2, -391.0182069829898; 
1, -390.6455786951119; 
1, -388.1078837374225; 
2, -380.80182969744783; 
1, -385.98654641082976; 
5, -385.5157052085269; 
2, -383.97549318452366; 
4, -382.16614806174766; 
8, -326.8345830262406; 
9, -292.33753736980725; 
8, -306.5025558148045; 
1, -383.5546830925159; 
6, -378.7490989189828; 
1, -386.8484870347893; 
1, -391.108995089191; 
3, -383.31314234097954; 
2, -381.43251089414116; 
2, -385.2719049153384; 
2, -388.365012367256; 
8, -308.6304688876262; 
12, -376.53861048433464; 
5, -364.33331807504874; 
8, -274.5037483399501; 
6, -327.5231502634706; 
9, -340.26670278818347; 
8, -315.33989255630877; 
10, -317.4233920155093; 
9, -244.01365695754066; 
5, -370.7501940999646; 
5, -381.46551599062514; 
7, -349.8528389555868; 
9, -255.33818722271826; 
1, -377.44206697284244; 
9, -311.2263373605674; 
9, -216.68664989294484; 
11, -310.76293113292195; 
3, -389.60672345221974; 
7, -379.69454157038126; 
2, -379.0937257645419; 
3, -391.16688530892134; 
2, -382.5108249563491; 
1, -393.49873907794245; 
2, -383.495171800605; 
6, -346.28576467279345; 
11, -381.2706456624437; 
12, -390.60288440878503; 
11, -365.32470977143385; 
11, -363.4082814338617; 
11, -368.6629316736944; 
11, -368.1648159674369; 
1, -385.3296646969393; 
11, -353.890308389673; 
10, -321.96018179506063; 
12, -284.823067190242; 
11, -314.5530539371539; 
11, -305.9236239938764; 
11, -280.1309891709825; 
12, -332.0597174685681; 
11, -300.40551921585575; 
11, -234.78564316243865; 
11, -276.82433025864884; 
11, -257.13233625597786; 
11, -209.37628214154392; 
11, -222.0890390679706; 
11, -300.122207330307; 
10, -243.02783996087965; 
11, -205.3487000828609; 
11, -203.4256887700176; 
11, -184.45688251580577; 
11, -157.5090618369868; 
11, -208.75863261369523; 
10, -236.50472209218424; 
11, -202.37668011174537; 
11, -205.4821950425394; 
11, -233.01926656789146; 
11, -177.20183988881763; 
10, -232.97425413620658; 
10, -220.99110214365646; 
13, -352.32251605635975; 
1, -383.698215152137; 
3, -368.31504064425826; 
1, -373.31538057804573; 
3, -375.4458081566263; 
2, -382.8547802211251; 
4, -374.3285015176516; 
3, -371.3194296604488; 
6, -371.5440968576586; 
5, -374.8060953456443; 
2, -382.9616132681258; 
6, -371.53599044459406; 
2, -378.9319617248839; 
2, -384.4920273408061; 
3, -378.35430802288465; 
4, -384.85786766780075; 
2, -380.96154158271383; 
10, -242.8184506187681; 
11, -353.39410955808125; 
2, -376.0866511175409; 
4, -358.65644488320686; 
6, -379.0826326725073; 
3, -378.79605449701194; 
10, -246.750620630919; 
8, -310.8163337042788; 
2, -378.24079457402695; 
7, -324.4472195788985; 
9, -204.90138832037337; 
5, -378.74282621976454; 
1, -382.9722497363109; 
2, -373.3801090521738; 
3, -365.4317682564724; 
1, -396.6305592171848; 
6, -377.70843195344787; 
2, -377.1440146265086; 
1, -389.2574628435541; 
2, -374.7868420094019; 
3, -369.76333048776723; 
6, -379.68942777777556; 
6, -377.64650678343605; 
3, -380.8621834772639; 
1, -396.91494795668405; 
3, -383.32212716480717; 
2, -379.4531370118493; 
3, -378.77388703485485; 
2, -359.8153209979646; 
2, -380.596830916591; 
1, -384.1631477130577; 
5, -377.7802137637045; 
6, -371.5021056687692; 
5, -376.5170546582667; 
5, -375.5119001241401; 
8, -306.8958824625006; 
9, -202.36835152632557; 
15, -348.7189044848783; 
1, -384.91356287908275; 
2, -393.8336131784599; 
10, -300.92626225051936; 
7, -361.05934006837197; 
3, -374.0340849874774; 
5, -373.8991164645413; 
2, -387.1296341972193; 
2, -380.6610650374787; 
1, -389.7787094753003; 
4, -377.3169444416417; 
2, -377.8811619251501; 
1, -386.01857808907516; 
5, -362.86432976892684; 
6, -357.59507404768374; 
5, -357.11862397158984; 
5, -364.11522699077614; 
1, -378.3572669122368; 
4, -374.253311370383; 
5, -368.5059307642514; 
5, -374.4497375851497; 
3, -385.5574138124939; 
10, -212.45946579880547; 
7, -347.6975644644117; 
2, -369.6806204278255; 
6, -363.72462741693016; 
4, -372.95274124352727; 
1, -375.4496680609882; 
3, -381.50186567078345; 
2, -380.13771541253664; 
3, -370.13606335932855; 
4, -373.68318778963294; 
3, -375.8717644456774; 
5, -375.4509072515648; 
5, -372.7737399350153; 
10, -316.43452825397253; 
10, -258.9055508169113; 
3, -379.6931818097364; 
4, -372.1666301630903; 
2, -381.8298245680053; 
2, -362.0531107233837; 
6, -367.2719740589382; 
4, -372.54331691528205; 
1, -375.37297831696924; 
1, -376.6248351406539; 
1, -371.77281994954683; 
7, -368.5554433701327; 
1, -382.52349336992484; 
3, -374.1231483161682; 
1, -369.8717559892684; 
12, -364.87118595524225; 
6, -362.9127198267961; 
2, -381.81176514038816; 
3, -374.18578237644397; 
2, -383.3833978646435; 
1, -387.31015324464533; 
2, -385.99736876110546; 
1, -382.75813016691245; 
1, -388.79239321197383; 
5, -385.29942847636994; 
4, -385.33336150832474; 
13, -400.0; 
3, -384.38349817867856; 
1, -381.7529392413562; 
1, -397.8394123064354; 
1, -387.8229889604263; 
10, -218.83492915367242; 
9, -267.86766521667596; 
1, -386.00637374119833; 
3, -383.9382360348245; 
14, -400.0; 
2, -386.04767963360064; 
3, -385.5248007051414; 
1, -384.55724780948367; 
6, -381.4881197914947; 
1, -385.1783526679501; 
2, -385.89392882201355; 
1, -382.1245643623406; 
4, -379.72195489832666; 
5, -376.83841461350676; 
3, -389.8920914308401; 
2, -383.6636736164801; 
2, -385.9544312134385; 
3, -398.9071921821451; 
3, -391.2131038190564; 
14, -400.0; 
2, -377.2344690874452; 
13, -400.0; 
6, -381.8939752203878; 
3, -385.1037624342134; 
4, -373.874084818759; 
5, -388.10839543957263; 
3, -379.2652677282458; 
1, -384.2887133960612; 
3, -394.5848995806882; 
1, -398.2065130104311; 
14, -400.0; 
13, -398.58496250072494; 
12, -399.58496250072494; 
13, -400.0; 
3, -391.6465016079601; 
2, -383.7581563881831; 
2, -384.7088478184305; 
1, -385.52647444815375; 
4, -383.00443328451365; 
2, -382.292441768921; 
3, -392.6025941532571; 
1, -392.53478005202487; 
2, -389.0462418239331; 
12, -399.1699250014499; 
1, -385.2934446524596; 
5, -378.82073025393765; 
3, -386.4398496079957; 
4, -382.1528132343665; 
1, -390.8891253566835; 
13, -340.5506983655505; 
10, -334.4592066654004; 
3, -390.32913657987956; 
10, -333.35577980801463; 
7, -372.5962928661611; 
2, -393.3092570925364; 
14, -400.0; 
1, -384.2144389267778; 
5, -371.63147650298197; 
2, -384.3637333426159; 
1, -385.13205513963476; 
10, -375.3855149993906; 
10, -235.22812546486966; 
7, -355.7793151657097; 
2, -385.09140294243116; 
1, -386.41695231653284; 
3, -389.42389958899; 
2, -392.84940407890826; 
3, -393.9751692140708; 
4, -379.66231028025504; 
3, -391.9298843815923; 
4, -381.55413531989325; 
3, -371.86485114553943; 
2, -386.1244808076881; 
1, -380.7659821443958; 
1, -390.01983012945857; 
2, -386.75347947201226; 
5, -387.87487527308986; 
2, -382.2960684132995; 
5, -368.1537687772652; 
3, -381.9809813889442; 
5, -371.3548615380423; 
3, -379.1257205767324; 
3, -372.3894238041248; 
2, -381.0639790119603; 
1, -388.9852198897861; 
3, -383.4171543722041; 
5, -373.77976402803324; 
11, -366.78187745413743; 
11, -327.1018315916881; 
10, -336.279024773743; 
10, -342.9533920286922; 
10, -336.0718727002386; 
11, -309.0995835624635; 
10, -362.06450192513876; 
10, -325.04650511720683; 
10, -304.30776033434086; 
12, -341.8926424323581; 
11, -309.94214398635086; 
11, -338.0667524324963; 
9, -333.74414528976195; 
11, -305.5787579548778; 
11, -325.7480523614213; 
12, -328.1700025270693; 
11, -317.50778459000867; 
12, -319.1049155781511; 
10, -303.87624638329726; 
10, -289.8822830367135; 
10, -301.4763993176166; 
11, -355.54658951133024; 
4, -373.01744818815496; 
2, -376.97789251967333; 
6, -374.77521859132685; 
1, -381.8517869875068; 
2, -376.47711858386174; 
3, -382.96054051537067; 
3, -371.1853019305272; 
5, -381.0374375828542; 
1, -380.4889493425144; 
2, -385.4968466197606; 
1, -390.2176709261257; 
1, -377.087506835931; 
6, -366.4600773609709; 
1, -378.1153734992258; 
1, -384.7895681867376; 
1, -376.83825692534447; 
5, -378.35327383875847; 
1, -382.3007296458818; 
4, -379.0527369903866; 
6, -384.86348074651323; 
1, -383.71023361966945; 
2, -381.15447079984006; 
2, -375.2680000733817; 
1, -378.6572590091964; 
1, -397.24596624611877; 
12, -400.0; 
13, -398.1699250014499; 
2, -397.57790219492745; 
1, -387.47192415443715; 
3, -384.25017340446357; 
2, -397.01473409403116; 
6, -369.3608972952934; 
5, -373.02116894116625; 
2, -377.4587149233557; 
4, -371.22194434539415; 
1, -379.0246847891249; 
3, -369.995452987263; 
2, -383.4413218871923; 
1, -390.9806661421899; 
3, -374.90753319801297; 
1, -373.12250840559136; 
2, -387.78413004463073; 
3, -385.3767244479386; 
1, -379.16767178452574; 
1, -385.76310383563396; 
2, -380.6872068573721; 
5, -379.41977610066533; 
6, -389.1045269808965; 
2, -375.1307568139164; 
1, -386.17447208822705; 
4, -384.16901485587005; 
1, -384.86870264762547; 
4, -382.78987418778706; 
1, -381.51423105830327; 
4, -385.5894645554945; 
5, -379.48870058346074; 
6, -364.16958243376575; 
11, -230.02202261879575; 
10, -242.6489593377337; 
9, -293.6573221917497; 
11, -328.0470198339317; 
11, -290.72051679948345; 
2, -378.1145390428137; 
6, -365.8238771521719; 
5, -375.497840179014; 
1, -380.1041964153992; 
4, -369.9959619344445; 
6, -358.4635888488265; 
1, -381.68315704201814; 
4, -391.9217707441421; 
1, -384.277481793426; 
6, -372.9183076345362; 
2, -380.0869150030194; 
2, -385.77778005052824; 
4, -375.6034647442866; 
1, -388.71447239327244; 
4, -376.84917964134365; 
2, -382.4036436204333; 
4, -373.7705726050772; 
1, -374.40650190087035; 
3, -373.70347542117815; 
5, -375.1567152385833; 
5, -373.8037155729253; 
5, -365.9560989214806; 
2, -371.35542719077785; 
1, -387.2478406818118; 
2, -389.8733176601818; 
1, -378.0820424091071; 
6, -386.44530325359665; 
5, -363.6208650385961; 
2, -372.5057649705559; 
3, -387.5798131469637; 
2, -381.02114967559464; 
3, -390.6544172321446; 
2, -375.1329912961228; 
2, -378.82819862582255; 
1, -389.4662447315641; 
3, -379.5626683511073; 
1, -382.62936218315735; 
1, -381.10425153479446; 
2, -374.1360318977386; 
1, -384.73469167167787; 
3, -377.1500155578833; 
4, -376.0083886317443; 
1, -376.2293249244103; 
5, -371.90952037472744; 
1, -381.2232850283617; 
2, -385.33891327900346; 
5, -386.91803325363435; 
4, -377.1196051322622; 
1, -385.9757911025081; 
5, -378.00236861302983; 
6, -357.74000225786585; 
3, -388.4468038973864; 
2, -378.25880686508026; 
1, -380.9704314665869; 
3, -379.6996725475183; 
1, -390.3792609721422; 
5, -372.1924862731248; 
2, -378.0654704029439; 
2, -383.96221169410273; 
2, -375.71072751749307; 
3, -371.21643460693303; 
2, -376.20894175209105; 
1, -388.65866185049526; 
11, -270.61687612032983; 
10, -172.857671188307; 
10, -300.53544230223633; 
4, -382.9071240533376; 
3, -386.7862277395325; 
4, -371.37353540572803; 
1, -377.570290918462; 
5, -363.1439277966274; 
4, -378.4106980141951; 
5, -382.03607270517386; 
5, -372.7705743049737; 
6, -370.54732735594735; 
1, -373.79009112599306; 
2, -386.4716853018617; 
3, -373.4756102847168; 
1, -379.2325903400779; 
4, -387.251824784209; 
1, -382.183693442028; 
6, -372.06125539308414; 
11, -379.65306413534563; 
6, -380.52178035711404; 
11, -383.9586984227644; 
10, -324.2703619801905; 
11, -336.2029234417714; 
2, -381.7986484260764; 
11, -361.1810908440966; 
1, -380.9507656195201; 
4, -383.7590948159341; 
12, -375.35777191095985; 
11, -380.84305153170135; 
10, -333.4787058380898; 
11, -304.8459167337278; 
1, -380.7538824985968; 
1, -390.9274805492023; 
1, -379.9818696375005; 
1, -381.1303766092751; 
1, -386.1885736185359; 
5, -371.69813611067366; 
1, -378.22182899946347; 
2, -381.15121297282167; 
4, -382.84823716722894; 
2, -381.8434397771489; 
6, -383.1932226816425; 
11, -381.4584367418429; 
5, -375.1787867922103; 
6, -378.8345610740362; 
3, -370.34097372100223; 
2, -372.19808687560726; 
1, -380.954235822428; 
7, -397.4337232145481; 
3, -393.18471965787467; 
4, -387.2225987050915; 
14, -400.0; 
14, -400.0; 
13, -400.0; 
11, -374.1008919678861; 
6, -382.2353849426145; 
4, -389.19774913520087; 
4, -393.62825761490967; 
1, -386.6871616001008; 
1, -389.70158002723474; 
1, -385.71518912771717; 
4, -371.87658929626923; 
5, -380.62379063724075; 
1, -386.0396324072499; 
4, -382.47500598372426; 
3, -378.5409176243702; 
3, -384.6725760336267; 
3, -385.9570063475985; 
6, -376.92751493433025; 
2, -375.76679422624875; 
4, -378.7612165521132; 
1, -377.4468728301581; 
2, -380.4901133221574; 
1, -386.57041993690655; 
3, -379.7174884668784; 
1, -384.18500724365003; 
1, -384.5202712707687; 
1, -389.3110032263212; 
2, -378.7267590200063; 
3, -381.58170833450276; 
7, -325.5621359780198; 
10, -303.7194820086006; 
4, -368.7134169911733; 
5, -378.55502994870767; 
7, -336.52962784527335; 
6, -362.86972553946543; 
4, -383.0052349346224; 
4, -376.8163963899715; 
3, -387.27043452870566; 
5, -371.78094541619066; 
8, -261.40800034895074; 
10, -293.46725922683254; 
6, -383.43357915605884; 
9, -221.95844136411324; 
7, -376.5701625699876; 
11, -344.36897492443677; 
2, -379.9973079741467; 
4, -383.9896191274747; 
7, -344.85454681515694; 
10, -342.73889461136423; 
1, -384.50168362958357; 
12, -300.55080201860983; 
9, -260.3991657063598; 
1, -385.63572076684795; 
3, -390.0864841652801; 
10, -352.73233833909035; 
9, -285.78748757217545; 
1, -383.3813701175386; 
3, -386.59118982963264; 
13, -400.0; 
4, -390.2016636644257; 
1, -390.8537416199688; 
2, -389.2774849169655; 
1, -386.51744525611866; 
4, -381.939712429652; 
6, -385.4485565688228; 
2, -378.3121801780071; 
1, -381.3941262982553; 
1, -381.4606530742021; 
10, -321.0674283344997; 
