1, -756.6021103427449; 
3, -737.8278424566662; 
1, -738.077607854794; 
2, -736.8206793357313; 
2, -737.0450909462788; 
2, -736.5041576551166; 
1, -736.7171406401476; 
1, -736.4225270298475; 
1, -736.1465530714886; 
1, -736.5360603974223; 
1, -736.1298067527114; 
1, -736.4665682618734; 
1, -735.9932044598008; 
1, -734.7403210849516; 
1, -733.5846368168623; 
1, -737.903182618651; 
1, -737.1473210107997; 
1, -736.3414288195654; 
1, -737.26423623767; 
1, -736.7290748525284; 
1, -736.1229601371124; 
1, -736.5587013322129; 
1, -736.1313593398936; 
1, -736.1733452026347; 
1, -736.0627131288093; 
1, -736.1122320812319; 
1, -736.2657879665821; 
1, -736.1843772246248; 
1, -736.1068967937717; 
1, -736.1253784306828; 
1, -736.1236948398764; 
1, -736.0657998215938; 
1, -736.1529182030172; 
1, -736.1002486682883; 
1, -736.1037658917921; 
1, -736.1200482628265; 
1, -736.0789533159041; 
1, -736.0913910947565; 
1, -736.13421504914; 
1, -736.0929438207386; 
1, -736.0119461312461; 
1, -736.1133866837845; 
1, -736.0692879016642; 
1, -736.1122292794425; 
1, -735.8693815218503; 
1, -736.0921897616936; 
1, -736.2296726990462; 
1, -736.0375973928822; 
1, -735.7756230469022; 
1, -735.7603404906622; 
1, -736.2307289826786; 
1, -735.853250346554; 
1, -736.1577882156562; 
1, -736.3276129416918; 
1, -736.2347088707174; 
1, -736.0183570144873; 
1, -736.1432147905216; 
1, -735.8749136136612; 
1, -736.1964720250544; 
1, -735.5803513997234; 
1, -735.6450201477201; 
1, -736.3616327224518; 
1, -735.5764392736455; 
1, -736.1744086543404; 
1, -736.5579162255817; 
1, -736.0050581313772; 
1, -735.8005510018775; 
1, -736.5156096052742; 
1, -736.0943707068363; 
1, -735.9257500824024; 
1, -736.0708002859319; 
1, -736.2285898074115; 
1, -735.8452678895992; 
1, -736.3202513258148; 
1, -736.1750958512057; 
1, -736.1280132520333; 
1, -735.9114822709307; 
1, -735.8116610716388; 
1, -736.1591953201132; 
1, -735.8804296669623; 
1, -735.9538170365049; 
1, -736.1233287734285; 
1, -736.0688992105424; 
1, -735.7364182778983; 
1, -736.0088189972739; 
1, -736.4970847590885; 
1, -736.3513026687797; 
1, -735.9578011244666; 
1, -735.9546365110145; 
1, -736.1993451023445; 
1, -736.0675313152751; 
1, -735.8438853651605; 
1, -735.7660494285374; 
1, -736.1037549198227; 
1, -735.7649027860462; 
1, -735.6539195819496; 
1, -736.1331225551257; 
1, -736.3529206876556; 
1, -736.2688763908518; 
1, -736.0163906673115; 
1, -736.0693697417737; 
1, -735.7888673570851; 
1, -736.137222877689; 
1, -735.9644084211905; 
1, -735.8439759080647; 
1, -735.8077576894138; 
1, -736.4402435532247; 
1, -736.0746149144979; 
1, -736.1109553418937; 
1, -735.9832260220137; 
1, -736.113263282241; 
1, -736.1088136506878; 
1, -736.190764337458; 
1, -736.0459741357481; 
1, -735.976205576997; 
1, -736.0283987563162; 
1, -735.9147607909108; 
1, -735.9672329134773; 
1, -735.9919409277936; 
1, -736.0427515661431; 
1, -736.0462788001169; 
1, -736.1591899511695; 
1, -735.8187331031804; 
1, -735.8451336277358; 
1, -736.1852885472617; 
1, -735.7569618349517; 
1, -735.8148254577536; 
1, -736.4237029101787; 
1, -735.6587007380731; 
1, -735.7998446233978; 
1, -736.1286437050003; 
1, -735.8235375700897; 
1, -735.9261193435232; 
1, -735.9608768070175; 
1, -736.0613423499453; 
1, -736.0200697130931; 
1, -735.9730242330406; 
1, -735.8116039220913; 
1, -736.5195195839915; 
1, -736.0443539341795; 
1, -735.9434017796884; 
1, -736.2203633010067; 
1, -736.1221169736091; 
1, -736.1569583625242; 
1, -735.9117929346685; 
1, -736.5151118282229; 
1, -736.2722312009137; 
1, -736.1029768944572; 
1, -736.1341999543947; 
1, -735.9948781630956; 
1, -735.8032268099923; 
1, -736.1544517734583; 
1, -735.8263137494941; 
1, -735.8846851482958; 
1, -735.8444452662516; 
1, -736.2260753275623; 
1, -736.1913102495746; 
1, -736.2382406183024; 
1, -735.9574165134982; 
1, -735.9209114910336; 
1, -735.9447528912715; 
1, -735.8986472050165; 
1, -736.0286025363166; 
1, -736.0720873882383; 
1, -735.72695725011; 
1, -735.953153290844; 
1, -735.973441957176; 
1, -736.0026440903312; 
1, -736.1773825495475; 
1, -736.0887931455509; 
1, -736.0153204626404; 
1, -736.089154733927; 
1, -736.0376006639854; 
1, -736.160714800877; 
1, -735.9676947180124; 
1, -736.1125037014863; 
1, -736.2152817547612; 
1, -736.0820884726854; 
1, -735.9144864864938; 
1, -736.0598783692403; 
1, -736.0375379883335; 
1, -736.1364415096759; 
1, -736.0309424401203; 
1, -736.0106983912119; 
1, -736.0323561320838; 
1, -736.0105412657431; 
1, -736.0051381365338; 
1, -735.9421496421855; 
1, -736.123688167514; 
1, -736.0657910667942; 
1, -736.0295271110954; 
1, -736.0736314913374; 
1, -736.019297667488; 
1, -736.0329202882713; 
1, -736.0303476476693; 
1, -735.9922282185289; 
1, -736.0265256619023; 
1, -736.062707638921; 
1, -736.0264144333196; 
1, -736.0073383965646; 
