12, -202.71746445783944; 
12, -202.15573056234703; 
12, -205.2942833518922; 
15, -201.00229105475648; 
16, -209.52995914721555; 
16, -189.45220812136256; 
16, -195.4264756651578; 
12, -198.1343615175283; 
15, -191.6713812208227; 
15, -175.6434199951159; 
14, -185.20101118302864; 
14, -211.65998313649607; 
15, -208.33402619786466; 
16, -198.2224191553296; 
12, -205.07788727557636; 
16, -152.71924223820315; 
16, -193.68968176234011; 
12, -206.24533347266424; 
14, -206.07367232566958; 
12, -206.13733065451243; 
16, -212.13858289736527; 
16, -163.61049833342804; 
16, -187.77182902674667; 
13, -205.0685468539359; 
15, -198.39901919512704; 
16, -161.64793382362586; 
16, -181.2777711840772; 
16, -141.7341993099808; 
14, -180.94828139029323; 
12, -207.8317147624639; 
15, -152.09958430817642; 
16, -178.97939834548833; 
16, -199.1150328244321; 
16, -197.41882404802345; 
16, -196.36404090673204; 
14, -198.28199236787077; 
15, -200.47108183849468; 
12, -200.15757728965946; 
14, -188.3855426960581; 
14, -195.34810756906518; 
16, -203.1831113344433; 
16, -183.25682785591653; 
16, -159.54991237738705; 
16, -168.39377785744; 
13, -175.31555116543313; 
16, -214.594519574488; 
13, -208.88922760507558; 
13, -205.27717385810865; 
16, -199.75148760933735; 
12, -213.2230944295752; 
16, -207.790406277054; 
16, -201.7317425739875; 
13, -210.01088724010697; 
15, -201.6655767586126; 
16, -190.20966130966735; 
16, -188.70402894627114; 
16, -201.05403589788511; 
16, -176.02012544108038; 
16, -158.97742494068552; 
16, -170.0100785363411; 
16, -194.63104362583545; 
16, -208.98877080389502; 
16, -205.22762972643613; 
16, -168.90578139203353; 
16, -162.5029362537025; 
16, -202.10793934009234; 
16, -209.14035702318688; 
16, -204.8808369459275; 
15, -162.032120117241; 
16, -178.98815953686426; 
14, -189.7088296182228; 
14, -168.4810694918997; 
16, -190.66250204169773; 
16, -190.95428590262236; 
13, -205.62120687507922; 
16, -202.94713461726678; 
16, -206.89623544912865; 
15, -212.47554100992966; 
16, -201.43356953440707; 
16, -204.11975177846762; 
15, -181.38993203970676; 
13, -151.1378689874382; 
16, -182.01573327467122; 
15, -202.65536305178466; 
16, -203.20037527431123; 
15, -213.82589567866853; 
15, -193.46492872852468; 
16, -209.3593061216925; 
14, -190.78122130675183; 
16, -206.68176642428443; 
16, -204.5506200712298; 
16, -205.75878036223367; 
16, -205.56453770304142; 
16, -202.8691718729715; 
15, -205.15459900051792; 
15, -199.5869698090828; 
16, -204.54524181080342; 
16, -208.03262211504625; 
16, -202.70008861293172; 
16, -208.06911038241014; 
16, -212.41526660116142; 
16, -211.2081454406216; 
16, -207.47203168653505; 
15, -209.7278377888142; 
15, -209.7779657831852; 
15, -206.40794138794445; 
16, -202.10269043526932; 
14, -207.77962113474496; 
14, -207.41458851680363; 
16, -208.8438856177345; 
16, -194.87872743533808; 
16, -140.64345155127012; 
16, -170.7272856888594; 
16, -208.78667380824845; 
16, -206.0483418597687; 
15, -200.48734495355166; 
14, -179.1558338225368; 
15, -206.14577937714057; 
16, -205.93174074473063; 
16, -197.76214952974988; 
15, -207.71839678602555; 
16, -208.81911700676574; 
15, -202.16215567069594; 
15, -204.78506452608417; 
14, -207.18514375998348; 
15, -205.46450568312503; 
16, -205.3629043278961; 
16, -202.58161663560531; 
16, -203.25443369616187; 
16, -206.0758886468684; 
16, -186.4763500002373; 
16, -176.44139612797517; 
14, -205.04087002845336; 
16, -203.63661631151626; 
16, -131.53351772420865; 
16, -185.16224496982977; 
13, -205.29333585561835; 
16, -201.48494434799431; 
16, -173.0850920370649; 
16, -195.04682843759656; 
15, -180.1380207370603; 
16, -144.3671610839083; 
13, -197.03243500672397; 
16, -196.57458384966594; 
16, -205.8454999035639; 
16, -166.60960154971326; 
16, -190.1003310232809; 
16, -199.77208093036097; 
15, -200.09032706594735; 
14, -197.95179949418525; 
15, -207.36440931520337; 
16, -129.17436777765397; 
16, -178.53311322348964; 
15, -206.89616713011128; 
16, -184.33971574233146; 
16, -155.89664769696174; 
14, -201.22298838771167; 
16, -187.67380434472943; 
16, -206.99079628309119; 
16, -207.8142933418967; 
15, -209.22302690889774; 
15, -203.18167517175243; 
16, -202.3198378862071; 
15, -205.22626349220445; 
14, -211.04778506424918; 
16, -198.0150180356104; 
14, -202.22852507453354; 
15, -158.42673456011835; 
16, -206.77506458785138; 
16, -208.7577121488357; 
16, -208.58771268465352; 
16, -205.47836392546742; 
15, -204.7735203582779; 
15, -203.83395819326688; 
16, -206.82861278150813; 
15, -207.26627148283296; 
16, -205.61243286701938; 
14, -205.6558303756974; 
16, -202.3476586560355; 
15, -207.71993042233953; 
14, -199.27219262622384; 
15, -204.28085643720988; 
15, -198.30144465496414; 
16, -197.17869737170258; 
15, -200.46407405607897; 
16, -163.97218936184072; 
16, -176.347373293298; 
15, -201.17457732971525; 
16, -198.65676340241043; 
16, -206.29539659566944; 
16, -208.1349162900733; 
16, -209.70224855326524; 
15, -202.29764708624862; 
14, -198.38806875174487; 
16, -202.10486777924962; 
16, -200.24637098312814; 
16, -201.11065656119172; 
16, -208.94094016141753; 
16, -206.65768071333878; 
15, -202.9782909663918; 
