1, -755.4655833564461; 
2, -738.9015371168788; 
2, -736.3302591935098; 
1, -737.4207318976823; 
12, -734.5091251692097; 
12, -735.1591271614052; 
12, -729.5713935535596; 
12, -733.7968803307267; 
1, -738.4791317061017; 
1, -736.7050935690668; 
1, -737.3991614760607; 
1, -737.3269382975586; 
1, -738.5296597069428; 
1, -736.3059874304017; 
1, -738.0331363311816; 
1, -738.0175824510861; 
1, -736.6774891820169; 
1, -737.3718147451473; 
12, -735.6174405042439; 
12, -735.6372087932396; 
1, -736.8875400889356; 
12, -735.7820815749419; 
1, -737.4820438207462; 
12, -735.4850906512183; 
1, -737.0498627783672; 
1, -736.8607097882559; 
1, -736.3382828232643; 
1, -736.3620237375981; 
1, -736.2645699555942; 
1, -735.9856710800341; 
1, -736.3456875955635; 
12, -735.7831269568305; 
1, -736.0102911654831; 
1, -736.3411669192028; 
1, -736.4443862427506; 
1, -736.3458144904725; 
12, -734.9026022431899; 
1, -736.1479927265282; 
1, -736.0858358867808; 
1, -736.1797731623046; 
1, -736.0224171091613; 
12, -735.9113804970366; 
1, -736.4696130143784; 
1, -736.6191257629143; 
1, -736.0707388642404; 
1, -736.307260918089; 
12, -735.5738721183734; 
12, -735.9042840152033; 
1, -736.5849456531432; 
1, -736.2872648106495; 
1, -736.0841991828202; 
1, -736.1190424362721; 
1, -736.2607392906139; 
1, -736.2873241196794; 
1, -736.0228256480113; 
1, -736.1957858457608; 
1, -736.1110612140546; 
1, -736.0544652279423; 
1, -736.0802896508103; 
1, -736.0522219665436; 
12, -735.9154697223858; 
1, -736.1432745410348; 
1, -736.0746898979633; 
1, -736.0962860175132; 
12, -735.9923725996996; 
1, -736.0067813640271; 
1, -736.0424608933099; 
1, -736.0364947922208; 
1, -736.0103325755626; 
1, -736.0063047084041; 
1, -736.0933701665417; 
12, -735.8708888185283; 
1, -736.0000825015741; 
12, -735.9082306023192; 
12, -735.9843595232305; 
1, -736.3573193019984; 
1, -736.0561932588535; 
1, -736.1265177607638; 
12, -735.9034965992032; 
1, -736.0315188396708; 
1, -736.179823681865; 
12, -735.9425733152311; 
1, -736.0530426627083; 
12, -735.7654195618525; 
1, -736.2759351610221; 
12, -735.9156034560583; 
1, -736.0054111365389; 
1, -736.2475773501355; 
1, -736.0258154209514; 
1, -736.0867585907108; 
1, -736.1478703141329; 
1, -736.18260399274; 
12, -735.9442201793136; 
1, -736.1116468081891; 
12, -735.9827496696234; 
1, -736.0701188717503; 
12, -735.9473408197955; 
1, -736.0404541915632; 
12, -735.9893099180335; 
1, -736.0962023195316; 
1, -736.0660884732933; 
12, -735.9866089202114; 
1, -736.0255435683939; 
1, -736.0606834435166; 
1, -736.0537222851126; 
12, -735.9598408473103; 
1, -736.0662686618598; 
12, -735.9297542892018; 
12, -735.9741809374245; 
1, -736.1107452097494; 
1, -736.1915328988398; 
1, -736.0682778262562; 
1, -736.1182897553517; 
12, -735.9636114428868; 
12, -735.8570329664944; 
1, -736.1076507104735; 
1, -735.9986986542935; 
1, -736.1878773549251; 
1, -736.06831863345; 
12, -735.8818873109703; 
1, -736.1352730285143; 
1, -736.0637237579504; 
12, -735.9888126651495; 
1, -736.0281948061456; 
1, -736.065020949798; 
1, -736.013526678682; 
1, -736.0126723218709; 
1, -736.013661119694; 
1, -736.0335160019167; 
1, -736.0227086621599; 
1, -736.0572354410251; 
1, -736.0319355937245; 
1, -736.0242299716338; 
1, -736.0331763132417; 
1, -736.0132324833394; 
1, -736.0265382805374; 
1, -736.0348128504556; 
1, -736.0314429910941; 
1, -736.010804141988; 
1, -736.0486488431343; 
1, -736.0247694721038; 
1, -736.004710406196; 
1, -736.001883991863; 
1, -736.0243405562069; 
1, -736.0590141566499; 
1, -736.0517234578292; 
1, -736.0369879882492; 
1, -736.021608059149; 
1, -736.0146331123979; 
12, -735.9625334799348; 
1, -736.0091019770771; 
12, -735.9086392168538; 
1, -736.0205918406427; 
12, -735.8995855051617; 
1, -736.0510150446644; 
1, -736.0214088860666; 
12, -735.9402973731922; 
1, -735.9977849289571; 
12, -735.7237692193885; 
12, -735.9929518403806; 
1, -736.3154851639702; 
12, -735.9646020892687; 
1, -736.077666123485; 
1, -736.0847692395328; 
1, -736.0135155738244; 
12, -735.9778707603837; 
1, -736.1054469549126; 
1, -736.1033838879521; 
1, -736.0562845742097; 
1, -736.1054728029558; 
1, -736.107293120891; 
1, -736.0757139650814; 
1, -736.0371528372198; 
1, -736.0254939865699; 
1, -736.0012086812349; 
12, -735.9247867904342; 
1, -736.0388814859034; 
12, -735.9717844869738; 
1, -736.0468484846497; 
1, -736.0474628549418; 
1, -736.0133455829055; 
1, -736.007799953717; 
1, -736.0617211912468; 
1, -736.017872922559; 
1, -736.0417651746247; 
1, -736.0333352550806; 
1, -736.0055794661457; 
1, -736.0377267071162; 
1, -736.0115474824852; 
1, -736.0432289271557; 
1, -736.020207302412; 
1, -736.0151143513212; 
1, -736.026757605403; 
1, -736.0152563164011; 
1, -736.0108597036742; 
12, -735.9486003004131; 
12, -735.9554213170777; 
1, -736.0282812959049; 
12, -735.9068834397767; 
12, -735.8919885845098; 
