1, -737.5436507594058; 
1, -744.3164935399333; 
1, -731.2973191978504; 
1, -739.4896797656447; 
1, -715.7401648048226; 
2, -712.62375809693; 
2, -735.1109687529051; 
1, -723.0848028326091; 
2, -681.784749366775; 
2, -726.9813165334444; 
2, -701.4490695433833; 
12, -708.0022521436895; 
12, -708.353971808956; 
2, -668.647705073452; 
12, -715.2683807860194; 
2, -713.1962436693047; 
2, -708.4806938478596; 
2, -716.1423161045768; 
12, -700.0854602791424; 
2, -680.7144285999238; 
12, -701.0190629428762; 
2, -719.3650598525019; 
2, -700.0768905057193; 
12, -711.4443714880217; 
12, -708.0263076398696; 
2, -717.4046882319635; 
3, -712.5398998259116; 
2, -719.2064139722752; 
2, -699.4060292386603; 
3, -698.2037678993765; 
2, -721.3538274227067; 
3, -742.1707796253067; 
2, -718.395786262925; 
2, -728.974708636546; 
3, -742.677795417665; 
3, -753.718904500929; 
3, -746.8476425681401; 
2, -765.0891377339831; 
3, -737.6816779650908; 
1, -725.3200571282905; 
1, -715.3836648676297; 
12, -701.6654812794841; 
12, -715.9549847111193; 
3, -715.1727027647685; 
12, -677.4872688128817; 
1, -709.3025215657544; 
2, -706.7656044111936; 
1, -713.7090096764223; 
1, -707.2928555227409; 
1, -716.8611487163435; 
1, -705.4619174965919; 
1, -712.4592805367938; 
1, -705.6901118941751; 
1, -704.8377517140325; 
12, -702.4660575614762; 
3, -706.070486062039; 
1, -709.6805432130786; 
3, -715.5663891973309; 
3, -689.624703978523; 
3, -704.0247575986941; 
3, -692.4127465189449; 
12, -710.0524000374426; 
3, -695.6826240821683; 
3, -718.0719755880418; 
6, -688.68747314559; 
1, -722.1386681961085; 
1, -724.5059959579303; 
3, -722.9086333932573; 
3, -732.3085827832765; 
3, -724.4158473544085; 
3, -711.3196187801295; 
3, -672.4118889851088; 
1, -715.1360315154016; 
3, -688.5836713376848; 
5, -713.7368319753878; 
1, -701.991422383675; 
8, -709.6767351074814; 
3, -718.0280330454843; 
1, -702.0491910728451; 
12, -711.3992354418879; 
5, -689.9568476750501; 
12, -695.5853877714544; 
4, -709.5613695474385; 
3, -709.5838911805113; 
2, -721.6561717540244; 
3, -708.7134106769372; 
5, -695.9715218235506; 
3, -697.9339215706495; 
3, -690.795162750801; 
12, -699.7935313042544; 
12, -709.3978423578083; 
12, -705.6267651016387; 
12, -711.9679385786294; 
12, -690.3193664027203; 
12, -688.8082805531594; 
12, -684.8716200842609; 
4, -687.998023307533; 
5, -680.7226578410919; 
12, -693.6173448913323; 
12, -686.1407023765787; 
12, -691.5391417450446; 
4, -699.4932480081043; 
4, -710.0725858710939; 
4, -685.932960273276; 
4, -678.3985543228046; 
3, -695.8247630804108; 
2, -729.8149659937917; 
12, -668.6551648809109; 
3, -667.501012662513; 
12, -706.0749084667186; 
12, -707.1978218197619; 
3, -713.1618841433519; 
3, -724.7689847476577; 
3, -712.1675165503984; 
2, -725.7154096799495; 
3, -702.0144413402304; 
3, -736.7449649031187; 
2, -743.1647183019377; 
12, -726.0699018118758; 
2, -698.1261869024893; 
12, -684.8740184502531; 
3, -677.6779067995667; 
4, -689.9121948368702; 
3, -711.5436724567844; 
4, -680.4034140694421; 
1, -693.2805376424803; 
12, -685.5145839098113; 
3, -691.3164859264652; 
12, -701.053732404398; 
1, -717.977499661516; 
3, -694.6358872601122; 
3, -700.6141006596154; 
4, -688.8087497633242; 
3, -708.1677765128261; 
3, -705.5613713347411; 
4, -680.2258834572276; 
2, -713.3813586081087; 
3, -730.2198131944024; 
3, -719.3532543337496; 
4, -697.0894638341997; 
1, -714.1985507094214; 
3, -687.1360921688902; 
3, -690.8886654240923; 
3, -720.884089918778; 
2, -712.9042674939556; 
3, -723.0335500497749; 
3, -700.984434376398; 
12, -705.511608395158; 
3, -685.6971260611754; 
4, -701.5029294556589; 
3, -693.7867344492406; 
3, -688.3701024752081; 
12, -693.135196454823; 
1, -721.9968960554397; 
3, -708.0305969905312; 
4, -691.8451255877735; 
1, -730.2247453174932; 
4, -704.7663331252988; 
3, -720.6122751984076; 
5, -704.1811151616857; 
4, -686.0130859169149; 
7, -672.9668567025656; 
12, -727.0772689730802; 
12, -703.6408498105739; 
3, -691.6543406208948; 
3, -691.1424814827042; 
4, -709.3169147004082; 
12, -699.9510820986761; 
3, -716.7191275654477; 
3, -674.041492553617; 
4, -677.4627122619568; 
3, -719.409553133155; 
4, -694.7332427965011; 
4, -673.9450387241086; 
4, -705.4976496251475; 
12, -688.0298267918697; 
12, -681.2698957964458; 
4, -685.4090742677363; 
4, -705.2003601658653; 
4, -687.1638842059765; 
2, -690.2178569633397; 
5, -684.0476157232333; 
4, -700.2536691359855; 
2, -667.8324034873804; 
1, -686.1528007491434; 
2, -653.8124823255785; 
6, -619.5298287639744; 
6, -677.6817646318232; 
3, -682.0379232817504; 
3, -682.722750193032; 
4, -698.9720683342312; 
6, -670.8628761138534; 
6, -738.2713511397596; 
6, -742.4989347645314; 
6, -718.082776700001; 
6, -684.4800898487447; 
7, -696.5505202991772; 
1, -691.2292970283597; 
6, -673.4367850825656; 
7, -662.3148345930967; 
