1, -753.653202079607; 
1, -737.2270565564255; 
1, -729.1347007146164; 
2, -724.8220860600795; 
2, -712.093350170569; 
2, -696.9165418358089; 
2, -729.2766942892968; 
1, -723.0848028326009; 
3, -668.0790901476785; 
3, -723.2716305307231; 
3, -700.7379014331946; 
1, -708.0236798818914; 
1, -708.382138608984; 
2, -673.068370471894; 
1, -715.2757071706219; 
6, -656.7869780321998; 
2, -707.0700526789988; 
2, -716.3327037365016; 
1, -700.1018534633658; 
2, -682.0789770541414; 
1, -701.0328335647409; 
6, -683.5352647058971; 
3, -698.2878858450549; 
1, -711.4473353660251; 
3, -705.1443420201358; 
4, -679.5257485308939; 
4, -689.8257038513984; 
6, -582.1205950458425; 
2, -698.149590824014; 
2, -698.9600586469351; 
7, -626.2031026994991; 
3, -722.8115183811642; 
1, -719.0550302792326; 
2, -728.3246699145238; 
3, -733.4426486413104; 
3, -749.9790232713713; 
3, -736.4707214975497; 
3, -760.5757167924385; 
3, -720.9222149528032; 
2, -724.9764712734795; 
3, -714.9694669878518; 
5, -650.664974854968; 
6, -640.3780851550764; 
6, -636.5934561950489; 
6, -556.6416023365236; 
1, -709.3025215657217; 
2, -707.1600354835828; 
1, -713.7090096764005; 
1, -707.2928555227627; 
1, -716.8611487163289; 
1, -705.4619174965919; 
2, -709.2704113997243; 
1, -705.6901118942042; 
3, -697.7174781339199; 
4, -676.4123256206003; 
3, -697.6674906964836; 
1, -709.680543213115; 
5, -647.6439014905263; 
6, -585.2163480320232; 
6, -644.3969597796604; 
2, -693.052352944891; 
2, -711.5538553937513; 
4, -692.3482355136512; 
5, -682.1260263717559; 
7, -598.1672318040437; 
2, -718.7021469738902; 
1, -724.5059959580103; 
2, -723.9175677329404; 
4, -695.6143359374109; 
5, -675.8481079830817; 
3, -689.262760812715; 
6, -609.3547003873828; 
1, -715.1360315154452; 
5, -664.01035605363; 
2, -716.3166092753963; 
1, -701.9914223837186; 
2, -709.0322401571393; 
2, -716.9933741395507; 
1, -702.0491910728597; 
2, -712.4337461467367; 
5, -669.3420769808436; 
7, -549.9392170315405; 
5, -637.7933926289043; 
3, -710.2039782771826; 
3, -717.8365973835753; 
3, -703.8008716458062; 
2, -697.3761344459563; 
3, -690.9258616454317; 
2, -698.6311688189235; 
2, -700.8040175434944; 
3, -711.5617443949232; 
2, -704.995666169656; 
3, -710.8392602920067; 
3, -693.2746829021198; 
3, -685.1854820371518; 
2, -684.3063773198228; 
3, -681.6535187705304; 
3, -677.3427439190855; 
2, -694.6402649392548; 
2, -689.2829899698263; 
2, -690.635709738388; 
4, -686.6011380928685; 
3, -711.8492512928933; 
3, -680.2001670503087; 
4, -664.0380494280398; 
4, -676.8259685593366; 
1, -730.3409360794758; 
2, -668.5479553079786; 
3, -672.3433250189119; 
3, -701.8194613543747; 
2, -707.4434301639412; 
7, -669.2299236071558; 
7, -596.0144193503074; 
5, -699.7622985490889; 
2, -725.7826230392093; 
3, -692.5527454071853; 
4, -727.440656708437; 
3, -737.6319615722023; 
4, -727.3505130522972; 
2, -695.6783078046137; 
4, -685.0084012178268; 
3, -674.0869398724462; 
2, -689.6022566354804; 
4, -705.636919824392; 
2, -680.8214954104333; 
1, -693.2805376424512; 
2, -687.2201754262496; 
3, -694.4772886968276; 
2, -702.0978115339676; 
1, -717.9774996614578; 
5, -637.7521785814606; 
6, -643.215420906985; 
4, -686.9405961177836; 
2, -707.2435150611273; 
7, -472.00044659685227; 
3, -682.5012405235175; 
3, -708.901378960567; 
3, -721.1786644916574; 
7, -620.2685420181078; 
4, -686.4144375731121; 
5, -713.882254648357; 
7, -553.2033522923884; 
3, -687.5706747665536; 
3, -716.7528633850743; 
2, -712.2554184941546; 
6, -572.3288489542174; 
5, -672.4558721562644; 
2, -708.2449302622117; 
3, -684.3347229562787; 
2, -701.4272685993492; 
3, -693.9914718744403; 
8, -460.3791036675684; 
5, -669.8208933469286; 
1, -721.9968960554834; 
5, -681.7866360648477; 
7, -544.977547970193; 
1, -730.2247453173768; 
6, -671.0349350168253; 
2, -717.970636221231; 
2, -702.6792066149355; 
4, -685.6512713277771; 
3, -675.086107983283; 
2, -728.341641112318; 
1, -704.8952492512035; 
3, -690.9498698975367; 
3, -689.6339272596379; 
3, -709.1351697931532; 
2, -703.9780344116298; 
4, -711.4023682679108; 
5, -665.048911242222; 
5, -677.7381346388138; 
4, -714.9770595262089; 
4, -686.1478699734726; 
3, -671.8740351350425; 
4, -703.6661043282802; 
3, -687.0975647087034; 
3, -681.9488511162199; 
2, -692.8603735246579; 
3, -699.3395339318668; 
3, -684.432760487849; 
2, -690.2101711035648; 
3, -682.0109937484958; 
2, -702.4163855557563; 
2, -667.832140399245; 
1, -686.152800749056; 
6, -554.7346630168031; 
6, -583.3355179817881; 
4, -671.7322762593685; 
4, -678.0581657142611; 
2, -684.0312676670146; 
4, -697.7483801714261; 
4, -662.1393771590374; 
4, -730.034586905269; 
3, -741.7539307852567; 
3, -714.2704251837567; 
4, -679.7539466396556; 
4, -695.3792833652988; 
1, -691.2292970280978; 
3, -676.6380738102307; 
4, -658.5289888879051; 
