1, -789.2403636765521; 
1, -742.7814714660992; 
1, -745.0747158422871; 
1, -735.8539981715553; 
1, -736.906112095176; 
1, -737.738536716035; 
1, -729.5652634615071; 
1, -733.4393148583003; 
1, -735.9454120160353; 
1, -741.2182824688425; 
1, -742.6090459572451; 
1, -739.8065443575988; 
1, -736.5800799140634; 
1, -737.7395326244259; 
1, -741.1929905549896; 
1, -741.1009038811953; 
1, -737.3699848821725; 
1, -738.2927628701418; 
1, -735.9024106724355; 
1, -735.8213886430731; 
1, -738.5156476824104; 
1, -735.9200863875703; 
1, -737.7708985589816; 
1, -736.8315669982876; 
1, -736.9959188562389; 
1, -737.4787833353221; 
1, -735.0834186751017; 
1, -736.37136851381; 
1, -736.0108907569993; 
1, -735.6211973588033; 
1, -737.5231564820024; 
3, -734.2984938177979; 
1, -737.997699612617; 
1, -736.523437787575; 
1, -737.6292952664444; 
1, -737.4659931638307; 
2, -733.924645110812; 
1, -736.5201415564807; 
3, -734.6371484054653; 
2, -735.2573632073363; 
3, -736.3765773694504; 
1, -736.5541822423402; 
1, -736.2224666923394; 
1, -737.778557542013; 
1, -736.1225861851781; 
1, -736.6710739726768; 
1, -736.1132258398502; 
3, -731.131113121919; 
1, -735.827001220714; 
1, -737.4157504861723; 
3, -733.3215074200562; 
1, -737.0669144499625; 
1, -736.157412778266; 
1, -735.2723674652298; 
1, -735.5275983247848; 
3, -731.2324073910131; 
1, -735.6736429529556; 
1, -735.9686210768195; 
3, -735.1721929012347; 
1, -735.485203804601; 
1, -735.8401674646666; 
1, -735.7423877836118; 
1, -735.4818741901981; 
1, -736.0938400924206; 
1, -735.7788990493282; 
2, -737.0776264772576; 
1, -736.6941522691195; 
1, -735.9325276107993; 
2, -735.172574700453; 
1, -735.7420457342378; 
1, -734.7490580036392; 
2, -736.8852731918669; 
1, -735.663862664871; 
1, -736.688492952635; 
1, -735.2354266122929; 
2, -735.7904241137439; 
2, -735.2374952848622; 
1, -735.1601728602109; 
1, -736.4364502889221; 
1, -736.2177436639176; 
1, -736.2985632012642; 
2, -735.7202856976946; 
1, -737.0076955399127; 
1, -735.7618418528; 
3, -735.173357480744; 
1, -735.9523123336185; 
3, -735.6111379468639; 
4, -734.7217234219861; 
4, -734.9174589178729; 
2, -735.1785046875884; 
2, -736.4809660047467; 
2, -734.8875364322012; 
3, -733.1742823852401; 
3, -735.048833875815; 
1, -735.1562049708155; 
1, -735.7967176603561; 
1, -736.8103917254339; 
3, -733.8943065374478; 
2, -734.921250340034; 
1, -735.7387519265903; 
1, -735.070004746085; 
1, -735.2912479493825; 
1, -736.5256508000894; 
1, -735.7106612503412; 
1, -735.9259427358047; 
2, -735.7925215607538; 
1, -734.6932087325113; 
2, -735.6521171263739; 
2, -735.6067402456683; 
3, -735.1619197068503; 
1, -735.6562137465808; 
2, -736.5356720954151; 
4, -737.3196088664845; 
1, -736.5261245218717; 
1, -735.7995975911326; 
1, -736.6434594072343; 
2, -735.6089810750273; 
1, -734.8933810018352; 
3, -736.746496400563; 
1, -735.1139115236583; 
2, -735.9664631886117; 
4, -735.5808551064838; 
1, -736.4312892720773; 
1, -734.5441799008549; 
2, -736.8798268847604; 
2, -734.5765721232456; 
2, -735.3284422715078; 
1, -737.2808188282506; 
1, -736.975607990782; 
3, -734.9323523583007; 
2, -735.3665818894806; 
1, -736.381716664444; 
1, -735.5756678483449; 
1, -734.6133185979561; 
2, -735.4785696159524; 
1, -735.8658626201941; 
1, -735.4030485791154; 
1, -735.3014267441322; 
1, -738.0287571933295; 
1, -735.7769057610276; 
4, -735.1625533370534; 
1, -735.0934095489501; 
1, -736.6898500960087; 
1, -735.9926412308268; 
3, -736.1632721659989; 
1, -736.4036302375607; 
1, -734.9469591687957; 
1, -736.8490677360096; 
1, -735.5808064414014; 
1, -735.8619960158248; 
2, -734.344993353996; 
4, -733.2862389997026; 
2, -734.0952388451988; 
4, -735.6465777937701; 
1, -736.6654200599296; 
1, -736.0575355355977; 
1, -736.006714000614; 
2, -735.1105212334805; 
1, -735.303610739662; 
3, -734.511605195934; 
3, -734.4059765822167; 
3, -733.4244801406167; 
3, -734.3547847799928; 
2, -736.2740534246695; 
1, -736.1160807601409; 
2, -736.0785911540152; 
1, -735.4277251907479; 
3, -733.111687148732; 
4, -733.6964578299376; 
1, -736.441173874613; 
2, -736.2750770060666; 
3, -734.3306171908043; 
1, -735.3559234546847; 
2, -734.6758420693805; 
2, -734.6918683488475; 
1, -736.1601194738614; 
1, -736.0493964865163; 
3, -732.988704815798; 
2, -735.0026104038116; 
4, -732.1451965165907; 
1, -735.6249018085073; 
1, -735.3418697396119; 
1, -735.7753597424016; 
1, -736.7030357869517; 
1, -736.1901535951183; 
3, -734.9059459152922; 
3, -736.1133249938721; 
1, -736.341901598731; 
4, -733.7086783458362; 
1, -735.7174944575818; 
2, -735.1624057117442; 
3, -734.5870171753049; 
1, -736.6131612993486; 
1, -737.2570118412259; 
1, -736.2989932240744; 
3, -734.9638767485449; 
1, -736.2604205980606; 
1, -735.9273272440187; 
2, -735.9500828324235; 
2, -735.6269262633577; 
