1, -778.1949717359654; 
1, -745.8536968630225; 
1, -732.9745848917544; 
1, -747.2582570251384; 
1, -741.1405730693095; 
1, -746.0738413521858; 
1, -740.553596740031; 
1, -737.853379089167; 
1, -739.0650013342029; 
1, -736.5160911517305; 
1, -736.0479658710728; 
2, -734.5165324630761; 
1, -739.4590431111355; 
1, -736.0503786311056; 
1, -733.9804808783028; 
1, -738.8629285108564; 
1, -737.8833880089951; 
1, -737.4525823537297; 
1, -737.4129122542472; 
2, -733.6556807452598; 
1, -737.2067399912539; 
1, -736.6249786439184; 
1, -736.6544168021246; 
1, -734.9874109672128; 
2, -734.9094110115911; 
1, -737.6946400844245; 
1, -735.802787032153; 
2, -736.7080724698426; 
1, -736.6565113328397; 
3, -731.0213021680065; 
1, -736.8971772654622; 
1, -734.8565990782445; 
1, -736.0462869798976; 
1, -735.0966934938624; 
1, -735.460276228092; 
1, -737.8335527910021; 
3, -733.8735903129564; 
3, -731.2079340642376; 
2, -738.4852646257423; 
1, -735.60706191387; 
2, -734.8780345911146; 
1, -737.3240678969778; 
1, -735.6127022031178; 
1, -736.7188591098966; 
1, -735.1123225813353; 
1, -735.9865353419664; 
1, -736.5732016932816; 
3, -736.4274630909058; 
3, -734.5482428148171; 
1, -735.6210377253883; 
2, -735.7854168629783; 
2, -735.6184053158722; 
1, -736.0453646529495; 
1, -737.3348182347108; 
1, -736.0947089880065; 
1, -734.9778628689455; 
1, -734.902207260624; 
2, -735.2803832632053; 
1, -735.7257041384364; 
1, -737.154565446006; 
2, -734.7445146426544; 
1, -735.863120365073; 
1, -736.8682190332402; 
2, -736.3403684592122; 
3, -734.7999433376172; 
2, -737.3420822432599; 
1, -736.0351995635647; 
2, -735.2463165818845; 
2, -735.2261232825767; 
1, -736.1057294771017; 
1, -736.2561013301602; 
2, -732.7364318548571; 
1, -736.3099378776533; 
3, -734.9811203739955; 
1, -736.748115208844; 
1, -736.1030998604256; 
3, -731.4829788355928; 
2, -735.9166017404568; 
2, -733.722822408221; 
1, -735.3614698082529; 
1, -735.0708476576328; 
1, -736.4134383078053; 
1, -737.1044153718831; 
1, -738.1097307452874; 
1, -735.8820921531296; 
1, -735.9554663746967; 
1, -736.7773266355362; 
1, -736.0689242125663; 
1, -736.1745341962524; 
2, -736.0974936449784; 
1, -736.8296229876723; 
1, -736.7951071795542; 
1, -736.5318126814091; 
2, -732.907762965071; 
2, -735.1639125408401; 
1, -734.3019026452675; 
1, -736.4759206750314; 
1, -734.8311745616957; 
1, -736.6965270038927; 
2, -732.3752489268372; 
1, -734.8960390276479; 
1, -737.838312088963; 
1, -737.1227161648421; 
3, -734.862334274294; 
1, -735.4217374624131; 
1, -735.2293816803285; 
1, -736.3118085090246; 
3, -735.2652743558865; 
1, -735.2041902367055; 
1, -734.9477275548707; 
3, -734.4820365561027; 
2, -736.7727358829579; 
1, -735.9473989054968; 
1, -736.9248130725027; 
1, -735.5351282017655; 
1, -735.1617296454788; 
1, -736.1024470909906; 
4, -730.3561792176042; 
2, -736.6529033023398; 
1, -736.8330816139642; 
3, -734.0702916737064; 
1, -738.4589575397404; 
2, -734.7718824084004; 
2, -732.916196174192; 
1, -736.319913000043; 
1, -736.1544492622634; 
3, -733.9635437426623; 
1, -736.2104388185398; 
1, -734.7670837676851; 
1, -734.9031306828692; 
3, -732.3514126605296; 
3, -734.5419723646191; 
1, -735.5067460531573; 
1, -734.1378564823826; 
1, -735.2778919295233; 
1, -738.903008511712; 
4, -734.8118646722141; 
1, -734.6375140729651; 
3, -734.932252970757; 
3, -735.4587560429936; 
2, -736.4070709246298; 
2, -734.713499729929; 
1, -737.5393638005189; 
1, -736.2753645314078; 
1, -736.7344760611304; 
1, -737.7545043356513; 
1, -737.2526809826522; 
2, -735.5561468725355; 
2, -736.0573388874764; 
3, -737.2862465162034; 
1, -735.7801512702863; 
2, -735.3589253024984; 
1, -735.7889313958585; 
1, -736.4005119189533; 
1, -735.1260857499292; 
1, -735.6788673992414; 
2, -735.733497749301; 
1, -736.5512072894344; 
4, -732.5497520499921; 
1, -736.7023479153868; 
1, -736.5412568773318; 
1, -735.6338571156084; 
1, -735.1658962685469; 
2, -736.4874035579269; 
3, -730.5481909680966; 
3, -735.9882801635686; 
3, -735.0803953488794; 
1, -735.4363000169687; 
2, -734.4892715277238; 
3, -733.9475538631959; 
1, -735.0137729670387; 
1, -736.2766957972053; 
1, -734.780607795401; 
2, -733.9962054792995; 
2, -736.1711454843753; 
2, -736.1459259509429; 
1, -736.4501541225764; 
1, -736.820913627249; 
2, -736.463674807892; 
3, -734.7682359850733; 
2, -734.5100635180133; 
1, -736.6030729626655; 
1, -736.1801699920907; 
2, -736.2124077394546; 
1, -736.7066030870483; 
3, -733.6230928687146; 
1, -735.6407558616775; 
3, -733.924617570563; 
1, -736.4637903941039; 
3, -735.02633625819; 
1, -736.328231093823; 
1, -734.2470926995738; 
2, -736.1096664133074; 
2, -735.2170378512237; 
1, -736.1541999050241; 
1, -735.3044805235113; 
1, -736.1655660654942; 
1, -736.5733694198134; 
3, -736.6160760990751; 
3, -736.8996073256421; 
