12, -158.48490514291814; 
12, -152.8778274627195; 
12, -158.8213413499953; 
15, -155.31669215438137; 
16, -164.24275041704368; 
16, -145.7923217575509; 
16, -150.98624223394927; 
16, -150.27295922662051; 
15, -150.7048041933183; 
16, -136.94198213436584; 
16, -145.94975050158473; 
15, -164.4519300986076; 
15, -159.16227044429274; 
16, -150.48644555945566; 
12, -157.99157851306882; 
16, -120.13257999031157; 
16, -149.8739159829138; 
15, -157.17016211990085; 
14, -158.92062702085832; 
15, -160.03772331840173; 
16, -165.98522940392104; 
16, -128.02216640034794; 
16, -147.18368203031196; 
16, -158.2085814564757; 
15, -152.84726978307935; 
16, -125.54613370221432; 
16, -140.46414980448208; 
16, -112.468986484796; 
16, -138.33857475932655; 
16, -160.17838460489384; 
15, -120.00914621996708; 
16, -140.44244949012955; 
16, -151.5539916445914; 
16, -148.89649842540712; 
16, -150.40474505723796; 
16, -152.62866418812882; 
16, -153.5287954682026; 
16, -152.3319010475816; 
14, -147.75756617596198; 
16, -150.5961006907919; 
16, -157.25822021600652; 
16, -146.6655462269864; 
16, -126.55796531849592; 
16, -136.3178402850799; 
16, -144.04970298076933; 
16, -167.98906771444854; 
13, -163.74710506789324; 
16, -158.39822862374876; 
16, -152.58698963627194; 
12, -166.05585963975136; 
16, -162.3276229021285; 
16, -153.2673038976609; 
13, -163.6674010014458; 
16, -155.33290590565866; 
16, -152.16977842613596; 
16, -148.8679783474072; 
16, -155.21976205921783; 
16, -139.69354607038076; 
16, -128.63380093393062; 
16, -136.03616847771627; 
16, -148.1672219041011; 
16, -161.98003922999305; 
16, -158.9188428837715; 
16, -132.80405867401896; 
16, -131.58602879391037; 
16, -152.08292664675173; 
16, -162.82087862683147; 
16, -157.1452657946611; 
15, -122.68055872131299; 
16, -141.99705874504434; 
16, -150.08023458632488; 
16, -133.824899916086; 
16, -149.84626806579217; 
16, -152.40577111706807; 
16, -157.3397123034665; 
16, -156.5517221029204; 
16, -160.6637760868216; 
16, -164.94258528501996; 
16, -154.8619776015057; 
16, -157.27980305177698; 
16, -141.4284595983172; 
14, -121.77286534963423; 
16, -147.25695077335695; 
16, -155.3444276684877; 
16, -155.85498635792283; 
16, -165.09632642113684; 
16, -148.3583481921687; 
16, -162.62434792940257; 
16, -146.20091299199885; 
16, -158.96556719542787; 
16, -156.74892821052708; 
16, -159.60792369955198; 
16, -157.65830344088317; 
16, -158.34132342525663; 
16, -157.43792998350364; 
15, -153.56147257616067; 
16, -159.5821531604288; 
16, -162.511316757631; 
16, -156.3596505675523; 
16, -162.17127293930207; 
16, -165.56760197967196; 
16, -167.1281388098305; 
16, -162.30556536804943; 
15, -165.94506416935837; 
16, -166.25058118640118; 
15, -159.62682083764957; 
16, -156.5156201888567; 
16, -161.71012739377147; 
15, -159.00344016251256; 
16, -162.0129333196419; 
16, -148.75151913439913; 
16, -105.66027200527242; 
16, -138.2439981336138; 
16, -164.61799300462735; 
15, -157.7258203153615; 
16, -153.15015885877438; 
14, -137.2012945362876; 
15, -160.05937669367268; 
16, -158.59416257540215; 
16, -149.26752136217692; 
15, -161.95276644040496; 
16, -163.29023304017755; 
16, -156.76749211589777; 
15, -155.76041215054647; 
16, -159.42276828298054; 
16, -159.36100503477792; 
16, -158.74437872326234; 
16, -157.60324621557447; 
16, -155.22960481827977; 
16, -157.63832126426496; 
16, -151.55172620093435; 
16, -141.96554477983227; 
16, -158.24772544400548; 
16, -156.40525087571223; 
16, -108.27387843564793; 
16, -146.59031875720757; 
16, -157.54595146858992; 
16, -155.08762951795143; 
16, -141.02698946761666; 
16, -152.81692569022198; 
15, -141.2488801429281; 
16, -116.11804390297038; 
14, -153.44746321100683; 
16, -150.35232776584598; 
16, -159.89035208829955; 
16, -135.2314657103634; 
16, -150.37875269042343; 
16, -153.51924349606634; 
15, -152.56918154307277; 
16, -151.39507603212405; 
15, -160.0566806225106; 
16, -106.92302411360288; 
16, -141.10517248361793; 
16, -159.86879154056078; 
16, -144.48658393553706; 
16, -128.59901930078195; 
16, -154.18310031212968; 
16, -149.25797886295913; 
16, -161.14345869024328; 
16, -160.15715748880393; 
15, -162.95989962856765; 
15, -158.07444729977578; 
16, -155.16700893169764; 
16, -158.30461447914422; 
16, -164.6415218754264; 
16, -154.64460035752563; 
14, -153.51621551522112; 
15, -119.27985264364543; 
16, -159.76550464587854; 
16, -161.47939291256625; 
16, -163.71303612767952; 
16, -158.6134778315827; 
15, -159.69575425431685; 
16, -156.72147495469835; 
16, -159.99780558915518; 
16, -160.013649685774; 
16, -159.6379004453447; 
15, -159.93418732891587; 
16, -153.8622356203632; 
16, -162.18719430328565; 
16, -153.6104542542198; 
15, -156.1312753387283; 
15, -151.6856798750814; 
16, -152.62679960428432; 
16, -153.54065213528156; 
16, -129.65811133061652; 
16, -139.40095437049968; 
15, -154.25923846972364; 
16, -152.79490197625637; 
16, -160.97176545261027; 
16, -162.70374181565785; 
16, -165.10435134068757; 
15, -155.7729063498664; 
16, -148.85877145261475; 
16, -153.193389716831; 
16, -156.63582491451962; 
16, -156.6482430904507; 
16, -160.80822747807906; 
16, -162.35381281319496; 
15, -157.40833314900738; 
