1, -737.5436507594058; 
1, -744.3164935399333; 
1, -731.2973191978504; 
1, -739.4896797656447; 
1, -715.7401648048235; 
2, -712.62375809693; 
2, -735.1109687529051; 
1, -723.0848028326091; 
2, -681.784749366775; 
2, -726.9813165334435; 
2, -701.4490695433842; 
12, -708.0022521436895; 
12, -708.3539718089542; 
2, -668.647705073452; 
12, -715.2683807860194; 
2, -713.1962436693047; 
2, -708.4806938478596; 
2, -716.1423161045768; 
12, -700.0854602791442; 
2, -680.7144285999238; 
12, -701.0190629428762; 
2, -719.3650598525019; 
2, -700.0768905057157; 
12, -711.4443714880254; 
12, -708.0263076398696; 
2, -717.4046882319599; 
3, -712.5398998259116; 
2, -719.2064139722752; 
2, -699.4060292386603; 
3, -698.2037678993729; 
2, -721.353827422703; 
3, -742.1707796253067; 
2, -718.395786262925; 
2, -728.974708636546; 
3, -742.677795417665; 
3, -753.718904500929; 
3, -746.8476425681438; 
2, -765.0891377339794; 
3, -737.6816779650908; 
1, -725.3200571282941; 
1, -715.3836648676261; 
12, -701.6654812794804; 
12, -715.9549847111193; 
3, -715.1727027647648; 
12, -677.4872688128853; 
1, -709.3025215657544; 
2, -706.7656044111936; 
1, -713.7090096764223; 
1, -707.2928555227409; 
1, -716.8611487163362; 
1, -705.4619174965992; 
1, -712.4592805367938; 
1, -705.6901118941751; 
1, -704.8377517140325; 
12, -702.4660575614689; 
3, -706.0704860620317; 
1, -709.6805432130714; 
3, -715.5663891973309; 
3, -689.6247039785158; 
3, -704.0247575987014; 
3, -692.4127465189449; 
12, -710.0524000374426; 
3, -695.6826240821683; 
3, -718.0719755880418; 
6, -688.6874731455828; 
1, -722.1386681961085; 
1, -724.5059959579303; 
3, -722.9086333932428; 
3, -732.3085827832838; 
3, -724.4158473544085; 
3, -711.3196187801368; 
3, -672.4118889850943; 
1, -715.1360315154088; 
3, -688.5836713376775; 
5, -713.736831975395; 
1, -701.991422383675; 
8, -709.6767351074814; 
3, -718.0280330454843; 
1, -702.0491910728306; 
12, -711.3992354418879; 
5, -689.9568476750501; 
12, -695.5853877714617; 
4, -709.5613695474385; 
3, -709.5838911805185; 
2, -721.6561717540171; 
3, -708.7134106769372; 
5, -695.9715218235506; 
3, -697.9339215706568; 
3, -690.795162750801; 
12, -699.7935313042544; 
12, -709.3978423578083; 
12, -705.6267651016387; 
12, -711.9679385786294; 
12, -690.3193664027203; 
12, -688.8082805531594; 
12, -684.8716200842464; 
4, -687.9980233075185; 
5, -680.7226578410919; 
12, -693.6173448913323; 
12, -686.1407023765787; 
12, -691.5391417450446; 
4, -699.4932480081043; 
4, -710.0725858710794; 
4, -685.9329602732905; 
4, -678.3985543228046; 
3, -695.8247630804253; 
2, -729.8149659938063; 
12, -668.6551648809109; 
3, -667.501012662513; 
12, -706.0749084667041; 
12, -707.1978218197764; 
3, -713.1618841433519; 
3, -724.7689847476431; 
3, -712.1675165503984; 
2, -725.7154096799495; 
3, -702.014441340245; 
3, -736.7449649031041; 
2, -743.1647183019522; 
12, -726.0699018118758; 
2, -698.1261869024893; 
12, -684.8740184502385; 
3, -677.6779067995667; 
4, -689.9121948368847; 
3, -711.5436724567844; 
4, -680.4034140694275; 
1, -693.2805376424803; 
12, -685.5145839098113; 
3, -691.3164859264652; 
12, -701.0537324043835; 
1, -717.977499661516; 
3, -694.6358872601122; 
3, -700.6141006596154; 
4, -688.8087497633242; 
3, -708.1677765128261; 
3, -705.5613713347411; 
4, -680.2258834572276; 
2, -713.3813586081233; 
3, -730.2198131944024; 
3, -719.3532543337496; 
4, -697.0894638342288; 
1, -714.1985507094214; 
3, -687.1360921688756; 
3, -690.8886654240923; 
3, -720.8840899187635; 
2, -712.9042674939556; 
3, -723.0335500497604; 
3, -700.984434376398; 
12, -705.511608395158; 
3, -685.6971260611899; 
4, -701.5029294556443; 
3, -693.7867344492552; 
3, -688.3701024751936; 
12, -693.135196454823; 
1, -721.9968960554397; 
3, -708.0305969905312; 
4, -691.8451255877881; 
1, -730.2247453175223; 
4, -704.7663331253134; 
3, -720.6122751984221; 
5, -704.1811151616712; 
4, -686.0130859169294; 
7, -672.966856702551; 
12, -727.0772689730802; 
12, -703.6408498105884; 
3, -691.6543406208802; 
3, -691.1424814827042; 
4, -709.3169147003937; 
12, -699.9510820986616; 
3, -716.7191275654477; 
3, -674.041492553617; 
4, -677.4627122619422; 
3, -719.409553133155; 
4, -694.7332427965157; 
4, -673.945038724094; 
4, -705.497649625162; 
12, -688.0298267918843; 
12, -681.2698957964312; 
4, -685.4090742677508; 
4, -705.2003601658507; 
4, -687.1638842059765; 
2, -690.2178569633688; 
5, -684.0476157232333; 
4, -700.253669135971; 
2, -667.8324034874095; 
1, -686.1528007491434; 
2, -653.8124823255639; 
6, -619.5298287639744; 
6, -677.6817646317941; 
3, -682.0379232817504; 
3, -682.7227501930029; 
4, -698.9720683342312; 
6, -670.8628761138534; 
6, -738.2713511397596; 
6, -742.4989347645314; 
6, -718.082776700001; 
6, -684.4800898487738; 
7, -696.5505202991772; 
1, -691.2292970283597; 
6, -673.4367850825656; 
7, -662.3148345930967; 
