1, -411.37339655025005; 
1, -376.1769281671577; 
1, -372.768484900295; 
1, -369.01560827953676; 
1, -372.1278001091671; 
1, -370.42006583778175; 
1, -368.23643526870455; 
1, -371.4668378575507; 
1, -373.5086904116624; 
1, -368.5201408816356; 
1, -369.72661625877754; 
1, -368.84898726487427; 
1, -370.48226598460224; 
1, -370.9062614474915; 
1, -368.4906250922795; 
1, -370.5994456749122; 
1, -367.972184645173; 
1, -367.9368398083943; 
1, -369.448932381194; 
1, -367.92333606754073; 
1, -369.17521735430455; 
1, -369.66328546647946; 
1, -367.57680310525484; 
1, -370.57907230995806; 
1, -367.52157467989855; 
1, -367.95712522428585; 
2, -368.402615332423; 
1, -367.8032196365639; 
1, -367.35701635020996; 
2, -366.8327552909632; 
1, -369.31315344565155; 
1, -368.60535581060867; 
1, -368.57562974649227; 
1, -369.3273822834708; 
1, -369.06640892426003; 
1, -367.2395334727662; 
1, -367.5425755704964; 
1, -369.14419212544453; 
2, -366.66460531687517; 
1, -368.7932719510918; 
1, -368.4398110662314; 
1, -368.25554014139743; 
1, -369.1060544316442; 
1, -368.21855584898003; 
1, -368.1396522306459; 
1, -368.55622186186156; 
2, -366.0176749038037; 
2, -366.3275558900532; 
1, -368.0244510217817; 
1, -368.1268065130171; 
1, -368.64609894514797; 
1, -368.3409109517088; 
1, -368.4354858576189; 
2, -366.4105655112835; 
1, -367.90656840960946; 
1, -368.9187898612763; 
1, -369.4751381800452; 
1, -369.0314889104484; 
1, -368.22258136534947; 
1, -367.7784041166742; 
2, -367.68792225022844; 
2, -368.095730791847; 
2, -368.1278775814826; 
1, -368.67582761053563; 
1, -368.288158264153; 
1, -368.0482070227554; 
1, -368.30668265692657; 
1, -367.58810488479503; 
1, -368.36955777382536; 
2, -366.1551977894924; 
3, -366.6859057168185; 
1, -367.86398009282493; 
1, -368.24684882435395; 
1, -367.3796634570099; 
1, -367.6289477989958; 
2, -367.08008325748597; 
2, -368.6769616906786; 
1, -368.18634608346474; 
1, -368.481572335706; 
1, -368.4670727673947; 
1, -368.79445756915084; 
1, -368.26470535262706; 
1, -368.4931577251009; 
1, -368.23604706200786; 
2, -367.3536969530651; 
2, -366.12824260337584; 
1, -367.3808300787787; 
1, -367.94980756593577; 
3, -367.3015575520185; 
3, -366.70888392550114; 
1, -368.486493295095; 
1, -368.43581338523654; 
1, -368.2877657170029; 
1, -368.19573891265463; 
1, -368.84276229351235; 
1, -368.16695289694326; 
1, -368.2099720222177; 
1, -367.9855090068231; 
2, -366.9432702663835; 
1, -368.48880049965373; 
2, -367.86667087696696; 
1, -368.8882385905745; 
1, -368.3163039420324; 
2, -367.03915218820475; 
1, -367.9471038017655; 
3, -368.03363218127197; 
1, -368.2179179396335; 
2, -367.99380433454644; 
1, -368.0793092776439; 
1, -368.3389781502483; 
1, -367.79294391577423; 
3, -366.8812644510108; 
1, -368.1019102432838; 
1, -367.7744877199657; 
1, -367.94007827583846; 
2, -367.73016364475916; 
3, -367.66097405344044; 
1, -368.40969454319566; 
3, -366.3289149123375; 
1, -367.6908233749491; 
1, -367.8177579081894; 
1, -367.92603380179935; 
2, -368.3929733962432; 
2, -366.61919082892564; 
1, -368.20377547525277; 
1, -368.38864969940187; 
1, -367.99966334309283; 
2, -366.6926452100961; 
2, -368.15366784337675; 
2, -368.1189758607652; 
2, -367.45039933233056; 
3, -367.79742046778847; 
3, -367.4275367202863; 
1, -368.52578202001314; 
2, -367.46545537235943; 
3, -365.4184984480089; 
1, -367.22907800569374; 
1, -367.5597426132008; 
2, -367.2307697969227; 
1, -367.64018336328445; 
1, -368.36871779628564; 
2, -366.4993325069154; 
1, -368.2958511261022; 
1, -367.91283737773483; 
2, -368.14800892484345; 
2, -366.7407585243418; 
1, -368.19706619270437; 
2, -368.1518329452665; 
1, -367.85261714001535; 
1, -368.17113365964906; 
1, -368.3706020737154; 
2, -367.07143840736535; 
1, -368.27769533179526; 
1, -367.92345850625134; 
1, -368.0575021340919; 
1, -368.0318961992598; 
1, -368.2394258858985; 
1, -367.9501758597253; 
1, -368.21302902614843; 
3, -367.78835223925125; 
2, -367.60822456579626; 
1, -368.31035273828456; 
1, -368.5358875811071; 
2, -367.755206920825; 
2, -367.2789494720855; 
1, -367.6741669058101; 
1, -368.3619301062063; 
2, -367.30042678095197; 
2, -367.70405031069095; 
1, -368.54139185994427; 
1, -367.98268238428136; 
3, -366.3284731629974; 
1, -368.248862505694; 
1, -368.38690209760534; 
1, -367.45667132167; 
1, -368.0593846151096; 
1, -367.5052921450697; 
1, -368.0865959884686; 
2, -366.29663901038293; 
2, -367.25805951372604; 
2, -367.52152071711316; 
1, -368.3427038369264; 
2, -367.29134764370974; 
1, -367.67078438869794; 
3, -366.5070699562493; 
1, -367.806770439478; 
4, -365.6317419195984; 
2, -367.2254972126393; 
1, -368.32056830967485; 
2, -368.3465397654945; 
3, -366.6373718545656; 
1, -367.67552735896606; 
1, -367.6499220552796; 
4, -368.00055460030853; 
1, -368.23796136096644; 
1, -367.97195575413934; 
3, -366.6325600270211; 
3, -368.0698512329109; 
1, -368.1713846232742; 
1, -367.5258319491986; 
