11, -368.0; 
10, -367.99999999999994; 
11, -368.0; 
9, -365.8664761352261; 
11, -366.25465023945844; 
12, -362.992769408871; 
10, -365.33937547747337; 
11, -368.0; 
11, -361.9793158728162; 
8, -346.6741959177184; 
9, -352.09826700132953; 
12, -367.99999999999955; 
10, -368.0; 
11, -366.49914429205546; 
12, -368.0; 
8, -310.4541996021644; 
10, -357.6874496724986; 
11, -368.0; 
10, -367.9574001182882; 
12, -368.0; 
11, -367.67807190511303; 
9, -319.7470306205314; 
10, -356.61946976755553; 
12, -368.0; 
10, -362.9045142909454; 
9, -319.93153924091166; 
10, -347.40446206320667; 
9, -289.8915922763372; 
10, -339.93626063627744; 
12, -368.0; 
9, -312.40109360057613; 
8, -344.8453141881382; 
11, -368.0; 
10, -366.0258315489664; 
11, -366.89850642923557; 
10, -364.96693785991374; 
13, -368.0; 
12, -368.0; 
11, -351.1789330393767; 
11, -363.34701143984785; 
10, -366.58448797531673; 
10, -344.8989807739017; 
9, -305.3177252811547; 
9, -326.34774992194616; 
9, -321.21973367016835; 
13, -367.9999999999982; 
13, -366.89850642923557; 
12, -368.0; 
12, -368.0; 
11, -368.0; 
12, -368.0; 
12, -368.0; 
12, -368.0; 
14, -368.0; 
10, -341.19686566086966; 
10, -361.2558359128052; 
13, -368.0; 
10, -325.3400534898319; 
9, -305.78761267722075; 
9, -323.28953414207353; 
12, -365.33937547748064; 
12, -368.0; 
16, -368.0; 
10, -326.7202784872061; 
9, -321.80413351248717; 
12, -368.0; 
14, -368.0; 
11, -367.5423626190095; 
10, -323.2664670617087; 
9, -338.482429136835; 
9, -348.7003886818711; 
10, -308.9500762604912; 
11, -354.40606203317293; 
12, -358.75841452104214; 
12, -368.0; 
12, -368.0; 
12, -367.5423626190095; 
12, -368.0; 
13, -368.0; 
12, -368.0; 
10, -339.76037488525253; 
11, -297.8197774121363; 
10, -324.8555232908002; 
10, -367.4571628555859; 
13, -368.0; 
11, -368.0; 
13, -362.391513100818; 
12, -368.0; 
12, -362.5777319096014; 
11, -368.0; 
15, -367.99999999999636; 
14, -368.0; 
11, -366.898506429221; 
13, -368.0; 
12, -367.54236261900223; 
14, -368.0; 
14, -368.0; 
14, -368.0; 
13, -368.0; 
13, -368.0; 
12, -368.0; 
13, -368.0; 
14, -368.0; 
14, -368.0; 
14, -368.0; 
13, -368.0; 
14, -368.0; 
14, -366.898506429221; 
13, -368.0; 
12, -368.0; 
11, -366.48630920123105; 
13, -305.99916707615193; 
10, -335.2073735212689; 
16, -363.3420892764407; 
12, -368.0; 
14, -368.0; 
13, -345.0073959766596; 
13, -368.0; 
11, -368.0; 
14, -368.0; 
15, -368.0; 
12, -367.7868741191123; 
13, -368.0; 
12, -368.0; 
13, -368.0; 
14, -368.0; 
13, -368.0; 
15, -368.0; 
14, -368.0; 
12, -368.0; 
11, -338.4346266108332; 
10, -327.3152781760291; 
13, -368.0; 
13, -368.0; 
10, -254.3404726022054; 
11, -350.12430181023956; 
13, -368.0; 
14, -368.0; 
10, -328.15302886031714; 
12, -353.2889757104058; 
11, -336.4083716787645; 
10, -286.2813038172535; 
12, -360.2547962756944; 
14, -368.0; 
12, -368.0; 
11, -311.9514813450587; 
11, -357.8917654356919; 
12, -365.83961274015746; 
13, -368.0; 
13, -368.0; 
14, -368.0; 
10, -249.14382443646173; 
11, -330.6344134770261; 
12, -368.0; 
10, -347.31769112907205; 
10, -283.5107808497778; 
12, -368.0; 
11, -338.9353081468871; 
14, -368.0; 
13, -368.0; 
12, -368.0; 
15, -368.0; 
14, -368.0; 
12, -368.0; 
14, -368.0; 
15, -368.18621880878345; 
12, -368.0; 
12, -323.36705826979596; 
14, -368.0; 
13, -368.0; 
15, -368.0; 
13, -368.0; 
14, -368.0; 
14, -368.0; 
12, -368.0; 
15, -368.0; 
14, -368.0; 
14, -368.0; 
14, -368.0; 
14, -368.0; 
12, -365.79701285844203; 
15, -367.9999999999927; 
14, -368.0; 
15, -368.0; 
13, -368.0; 
11, -310.895833286937; 
12, -317.4308583381353; 
14, -368.0; 
14, -368.0; 
13, -368.0; 
12, -368.0; 
12, -367.87491415381373; 
13, -368.0; 
13, -368.0; 
12, -367.72858142780024; 
15, -366.25465023948345; 
14, -368.0; 
13, -368.0; 
14, -368.0; 
15, -368.0; 
