9, -713.4953822852742; 
4, -711.5436305435982; 
4, -721.8638301801527; 
3, -735.508424526357; 
4, -723.1156091462167; 
4, -718.9442498248077; 
4, -719.3456599174542; 
4, -709.7698270727969; 
1, -720.0411533915285; 
4, -745.8285386231091; 
4, -723.6552805227293; 
4, -713.5807727708279; 
4, -727.5014485961146; 
4, -718.5919333760885; 
4, -715.6913461495224; 
4, -734.6010926232266; 
4, -722.0896653310483; 
4, -712.6214026096841; 
4, -716.5291257869085; 
4, -705.4705113347281; 
1, -705.1784336568144; 
1, -741.6980074481144; 
4, -705.5353143641642; 
4, -718.8831221764885; 
4, -705.6669656677514; 
4, -740.4100622473816; 
8, -692.9698345706129; 
8, -697.9344304024708; 
8, -679.7425564095902; 
8, -697.9987589217853; 
8, -708.2750284198046; 
8, -695.3708306670233; 
8, -720.2475693540109; 
8, -688.1967943926757; 
7, -710.9059289381548; 
7, -688.65787491831; 
1, -746.358148094554; 
1, -731.3819773104551; 
1, -728.0769345960543; 
1, -714.9487193338646; 
1, -749.21124196448; 
1, -709.5339041175685; 
1, -712.6647901912365; 
4, -709.0499934580293; 
8, -735.2889563696081; 
8, -708.3007790009215; 
1, -721.039964263422; 
1, -721.0720726410582; 
1, -719.9998977704454; 
1, -712.6937399816889; 
1, -735.1860918532402; 
1, -711.6500256761137; 
1, -705.0420154602689; 
4, -731.4514570223109; 
4, -737.8835493354127; 
4, -743.8406368064461; 
1, -729.8914079769893; 
1, -717.004707498083; 
4, -736.4636305037566; 
4, -730.8964519777; 
4, -708.0415053668912; 
4, -744.3398979200647; 
4, -745.0888881555584; 
4, -709.9585900291349; 
4, -709.1605386488372; 
4, -714.3158638999739; 
4, -750.6606506878452; 
4, -737.193674874412; 
4, -710.6436128470523; 
4, -706.1124735161939; 
4, -726.6626892919885; 
4, -701.5337115042348; 
4, -725.8978202227299; 
4, -724.7931571452718; 
4, -711.6076545726173; 
4, -708.9424112272027; 
4, -729.9043098125185; 
4, -731.6447760306619; 
4, -739.8840602496421; 
4, -708.5346439045898; 
4, -696.614288378325; 
4, -714.233149022868; 
4, -700.9770702191672; 
4, -731.6926785637843; 
4, -716.9740402497118; 
4, -699.3469837431112; 
4, -732.0803871150711; 
4, -732.0046114779034; 
4, -722.4583656083196; 
4, -705.2089631886338; 
4, -735.1231730008876; 
4, -735.2388138724491; 
4, -715.3807622598251; 
4, -699.6655357357085; 
4, -702.2479219009983; 
4, -703.5150134603318; 
4, -704.6581032190006; 
4, -721.841865823837; 
4, -714.4124071151746; 
4, -704.0349869634665; 
4, -710.5934362485277; 
4, -708.9727871455543; 
4, -718.9121863789187; 
4, -708.2061908989854; 
4, -717.3619278057595; 
4, -713.8205673981283; 
4, -720.2811614170496; 
4, -718.216412974798; 
4, -748.9550794255483; 
4, -732.7335870608949; 
4, -742.3165705365973; 
4, -724.6579298719444; 
4, -737.9229726523627; 
4, -723.0956821034779; 
4, -725.8387175011885; 
4, -712.7741530830972; 
4, -706.3314808413124; 
4, -705.100515273356; 
4, -712.7821019932599; 
4, -713.8708884312218; 
4, -700.1041397265217; 
4, -725.4787007620907; 
4, -722.7979709131905; 
4, -691.5471127190394; 
4, -714.1426980235265; 
4, -696.719069813058; 
4, -713.357925678094; 
4, -725.5775380366249; 
4, -712.9027333355043; 
4, -710.8914453970065; 
4, -706.4023002552858; 
2, -711.6494813962927; 
4, -709.1254457542673; 
4, -710.6843702117476; 
4, -726.8682576338324; 
4, -742.7217384273536; 
4, -728.4274196408805; 
4, -724.1044103868335; 
4, -747.2211077849206; 
4, -737.4498339993152; 
4, -738.8728462791332; 
4, -716.9485531585378; 
4, -721.5333352674934; 
4, -730.0529754917807; 
4, -714.9681875016104; 
4, -729.1949749997293; 
4, -752.1798688550189; 
4, -726.290579945402; 
4, -798.7549140373449; 
4, -737.3688660929911; 
4, -704.8412764989334; 
4, -726.7104599815793; 
4, -782.1541417004482; 
4, -749.8557771590567; 
4, -730.0398515456909; 
4, -739.5200341813907; 
4, -713.9062784271955; 
4, -720.2994338224089; 
4, -736.3656147243746; 
4, -705.0997405009548; 
4, -713.817990240801; 
4, -715.4592139855376; 
4, -724.1930277322826; 
4, -729.1855418286577; 
4, -708.7736609477142; 
4, -700.9186787895742; 
4, -713.089052972995; 
4, -713.990773063284; 
4, -699.4491294202453; 
4, -715.2289943079231; 
4, -697.5418222220906; 
4, -703.023620560125; 
4, -701.0278662179189; 
4, -710.8210288909031; 
4, -709.9371884197753; 
4, -716.8219344923273; 
4, -718.3821816855634; 
4, -733.0818323186686; 
4, -767.6002934869612; 
4, -717.9593710139161; 
4, -711.4298959796724; 
4, -716.0558964632219; 
4, -722.342754216108; 
4, -723.125530898862; 
4, -736.7585016597004; 
4, -708.6452923516044; 
4, -725.237475311762; 
4, -716.4292435273819; 
4, -725.5283989864984; 
4, -711.0123474410211; 
4, -736.6547626499669; 
4, -714.0941043552593; 
9, -723.3318756485533; 
9, -719.2764256399823; 
9, -721.0930099117104; 
9, -704.4077587166685; 
9, -705.8113755393133; 
9, -705.5441726591962; 
9, -714.2345745583007; 
9, -720.9857337111607; 
9, -706.7508850835147; 
9, -707.7013969481341; 
9, -716.8879217991489; 
9, -708.3873203235271; 
9, -725.7035247258318; 
9, -723.5235862662666; 
9, -715.3683682177216; 
9, -715.397636574955; 
9, -717.4207288397884; 
9, -721.5352848323528; 
9, -711.477182679344; 
9, -711.332510870503; 
9, -740.9354210443271; 
9, -706.9432880702079; 
7, -707.7484437662933; 
7, -697.1066634431772; 
9, -696.6089564202412; 
9, -698.0981642429542; 
9, -702.4919180521974; 
9, -696.8433285326173; 
9, -707.3174888867361; 
9, -712.9625603084569; 
9, -710.6999032651947; 
9, -703.8554433095269; 
9, -688.2312145796604; 
9, -697.6511221317633; 
9, -709.6863829452195; 
9, -701.2071217904158; 
9, -736.6561176446266; 
9, -738.0994272209064; 
9, -750.7387476018921; 
9, -739.0104361902631; 
9, -702.2577548346308; 
9, -740.1754187269253; 
9, -708.9072981665086; 
9, -758.42075685889; 
9, -762.1718085722823; 
7, -766.5735244475654; 
7, -743.7480595862726; 
7, -771.512281228439; 
7, -721.8892896857869; 
7, -723.8970551109232; 
7, -721.5396115654148; 
7, -737.413984118466; 
7, -743.171489439148; 
7, -725.6062743092771; 
7, -770.6828168004577; 
7, -735.4655750610982; 
7, -737.5418733555125; 
7, -752.1742004563275; 
7, -743.5928044503962; 
7, -729.3820821191475; 
7, -739.1233645496832; 
7, -737.3102450631559; 
7, -732.006976551027; 
7, -722.0381103016553; 
7, -721.6622972349869; 
7, -732.1601531711058; 
7, -743.750672016642; 
7, -742.7456905039726; 
7, -722.3807806331606; 
7, -728.6358029851108; 
7, -729.1640128573927; 
7, -722.5221847944777; 
7, -723.3778489514079; 
7, -722.7925423488487; 
7, -715.278082178178; 
7, -729.1143941233458; 
7, -735.1683780696185; 
7, -735.353898010886; 
7, -743.5300871401851; 
7, -716.5850828678813; 
7, -728.6426663482271; 
7, -718.5425367173157; 
7, -716.3831169853511; 
7, -722.576760953787; 
7, -728.2990519624145; 
7, -726.3496349356719; 
7, -722.235890213633; 
7, -724.2371716077323; 
7, -714.7953537182766; 
7, -706.9956585692416; 
7, -728.9425647071912; 
7, -737.0423470518435; 
7, -719.9718377802637; 
7, -722.1083692037209; 
7, -719.7224008164194; 
7, -725.1890777408553; 
7, -726.4920502680179; 
7, -718.6337786335207; 
7, -722.1599173957948; 
7, -710.4604618409649; 
7, -712.0157412241388; 
7, -712.4687663946243; 
7, -707.9739645586524; 
7, -706.1706434159714; 
7, -712.3243582523428; 
7, -716.4252093842078; 
7, -715.8731565646594; 
7, -709.4322345853143; 
7, -714.0189213590929; 
7, -722.7190708210983; 
7, -729.0946691581921; 
7, -719.0935698272078; 
7, -715.5537432394049; 
7, -717.9155922243954; 
7, -721.0014622594463; 
7, -727.8588461157051; 
7, -732.3851730893657; 
7, -706.9746719395916; 
7, -734.3385797449155; 
7, -705.7785702720284; 
7, -706.2580957929604; 
7, -721.217529640795; 
7, -718.3701883485192; 
7, -723.363197610568; 
7, -714.4184901450353; 
7, -709.1433615755232; 
7, -735.3054402253474; 
7, -696.644780923496; 
7, -718.3461369391589; 
7, -708.104104331811; 
7, -709.244565469824; 
7, -718.692578504124; 
7, -712.5613152151345; 
7, -708.9208793431462; 
7, -720.1093561236048; 
7, -712.4288647850044; 
7, -709.7307867423224; 
7, -717.3629058943479; 
7, -710.8220302925038; 
7, -714.7623862421315; 
7, -714.1874592677923; 
7, -705.5016722422151; 
7, -707.1735108662979; 
7, -706.8393349934195; 
7, -719.3397074967506; 
7, -701.8126519254001; 
7, -726.0935641424439; 
7, -710.5613468757947; 
7, -705.8996654586226; 
7, -715.7216143437254; 
7, -708.6215542414866; 
7, -714.7545982697047; 
7, -701.6157140748692; 
7, -706.3237161733268; 
7, -708.742608019762; 
7, -723.234353194508; 
7, -721.6331012165465; 
7, -702.6824250745995; 
7, -711.1002742152778; 
7, -710.1280907806649; 
7, -735.9442926325137; 
7, -712.5006139358156; 
7, -715.8325993388426; 
7, -711.4471166266594; 
7, -701.4165276359417; 
7, -714.4934509728919; 
7, -725.6902550493833; 
1, -712.1506055928185; 
1, -714.9143347048666; 
1, -709.8514702217653; 
1, -892.8939202608308; 
4, -797.2603088996839; 
4, -778.2800135918078; 
4, -770.295336826588; 
7, -758.3485102253617; 
7, -755.1066788810422; 
7, -726.2576164114871; 
7, -767.7890820383327; 
7, -714.0553793549188; 
7, -719.2678414381226; 
7, -704.6456824277993; 
7, -718.5883349851356; 
7, -704.1219628279214; 
7, -736.6980939484201; 
7, -721.5337188307312; 
7, -731.9836073552724; 
7, -728.1696252265247; 
7, -710.2508067287272; 
7, -701.5209450559341; 
7, -706.9458061492769; 
7, -711.4836125414586; 
7, -713.4174636721145; 
7, -714.4077154661063; 
7, -731.844648678496; 
7, -728.7630184979644; 
7, -727.4360134913586; 
7, -699.3155453740037; 
7, -718.3873845788185; 
7, -703.1290928577073; 
7, -721.5252048853436; 
7, -698.757033193775; 
7, -722.6242537942599; 
7, -715.8788698225399; 
7, -713.9549237316241; 
7, -716.2261391323409; 
7, -716.0821672962629; 
7, -697.7724529668922; 
7, -701.5561659267405; 
7, -705.9215360478847; 
7, -698.3040062189684; 
7, -713.4163646858651; 
7, -698.6397929532104; 
7, -702.16960286221; 
7, -699.2263780718204; 
7, -708.5951915691257; 
7, -704.1480477623991; 
7, -691.5827502129832; 
7, -688.4805911147268; 
7, -700.9710742720054; 
7, -696.8617987508769; 
7, -705.6283502780134; 
7, -699.3903508004732; 
7, -694.4350239360938; 
7, -703.8382560822647; 
7, -703.9061449546134; 
7, -708.2654322546441; 
7, -707.629040911037; 
7, -718.4719716265681; 
7, -760.7329804442707; 
7, -705.6773374952609; 
7, -705.2741759271594; 
7, -694.5565905888216; 
7, -708.2673774252762; 
7, -755.0904611963779; 
7, -734.5661039063125; 
7, -705.201001864858; 
7, -708.0035446866532; 
7, -714.2898155303556; 
7, -716.6538750446052; 
7, -701.0980334705673; 
1, -721.8066420521936; 
7, -708.2678147374536; 
1, -702.506813896005; 
1, -697.921648414107; 
1, -705.440786950523; 
1, -716.8346242549596; 
1, -701.5921712839045; 
1, -696.7170781675959; 
1, -712.3789172787219; 
1, -717.0779218255775; 
1, -690.0351035749773; 
1, -700.2232930377941; 
1, -703.0158706702059; 
1, -707.3475249992334; 
1, -706.4307731453446; 
1, -693.2431053081527; 
1, -722.4094129323494; 
1, -673.5115431428421; 
1, -700.1188879142283; 
1, -725.8492001623963; 
1, -692.2046809556778; 
1, -718.9165554143838; 
1, -695.098375448084; 
1, -713.8208288466558; 
1, -697.7428406623658; 
1, -696.82116887148; 
1, -720.277707349509; 
1, -746.2395392481121; 
1, -711.0956490841927; 
1, -703.1634709719219; 
1, -701.9871172268176; 
1, -704.8141594482004; 
1, -697.8469659186085; 
1, -704.1411768549006; 
1, -699.9572705872706; 
1, -703.007571166323; 
1, -696.8538856114028; 
1, -705.9334067501477; 
1, -688.7505832359893; 
1, -716.8997427785071; 
1, -723.2889354353538; 
1, -707.7183228399372; 
1, -705.3481093945447; 
1, -684.848243995104; 
1, -692.0624596725684; 
1, -720.6419758670963; 
1, -699.533249278029; 
1, -716.8155680067721; 
1, -714.8217546981177; 
1, -709.640092635178; 
1, -714.4454767966527; 
1, -694.5927424244583; 
1, -723.3922122874064; 
1, -755.3362223641598; 
1, -747.6251166482689; 
1, -716.0341780905146; 
1, -697.530924078601; 
1, -701.0021697679185; 
1, -706.8681289275992; 
1, -706.5622700761887; 
1, -715.521337531507; 
1, -712.1318732334184; 
1, -701.4513451572275; 
1, -702.3432294118102; 
1, -724.2344616217306; 
1, -703.5745719781262; 
1, -740.9631393487798; 
1, -713.1096346630366; 
1, -706.3735724830767; 
1, -698.6076892741257; 
1, -713.4803709660773; 
1, -705.5222376300953; 
1, -694.7374525734922; 
1, -702.2043999998714; 
1, -702.7910399225075; 
1, -703.6545696216053; 
1, -706.6515215157997; 
1, -732.1789900134318; 
1, -702.4832084825612; 
1, -717.7642752876855; 
1, -725.6758434230578; 
1, -708.3901378741721; 
1, -722.8342460420681; 
1, -703.3859147434705; 
1, -712.9328078902909; 
1, -716.4263841758948; 
1, -705.2585336921038; 
2, -702.684166377061; 
2, -710.6959989756579; 
2, -720.1603389477823; 
2, -749.8764140773565; 
2, -739.7600688696839; 
2, -745.1862348273862; 
2, -758.2321166613838; 
2, -758.487678109319; 
2, -753.1617642483325; 
2, -768.3895022300421; 
2, -814.4171854539891; 
2, -755.6294461695361; 
2, -809.3242679403047; 
2, -779.9274529344402; 
7, -803.9270767924027; 
7, -816.3988063539146; 
7, -842.5180387257133; 
7, -825.09886602388; 
7, -830.2627909660805; 
7, -811.7692763046944; 
7, -811.6271232161089; 
7, -760.7545995438122; 
7, -731.8234131135396; 
7, -720.4877050070208; 
7, -715.0544433917385; 
7, -709.341719382559; 
7, -742.7531151447329; 
7, -707.4825766526628; 
7, -729.4383870446472; 
7, -716.6657390784821; 
7, -698.8013769424288; 
7, -700.2933503954555; 
7, -705.8674503882648; 
7, -706.5082211364061; 
7, -707.5005572426599; 
7, -708.363019425422; 
7, -716.4499735093559; 
7, -716.9849273946602; 
7, -706.9175960082794; 
7, -712.180681092781; 
7, -718.1116288120393; 
7, -719.4296074706945; 
7, -711.1293940574396; 
7, -706.9490978859249; 
7, -707.9742533594253; 
7, -700.1909169057035; 
7, -699.4179965560907; 
7, -708.8597070436808; 
7, -687.940189372981; 
7, -706.7248418513336; 
7, -698.226278187125; 
7, -720.2668053341913; 
7, -708.1736776189064; 
7, -703.7006319820648; 
7, -698.0227624338586; 
7, -702.4494376581861; 
7, -699.6624138298212; 
7, -703.5262995559024; 
7, -698.4518497293466; 
7, -711.4745284219389; 
7, -732.1249559220159; 
7, -726.0809142408543; 
7, -711.761250334559; 
7, -705.94584614021; 
7, -713.1131576018524; 
7, -715.1962267243653; 
7, -715.7937842256506; 
7, -722.752009865013; 
7, -703.4468360161991; 
7, -716.150861815142; 
7, -699.8096267167712; 
7, -697.9391104181414; 
7, -698.6692499488709; 
7, -701.0753381345421; 
7, -690.7588214798598; 
7, -706.2077185291564; 
7, -705.4241817922448; 
7, -704.765840718057; 
7, -715.3210570128867; 
7, -702.2769996125135; 
7, -687.1395377214649; 
7, -708.1990101823467; 
7, -697.910929687845; 
7, -700.5649648543913; 
7, -718.8281341346446; 
7, -691.3419725890271; 
7, -697.3766167010763; 
7, -695.4361543379491; 
7, -698.6113419112517; 
7, -718.1493839927134; 
7, -696.7423811911722; 
7, -729.610227015568; 
7, -693.4702658214956; 
7, -714.718780176423; 
7, -698.5571120734676; 
7, -685.6552579345298; 
7, -687.3294904622599; 
7, -693.0952250401606; 
7, -717.7629440898309; 
7, -715.4052299171453; 
7, -695.5072090677568; 
7, -690.1915362478467; 
7, -702.5633948749746; 
7, -691.1807767651626; 
7, -710.4601118619321; 
7, -704.5345676409197; 
7, -716.8009572567535; 
7, -704.5391303085489; 
7, -699.6604912008042; 
7, -687.7849438186386; 
7, -700.3799219860812; 
7, -698.4908216655604; 
7, -705.414436192892; 
7, -687.3480341358809; 
7, -700.325701281603; 
7, -728.5293059225078; 
7, -722.1708468339057; 
7, -697.6244122662465; 
7, -711.1588490600698; 
7, -696.4166078930721; 
7, -732.6667006418575; 
7, -712.8556286323001; 
7, -711.8388037678087; 
7, -686.3002051002113; 
7, -694.7153006763547; 
7, -705.2065058218432; 
7, -696.3914516268997; 
7, -723.8480317902286; 
7, -707.6490076128393; 
7, -688.385889417259; 
7, -690.9762908653356; 
7, -692.0814300584025; 
7, -705.9356258771732; 
7, -694.4444742950727; 
7, -702.9169444554718; 
7, -701.5876807363238; 
7, -707.3358310527983; 
7, -703.8418984718155; 
7, -715.2568053641589; 
7, -703.8814397220849; 
7, -702.9346178697306; 
7, -704.639232806454; 
7, -721.5642824485549; 
7, -716.3334873740678; 
7, -720.0593913781922; 
7, -715.698796361452; 
7, -714.7519889214309; 
7, -710.5963708916679; 
7, -723.5881170840003; 
7, -723.0948974599014; 
7, -714.8529510776862; 
7, -708.5067041179282; 
7, -714.5783331794082; 
7, -723.9123350457521; 
7, -729.1673073740094; 
7, -707.7883544716751; 
7, -719.9062061440782; 
7, -716.5003943775082; 
7, -725.8490423595649; 
7, -720.7530599265592; 
7, -712.5757138307672; 
7, -707.7673324710922; 
7, -709.5032429198618; 
7, -708.8956442404888; 
7, -691.1899815218057; 
7, -773.0144860859727; 
7, -711.5896991608897; 
7, -707.6269455269794; 
7, -700.3645060678245; 
7, -691.8204539712169; 
7, -700.1738364111516; 
7, -700.044995072938; 
7, -696.2168003422557; 
7, -699.8327287923312; 
7, -704.3056701991591; 
7, -704.3653412986314; 
7, -711.377616669517; 
7, -710.3154834702145; 
7, -702.7572167763137; 
7, -703.4326504134224; 
7, -700.7016626037657; 
7, -713.3268149971846; 
7, -694.7729999004514; 
7, -696.3151914626942; 
7, -684.5809339917032; 
7, -705.1888652446214; 
7, -702.6687738492619; 
7, -693.6062973414664; 
7, -697.5328889921657; 
7, -694.6745504457504; 
7, -694.3563904835028; 
7, -706.6662351836567; 
7, -710.1651098175207; 
7, -729.89121317229; 
7, -705.9194017552072; 
7, -807.7959238406038; 
7, -773.0640108629595; 
7, -752.9662574407412; 
7, -734.4605379480636; 
7, -749.4766032054322; 
7, -721.3690432161093; 
7, -699.0558846214553; 
7, -692.9499655892141; 
7, -714.7765177967958; 
7, -699.563238327275; 
7, -698.81844093767; 
7, -703.111076506786; 
7, -730.9348333900562; 
7, -705.1701304309536; 
7, -721.0418957768707; 
7, -715.4025258838665; 
7, -714.6547500009183; 
7, -709.3766273034271; 
7, -710.680346900248; 
7, -715.7445182389347; 
7, -697.3396918453509; 
7, -684.9836027941201; 
7, -713.5886334315874; 
7, -700.3168675241759; 
7, -718.160491510178; 
7, -684.5530931169633; 
7, -694.7312565089669; 
7, -682.4213783959858; 
7, -699.2347711835755; 
7, -707.8946209782735; 
7, -710.0692325357813; 
7, -742.7376035175985; 
7, -685.015367427608; 
7, -712.5192186894128; 
7, -705.2959357703803; 
7, -713.9662008563755; 
7, -706.7724043112248; 
7, -745.0408407896757; 
7, -769.54311184783; 
7, -764.8648195345886; 
7, -765.2942080795765; 
1, -750.982160648331; 
1, -740.8487439464079; 
1, -784.0183381646639; 
1, -735.5684878982138; 
1, -759.7867020908743; 
1, -751.4764980836771; 
1, -758.8420362016186; 
1, -734.6930803525029; 
1, -742.9644595404388; 
1, -725.1086094037164; 
1, -705.7668010594789; 
1, -709.9165875988547; 
1, -704.4680913699558; 
1, -702.5825896972092; 
1, -698.8941188144963; 
1, -709.6396434922935; 
1, -704.2707539057592; 
1, -721.9237629993586; 
1, -708.4753697318956; 
1, -712.4766633638646; 
1, -712.5868861104827; 
1, -699.2225324719911; 
1, -711.0316308124457; 
1, -702.1451519425027; 
1, -704.5134267458925; 
1, -710.3575067684287; 
1, -720.4086427417351; 
1, -703.8134880132275; 
1, -712.2848865123233; 
1, -705.3721213770332; 
1, -693.8526218045736; 
1, -683.4800921673886; 
1, -703.6413055221783; 
1, -716.8262120218715; 
1, -706.1154723577201; 
1, -705.0357862616656; 
1, -700.2243475151481; 
1, -693.9907437280053; 
1, -718.2252049841918; 
1, -704.108146943734; 
1, -703.0745672038756; 
1, -703.3795216926374; 
1, -705.7770687395241; 
1, -706.655025578104; 
1, -707.3797135419445; 
1, -696.0104604478693; 
1, -694.724099744577; 
1, -711.8085816159146; 
1, -708.6505890853005; 
1, -726.0765983125893; 
1, -722.9226453779265; 
1, -685.2261324734427; 
1, -713.171935030492; 
1, -711.4427614973392; 
7, -712.5121297090081; 
7, -704.6827472054865; 
7, -698.538677479024; 
7, -716.3223554398865; 
7, -701.3273177884985; 
7, -706.3692804595921; 
7, -712.9047807183815; 
7, -705.6762408448849; 
7, -693.1447237001266; 
7, -707.0697670239024; 
7, -702.7314026908716; 
7, -730.7435707416153; 
7, -701.5421197845135; 
7, -697.6547857328551; 
7, -708.2655856742058; 
7, -716.3728521298617; 
7, -705.0315687156981; 
7, -711.9484585147584; 
7, -711.6608570747776; 
7, -710.6663855190855; 
7, -704.0386249512667; 
7, -702.2625881603453; 
7, -698.0901165925898; 
7, -709.6556435540551; 
7, -744.5254314800259; 
7, -771.5053173182532; 
7, -747.2036740918411; 
7, -755.9561759734061; 
7, -758.8349650409073; 
7, -785.4407493554754; 
7, -786.4730660244823; 
7, -748.5577331881505; 
7, -768.6035455940291; 
7, -769.5333374940092; 
7, -744.3886922097299; 
7, -726.4529902423965; 
7, -700.4728220723337; 
7, -695.6868321783841; 
7, -691.7723584545311; 
7, -707.6223913594149; 
7, -697.5855280669639; 
7, -694.6649122318486; 
7, -702.4427228396526; 
7, -709.6723195605446; 
7, -697.7451607696712; 
7, -699.4124954316067; 
7, -700.1305698872311; 
7, -704.2235596071696; 
7, -715.978777958313; 
7, -710.2584051252343; 
7, -697.6491184979677; 
7, -699.3226573196007; 
7, -695.8359275878174; 
7, -707.3433546208544; 
7, -704.8424034991767; 
7, -687.6320015739184; 
7, -692.3757068759296; 
7, -689.7973695500987; 
7, -698.1124319536611; 
7, -708.7098715503234; 
7, -702.6165208134335; 
7, -698.1681437491206; 
7, -704.4971650576917; 
7, -727.184130127891; 
7, -703.6578913416015; 
7, -697.8735572283622; 
7, -703.8708084956743; 
7, -706.4139662166126; 
7, -691.8251764588058; 
7, -705.242283669184; 
7, -706.7361892599147; 
7, -702.6433115996188; 
7, -712.5594155190047; 
7, -699.8297100856435; 
7, -690.9690716243349; 
7, -689.0892864605412; 
7, -708.1512711107498; 
7, -695.1629478854593; 
7, -733.0013996928465; 
7, -738.943954251823; 
7, -753.7726136111887; 
7, -701.5211158571765; 
7, -682.0582256701309; 
7, -714.6909041862236; 
7, -799.5395735793281; 
7, -757.9949353906559; 
7, -757.3238661801443; 
7, -718.0360819682246; 
7, -730.6228833199712; 
7, -761.5152669723611; 
7, -761.4191347602755; 
7, -746.1340819799807; 
7, -737.9079043563688; 
7, -761.7716445024125; 
7, -729.5806865734048; 
1, -710.7313061786117; 
7, -719.6515961710829; 
1, -706.4611175066093; 
1, -705.7457283581607; 
1, -708.5440710852854; 
1, -699.5256800993811; 
1, -709.2809126598295; 
1, -715.5518240304664; 
1, -678.4470218055649; 
1, -710.052812845679; 
1, -719.0777492455672; 
1, -694.4141166296322; 
1, -697.584649571334; 
1, -703.986313111498; 
1, -701.3872111970559; 
7, -715.96872761345; 
7, -702.5135825828183; 
1, -703.7367986168247; 
7, -721.1345069315284; 
7, -717.1981425612466; 
7, -693.42185907776; 
7, -697.3234198765131; 
7, -688.5353908531833; 
7, -718.7263142614393; 
7, -695.6935175166; 
7, -703.3133024026174; 
7, -706.0721109884325; 
7, -725.7278544059955; 
7, -700.3707911669044; 
7, -707.3248271690682; 
7, -704.9486194638303; 
1, -702.4799898694037; 
1, -697.3195322126849; 
1, -700.7692162747262; 
1, -705.0536883329041; 
1, -686.8053949130699; 
1, -710.6004353864118; 
1, -713.0557315261103; 
1, -711.3623610154027; 
1, -706.0571174569195; 
7, -703.669130711467; 
1, -731.1299355007941; 
1, -728.6053273985162; 
1, -723.3222694232827; 
1, -719.0148855674779; 
1, -722.2426311385352; 
1, -731.1213595764711; 
1, -713.9644621468615; 
1, -718.5487448316999; 
1, -724.7130941279465; 
1, -720.5098003934836; 
1, -710.9849717711331; 
1, -721.549308007583; 
1, -727.907083681901; 
1, -735.1157899387181; 
1, -722.4141544518061; 
1, -732.3892683828017; 
1, -721.715407575597; 
1, -715.8024544192012; 
1, -718.616505881655; 
1, -715.1512670677621; 
1, -730.4371794968611; 
1, -721.3053574309452; 
1, -726.9794763796963; 
1, -732.4262203850085; 
1, -711.504066145164; 
1, -711.7943533136277; 
1, -708.050969300326; 
1, -720.4462692108937; 
1, -731.4296017189045; 
1, -721.8301792598795; 
1, -709.6181831380818; 
1, -726.5581459247041; 
1, -725.5634432698134; 
1, -706.4538226372097; 
1, -706.9538270441117; 
1, -698.9521598508582; 
1, -726.5616001212038; 
1, -727.5991978517268; 
1, -720.8574990147026; 
1, -715.3002325473353; 
1, -723.5296133682132; 
1, -716.1595496638911; 
1, -727.8040720918216; 
1, -703.3197285539936; 
1, -703.0304937765468; 
1, -708.8925524229417; 
1, -692.2468550853664; 
1, -727.2036042102845; 
1, -701.0050984523259; 
1, -721.8173796993215; 
1, -714.7268285583705; 
1, -702.2971905213781; 
1, -705.7023262804141; 
1, -685.3847777720075; 
1, -696.7838058010675; 
1, -691.4213340572314; 
1, -681.3748281403678; 
1, -690.8313101484673; 
1, -698.7515673532616; 
1, -705.8866192069836; 
1, -706.6633597128093; 
1, -684.4641173544805; 
1, -672.7756950528128; 
1, -648.443288014736; 
1, -672.1445537926629; 
1, -687.5447646183893; 
1, -682.2318079769611; 
1, -688.3252806781093; 
1, -707.7902927887626; 
1, -678.8462198463967; 
1, -714.4941605441272; 
1, -688.4667253864463; 
1, -687.973413959262; 
1, -702.5181359066628; 
1, -687.5277337961597; 
1, -704.5246150717139; 
1, -706.6420384219382; 
1, -710.4468082068488; 
1, -688.5984012761619; 
1, -691.308975619264; 
1, -697.561740617035; 
1, -687.3830188902793; 
1, -678.4249981378671; 
1, -675.94679653598; 
1, -719.6266886197263; 
1, -708.5012355715735; 
1, -740.5856674179668; 
1, -726.5268359880429; 
1, -716.6101444069063; 
1, -725.0851277047768; 
1, -676.158586772508; 
1, -675.7317794585833; 
1, -673.6269318456762; 
1, -698.0736279435223; 
1, -686.9426359520294; 
1, -684.8447689055465; 
1, -673.620374697959; 
1, -689.4252876747632; 
1, -679.2062667413848; 
1, -690.6506789835403; 
1, -692.9499407524709; 
1, -714.4382303813472; 
1, -681.3827872014372; 
1, -668.1344625002239; 
1, -687.0455094295321; 
1, -687.6964008950163; 
1, -696.3776523565175; 
1, -688.1345691439928; 
1, -662.2754286540439; 
1, -689.2092967584031; 
1, -675.7637004044373; 
1, -698.4952846223023; 
1, -708.094693548046; 
1, -691.6072148678359; 
1, -666.0999174979515; 
1, -678.4910834046314; 
1, -675.208586694207; 
1, -681.5860086790053; 
1, -704.7173425372457; 
1, -734.0788060654886; 
1, -683.8353933994658; 
1, -685.6226411361713; 
1, -677.4151582195191; 
1, -697.3059577471577; 
1, -673.213768854388; 
1, -689.0887440431397; 
1, -683.8391532821115; 
1, -697.696499899961; 
1, -697.9334793282906; 
1, -696.1975492452038; 
1, -676.1485546684125; 
1, -683.4432544286828; 
1, -694.8284674992319; 
1, -685.1325114149367; 
1, -680.980443731416; 
1, -689.0021203659708; 
1, -686.816780480789; 
1, -683.3144849062664; 
1, -684.7014988074079; 
1, -699.5063122134889; 
1, -693.88484595099; 
1, -676.1549348724075; 
1, -678.8107907550875; 
1, -690.4555424479768; 
1, -674.4598215045407; 
1, -689.4533743977081; 
1, -686.0350348243956; 
1, -683.6432689861394; 
1, -694.4306376685854; 
1, -675.3052028635284; 
1, -674.8970259282505; 
1, -690.8286340017803; 
1, -677.6214445370715; 
1, -684.7145119861234; 
1, -669.7239339390071; 
1, -692.781785636209; 
1, -706.9187920161057; 
1, -673.26246879471; 
2, -671.9667073840974; 
2, -686.0319559775526; 
2, -687.7892289193114; 
2, -690.2736802008003; 
2, -690.3396788612008; 
2, -696.8360160232987; 
2, -689.430197971873; 
2, -688.7554714091821; 
2, -698.3500154793728; 
2, -688.8453546611127; 
2, -702.0171550094383; 
1, -704.3200845877873; 
1, -686.7299553211778; 
1, -679.6612679266836; 
1, -688.058281830512; 
1, -679.6173597351881; 
1, -681.3589076385833; 
1, -685.1781991095049; 
1, -680.4342528309207; 
1, -678.341789398808; 
1, -672.0696932891151; 
1, -687.0226021232083; 
1, -675.7267274950864; 
1, -688.3562364625977; 
1, -707.8218909943243; 
1, -684.3811341437977; 
1, -678.8360762380762; 
1, -683.1846545819426; 
1, -679.5776737444103; 
1, -685.0994067275897; 
1, -695.2821782998508; 
1, -692.6894020455657; 
1, -704.8806453170255; 
1, -690.8084594497923; 
1, -688.6831371942535; 
1, -682.0765050905757; 
1, -677.6429397759493; 
1, -682.1357253817841; 
1, -687.167208644445; 
1, -702.4023841230664; 
1, -675.3412871441105; 
1, -678.598887920496; 
1, -691.6930515333079; 
1, -675.7381320324494; 
1, -678.0382195631973; 
1, -676.5434758374467; 
1, -674.1512654817197; 
1, -696.6870988458395; 
1, -679.8357434787322; 
1, -663.3391221131897; 
1, -674.9039789210074; 
1, -683.0771515358938; 
1, -665.1481644049054; 
1, -685.26981529966; 
1, -691.6348023732426; 
1, -675.8044874090701; 
1, -675.7086498314748; 
1, -680.6516415786464; 
1, -669.3346973793814; 
1, -674.9648466359358; 
1, -666.2965497666737; 
1, -709.0811144317267; 
1, -691.2131204482866; 
2, -699.3307960556122; 
1, -687.7262819848256; 
2, -687.4816484836629; 
2, -686.1563260641415; 
2, -676.93438562972; 
2, -681.1252521425486; 
2, -703.7940709616523; 
2, -681.2318841391243; 
2, -673.3272127221571; 
2, -682.7727386902552; 
2, -681.3962963190861; 
2, -678.75053125876; 
2, -688.626512812567; 
2, -697.2255841658916; 
2, -687.4830850623548; 
2, -678.8812355982373; 
1, -709.8452768480638; 
1, -699.6765600102954; 
1, -683.4603574511129; 
1, -667.0715804132633; 
1, -745.9789670652244; 
1, -687.4802005928941; 
1, -688.9579020594247; 
1, -696.2414957267465; 
1, -739.4820411733817; 
1, -722.9230328073027; 
1, -712.4739378202939; 
1, -710.6294848881662; 
1, -701.1273350807605; 
1, -780.0877421412151; 
1, -895.7617843311746; 
1, -778.1906042827759; 
1, -704.9045322145103; 
1, -713.8939016228542; 
1, -709.6158063807525; 
1, -686.4199270310346; 
1, -680.8161999881268; 
1, -667.9148910458898; 
1, -705.5303884471068; 
1, -693.7174137909897; 
1, -684.8009974331362; 
1, -689.8841556434054; 
1, -686.2431766429218; 
1, -682.8338550546905; 
1, -690.434515643632; 
1, -677.0814409157028; 
1, -677.3534657909768; 
1, -709.5611040557269; 
1, -674.3790114055155; 
1, -704.6104038530029; 
1, -677.5971738288645; 
1, -677.3525609618519; 
1, -680.7890803227201; 
1, -683.5132559236372; 
1, -656.1845446389634; 
1, -666.5515541419154; 
1, -673.9973574648611; 
1, -666.4012763630599; 
1, -676.8326273292769; 
1, -681.7409761339659; 
1, -678.1953425101237; 
1, -686.8673097285209; 
1, -661.443263080786; 
1, -659.3716824379517; 
1, -702.1043680188013; 
1, -672.9636560515501; 
1, -678.740505532478; 
1, -688.7694413744612; 
1, -684.4216783972224; 
1, -714.1299429694191; 
1, -714.1545870290138; 
1, -705.3548103037756; 
1, -683.9350965772755; 
1, -690.3331730520586; 
1, -673.1264380599605; 
1, -683.1935764831724; 
1, -666.3165851118974; 
1, -699.347916516359; 
1, -691.66989013704; 
1, -676.0074549356941; 
1, -678.0611688736826; 
1, -672.692566426238; 
1, -668.5201298273169; 
1, -674.1319786172826; 
1, -673.6155477344291; 
1, -687.5241419216618; 
1, -681.5890846778639; 
1, -676.642529961653; 
1, -676.4912122299429; 
1, -683.3760000339244; 
1, -684.5427591454936; 
1, -673.4582335423911; 
1, -678.0743487868458; 
1, -689.6793403701158; 
1, -677.0111958537018; 
1, -668.9476118924795; 
1, -681.7688619834371; 
1, -673.925682875677; 
1, -680.0642796903849; 
1, -721.2607820633566; 
1, -694.4528083556797; 
1, -672.4282718058676; 
1, -685.2350370078348; 
1, -709.5263930353103; 
1, -699.9323300488759; 
1, -680.4886809567688; 
1, -691.8047258626902; 
1, -679.9948652319144; 
1, -679.27610134508; 
1, -683.2288409055909; 
1, -676.9304822693812; 
1, -678.0621029095491; 
1, -674.1489621385699; 
1, -696.1826013812097; 
1, -707.2262253896333; 
1, -721.7955066394061; 
1, -685.4666920510354; 
1, -694.2160922124749; 
1, -684.4591016930062; 
1, -686.2193613672862; 
1, -700.4343041328248; 
1, -697.5968370217597; 
4, -709.4413454605965; 
4, -680.792936090962; 
1, -701.6522726714611; 
1, -688.3261524083791; 
1, -681.921374042402; 
1, -689.014219845878; 
4, -687.6941188621568; 
4, -740.347056101542; 
4, -712.0747207113309; 
1, -682.1217676145025; 
1, -711.456219122163; 
1, -707.7174642952159; 
1, -692.1175604789751; 
1, -691.240131217055; 
1, -701.7738568274071; 
1, -685.1059965769527; 
1, -686.1074248559307; 
1, -693.475374181522; 
1, -697.4609617602546; 
1, -699.3319508351851; 
1, -714.0636927419109; 
1, -713.453824263066; 
1, -702.281224803417; 
1, -710.1172322268831; 
1, -683.782656295225; 
1, -706.0077523103682; 
1, -680.6093231799314; 
1, -686.9164877258008; 
1, -690.372019899427; 
1, -678.0807368033566; 
1, -685.2236720413202; 
1, -683.898716285592; 
1, -706.0757048556115; 
1, -688.6964652547613; 
1, -682.1051474738633; 
1, -694.5992950083455; 
1, -684.7321613313397; 
1, -668.205682983622; 
1, -677.6487406871747; 
1, -673.8591150091961; 
1, -666.2854796568863; 
1, -675.1904572191415; 
1, -683.7419809683925; 
1, -671.4154728334397; 
1, -680.0603276978945; 
1, -702.4865259705111; 
1, -684.2517786785029; 
1, -665.597206464503; 
1, -670.5989657731261; 
1, -685.4095495142974; 
1, -679.5600132758263; 
1, -674.3249733968405; 
1, -657.9423387319548; 
1, -688.8636317184428; 
1, -689.5509553345619; 
1, -685.6065120111452; 
1, -671.8999925928656; 
1, -693.31969242997; 
1, -693.3509908639826; 
1, -705.5370938192355; 
1, -729.7979011054849; 
1, -688.7040515935514; 
1, -675.3310144502902; 
1, -682.2648257367546; 
1, -691.8083615222713; 
1, -673.9059874644736; 
1, -684.533354667481; 
1, -685.1474281604169; 
1, -681.5667336318875; 
1, -686.3122064893832; 
1, -666.9987800080562; 
1, -664.1352877609897; 
1, -680.5049976452719; 
1, -705.2619268299313; 
1, -699.8435596367344; 
1, -689.9840697369073; 
1, -694.6382861888269; 
1, -689.1652387350332; 
1, -678.2497136385646; 
1, -680.9381526542129; 
1, -674.1148053299403; 
1, -686.0300078938017; 
1, -669.8167185061611; 
1, -675.5508804232813; 
1, -683.7773298037937; 
1, -697.712636397453; 
1, -671.0456687507685; 
1, -678.4600834120065; 
1, -687.3367008289788; 
1, -682.7054882616503; 
1, -656.389230378205; 
1, -679.9744574952638; 
1, -703.5414674343774; 
1, -665.4376410250552; 
1, -669.726962165907; 
1, -696.9786839780863; 
1, -680.2440926663112; 
1, -671.8177687939024; 
1, -670.355200085789; 
1, -669.167033661739; 
1, -685.7129711607704; 
1, -682.7524353367044; 
1, -675.4024477198254; 
1, -672.9332695293706; 
1, -714.160368430661; 
1, -733.283165164059; 
1, -674.7450787099078; 
1, -662.1468000728637; 
1, -674.1961730228504; 
1, -673.0863291476853; 
1, -661.3116289180471; 
1, -668.7267988595413; 
1, -671.7922671039123; 
1, -672.596087664715; 
1, -673.0998801433016; 
1, -676.1357632101281; 
1, -680.846038579708; 
1, -667.8382989035454; 
1, -698.916174992919; 
1, -673.5555339168059; 
1, -677.2441528080963; 
1, -683.9129228361417; 
1, -687.580520032323; 
1, -688.9388480776688; 
1, -680.0508372012991; 
1, -685.552074293606; 
1, -677.5481284172274; 
1, -692.7002336580772; 
1, -696.3293539590668; 
1, -691.5217362885596; 
1, -700.4316614522832; 
1, -695.5426768397447; 
1, -684.9456776126754; 
1, -667.9598100992152; 
1, -683.5192203357583; 
1, -719.5389054241823; 
1, -726.7573118561413; 
1, -695.5589480322087; 
1, -704.6366516856942; 
1, -689.3964261505753; 
1, -709.3955593565479; 
1, -708.5630352692679; 
1, -709.1144814903382; 
1, -745.6474207863212; 
1, -726.6978069623001; 
1, -680.1299786092713; 
1, -752.2736233402975; 
1, -683.4586883848533; 
1, -683.4300942574628; 
1, -694.5266730156727; 
1, -689.51209872053; 
1, -689.1149440738373; 
1, -707.9296030940022; 
1, -670.3061037526932; 
1, -693.2733903280459; 
1, -696.8233699174598; 
1, -697.5430268868804; 
1, -690.0810091882013; 
1, -696.0935847712681; 
1, -712.0706332793925; 
1, -707.2613743031397; 
1, -710.7380517881829; 
1, -707.8012134411838; 
1, -720.5227007979993; 
1, -728.7455545919947; 
1, -714.015411326196; 
1, -712.8550026637968; 
1, -723.242634413531; 
1, -691.1675884060096; 
1, -700.7009809096344; 
4, -702.5057614985853; 
4, -727.9555761651136; 
4, -731.1637748526409; 
4, -728.5557850478217; 
4, -734.4769471997861; 
4, -713.2180015468039; 
1, -730.6696099063847; 
4, -698.741589166224; 
4, -708.7952516810037; 
4, -701.9510745254811; 
4, -734.758636316983; 
4, -711.178456688067; 
4, -721.0957766924985; 
4, -704.8680056086741; 
4, -673.8753994796425; 
4, -690.3676345064305; 
4, -705.3718516491354; 
4, -709.4030434046872; 
4, -696.7709248575848; 
4, -691.1074790018611; 
4, -690.4128069612198; 
4, -697.8162025786005; 
4, -696.6059999046847; 
4, -690.9868842642754; 
4, -708.206566282548; 
4, -684.1905429011676; 
4, -686.7455633783247; 
4, -692.5847458918579; 
4, -707.3482339009643; 
4, -696.0980190928094; 
4, -683.3103641280904; 
4, -706.6378501681611; 
4, -696.9081321493722; 
4, -691.904320693342; 
4, -689.6872300428804; 
4, -717.8204126195051; 
4, -684.5541367786936; 
4, -701.1254413302522; 
4, -700.6376071313862; 
4, -691.1534855209757; 
4, -694.9086728782859; 
4, -678.9721281232778; 
4, -712.6796284113079; 
4, -696.7321256031282; 
4, -719.3700291295536; 
4, -717.5954295517877; 
4, -706.1011926261708; 
4, -709.9599741343409; 
4, -705.994918331271; 
4, -713.1991442625877; 
4, -696.173783562379; 
4, -710.2023237224203; 
4, -679.8283827945124; 
4, -691.8523487404454; 
4, -701.818326410139; 
4, -707.8536208884325; 
4, -694.212854179088; 
4, -697.8854089574888; 
4, -712.5665275298525; 
4, -707.3742027792614; 
4, -696.3267487445846; 
4, -705.9138944966253; 
4, -692.8340043448843; 
4, -706.1942629532423; 
4, -706.2684290991165; 
4, -693.767674408853; 
4, -707.0400430159643; 
4, -688.4613809965085; 
4, -710.1988051603548; 
4, -709.3268085950986; 
4, -704.243347661104; 
4, -682.5670893639326; 
4, -689.3646229060832; 
4, -692.4281400742475; 
4, -699.184487720253; 
4, -689.41071946593; 
4, -697.9030358167365; 
4, -695.8135671715718; 
4, -712.2767115684692; 
4, -707.488395712804; 
4, -699.4182088859379; 
4, -698.7979994819034; 
4, -705.7986953230575; 
4, -701.2261234992184; 
4, -686.7502779869828; 
4, -686.1455307528377; 
4, -697.4906039584894; 
4, -697.102709142724; 
4, -703.7856488083489; 
4, -697.4095688643865; 
4, -696.7032378029544; 
4, -696.6647960455157; 
4, -686.8158930204809; 
4, -702.0886584559921; 
4, -685.3784262512345; 
4, -728.3351529941428; 
4, -699.9799937321804; 
4, -693.8823301242664; 
4, -722.4854278962594; 
4, -693.2364037123043; 
4, -693.7526430757716; 
4, -709.1390596402343; 
4, -682.5730360844173; 
4, -703.3343829789665; 
4, -706.2100020486396; 
4, -716.6651845006272; 
4, -695.2822878004517; 
4, -686.1496035703458; 
4, -705.706448724959; 
4, -710.6565999414306; 
4, -715.9038311250042; 
4, -710.617372386856; 
4, -722.6923021781258; 
4, -695.7063467649277; 
4, -688.6360222352669; 
4, -680.3319680059794; 
4, -731.5237362643238; 
4, -707.3807517262176; 
4, -698.9601684405934; 
4, -688.5632521510124; 
4, -700.2612574470695; 
4, -738.3009437348228; 
4, -708.18901001825; 
4, -720.4715897515416; 
4, -719.9859520441387; 
4, -702.8947485196404; 
4, -693.8636062748265; 
4, -687.0562404226512; 
4, -713.5950170727447; 
4, -675.9846216463484; 
4, -687.5796450644266; 
4, -675.4074713743757; 
4, -706.939984254539; 
4, -688.9469298759941; 
4, -672.2052156629506; 
4, -696.1534714871086; 
4, -692.628537341021; 
4, -705.0437143612653; 
4, -701.1709419959225; 
4, -706.7386178930756; 
4, -715.7696928156074; 
4, -704.9054299455602; 
4, -688.5844891883899; 
4, -678.2106217325199; 
4, -724.2392981348094; 
4, -715.6257287475746; 
4, -700.8360918613616; 
4, -686.4252797297668; 
4, -690.9084283385891; 
4, -681.5755017793272; 
4, -681.1801128187217; 
4, -736.1230166482273; 
4, -703.9504390249494; 
4, -703.1273483405821; 
4, -723.4347163850907; 
4, -724.0132261938415; 
4, -697.3838413406629; 
4, -720.7955758483149; 
4, -693.6331773397978; 
4, -680.9624396055005; 
4, -701.295641170349; 
4, -697.8372973888181; 
4, -706.2455496736802; 
4, -699.6549989066552; 
4, -705.6354921672028; 
4, -712.4705651171971; 
4, -718.5058940388262; 
4, -712.1476568442304; 
4, -685.2188435525168; 
4, -716.2977976750117; 
2, -786.0648237885907; 
2, -750.3897175085731; 
2, -696.401660912903; 
2, -688.3254138119519; 
2, -685.1989341990557; 
2, -698.2392358444631; 
2, -681.5359024694189; 
2, -695.8286091405898; 
2, -698.1828027814627; 
2, -659.8384199317079; 
2, -695.2835493970197; 
2, -698.5783584329765; 
2, -687.7738787985872; 
2, -676.4274118028115; 
2, -698.2408027139027; 
2, -683.1037287879735; 
2, -722.1655580999795; 
2, -699.6770494219381; 
2, -676.2583446179051; 
2, -701.2180165029131; 
2, -689.7217898773961; 
2, -688.3138281363063; 
2, -693.5991471407469; 
2, -675.1357971418183; 
2, -689.3549932534806; 
2, -743.5703191000503; 
2, -697.3557635468896; 
2, -699.7874841562007; 
2, -690.5486061205156; 
2, -687.2050162060186; 
2, -693.0804779438768; 
2, -681.7664278768934; 
2, -676.5941300839186; 
2, -684.343813507352; 
2, -671.555250311736; 
2, -679.9902770244516; 
2, -658.4300243360922; 
2, -687.5135067196097; 
2, -683.1434858152643; 
2, -681.9845416627359; 
2, -673.2301020154264; 
2, -694.5651262963656; 
2, -663.7780070041772; 
2, -695.2169593186118; 
2, -685.666772526456; 
2, -652.1361729085911; 
2, -672.4765653000213; 
2, -691.1340103354305; 
2, -701.2776914173737; 
2, -667.0763350420166; 
2, -656.6839374101255; 
2, -675.6263022818603; 
2, -680.4731561872177; 
2, -668.9570028337184; 
2, -662.9259087590035; 
2, -673.1867513139732; 
2, -671.339185655117; 
2, -663.3236121351365; 
2, -675.4350787533913; 
2, -648.2910931794904; 
2, -690.8215604671277; 
2, -673.6449982724153; 
2, -679.1808179265354; 
2, -698.0699602770619; 
2, -682.6494323879015; 
2, -687.5693352036178; 
2, -671.4386183305178; 
2, -667.322742282413; 
2, -677.0130682054441; 
2, -671.3416864501778; 
2, -675.7048371469136; 
2, -684.4578551168088; 
2, -691.4882530225441; 
2, -680.8750992980786; 
2, -669.4486999984365; 
2, -669.5357945819851; 
2, -674.1125937432516; 
2, -689.9837837084197; 
2, -671.4017872798722; 
2, -684.8964383623097; 
2, -667.2855977802537; 
2, -673.3789664974902; 
2, -662.644716437906; 
2, -693.8601480366196; 
2, -665.2068283897825; 
2, -665.3754842926282; 
2, -672.6556169406977; 
2, -656.9386340191122; 
2, -680.1634133521002; 
2, -694.4883292419836; 
2, -666.9082256532274; 
2, -693.519552791724; 
2, -681.1305917829741; 
2, -659.4143213834614; 
2, -670.603518958902; 
2, -673.5921121353749; 
2, -672.7626355304383; 
2, -673.1000308115035; 
2, -695.3393106628209; 
2, -668.9115333389491; 
2, -692.996425814461; 
2, -710.0743542248383; 
2, -702.3854753740598; 
2, -709.0482761175372; 
2, -680.8673330633901; 
2, -718.4010638014879; 
2, -670.7240429730155; 
2, -668.1223018879537; 
2, -679.6191386398859; 
2, -675.5994848886039; 
2, -670.2376640040893; 
2, -674.0300810928456; 
2, -679.8751805385109; 
2, -673.4487125356682; 
2, -665.8673720592633; 
2, -656.4716990678571; 
2, -686.755735749146; 
2, -683.4683722688351; 
2, -686.5369967885781; 
2, -663.202499025967; 
2, -682.00405495218; 
2, -679.7768943964038; 
2, -685.3647723507602; 
2, -681.2511961054988; 
2, -678.2258257938083; 
2, -684.2050461189356; 
2, -674.0364523562603; 
2, -676.4863480094355; 
2, -679.7023658244871; 
2, -683.7656057451386; 
2, -691.7259968381841; 
2, -682.5966928005219; 
2, -696.1674058490898; 
2, -710.5992085842881; 
2, -701.7753643123433; 
2, -706.7205385635607; 
2, -689.0714579403866; 
2, -684.8658491254319; 
2, -697.6152951885015; 
2, -717.8986985988449; 
2, -689.9873787090182; 
2, -704.5965244711842; 
2, -681.8464469697792; 
2, -700.1909877075814; 
2, -722.2812925830949; 
2, -697.4156238522846; 
2, -694.5019648130983; 
2, -677.4487163785379; 
2, -710.8116263966076; 
2, -757.6079470533878; 
2, -807.7120112795383; 
2, -745.8361198301427; 
2, -707.312446099706; 
2, -747.3541662797797; 
2, -711.1619874713942; 
2, -714.6168023599312; 
2, -736.0008975050878; 
2, -703.1427462699357; 
2, -683.5246767317876; 
2, -717.0059639706742; 
2, -696.7918260449078; 
2, -681.9776389258914; 
2, -693.2787836049683; 
2, -700.7751000046264; 
2, -666.0449985729065; 
2, -716.2975543374196; 
2, -681.4852749649435; 
2, -700.9515745453537; 
2, -701.3326182907913; 
2, -693.8868005017284; 
2, -693.4674658405129; 
2, -690.7630773531273; 
2, -703.8099824143574; 
2, -693.3793350833002; 
2, -705.9024406499229; 
2, -681.2314316695556; 
2, -691.8278525080532; 
2, -692.2878841536585; 
2, -682.0139437008183; 
2, -676.5313745297026; 
2, -701.1624004784971; 
2, -694.4446370750666; 
2, -684.3585963374935; 
2, -673.6483750843909; 
2, -675.9285969019402; 
2, -687.3923969084863; 
2, -685.7498694576789; 
2, -711.455980888335; 
2, -691.2498966774438; 
2, -687.1834781318903; 
2, -676.8021362330765; 
2, -687.0950366277248; 
2, -699.608062534593; 
2, -682.5931170794647; 
2, -678.2646224484779; 
2, -671.214271432953; 
2, -745.0142180577386; 
2, -702.3189877853729; 
2, -711.4856239536311; 
2, -731.018327932572; 
2, -728.329850557493; 
2, -729.3994713192806; 
2, -696.3073945965152; 
2, -715.8379946460482; 
2, -708.7973841819912; 
2, -705.9707586220466; 
2, -710.1854314215016; 
2, -743.2077638092451; 
2, -690.6972778267227; 
2, -670.9285252068657; 
2, -679.1505727325566; 
2, -693.4197530650999; 
2, -686.8554271436296; 
2, -679.4421467746142; 
2, -700.3350837542675; 
2, -675.645936584333; 
2, -693.8453639356885; 
2, -701.7142406282946; 
2, -686.0862834132276; 
2, -679.8834437520709; 
2, -672.0134502565488; 
2, -693.7297346664127; 
2, -686.7490914291702; 
2, -689.3949713562615; 
2, -702.7690106104128; 
2, -696.9323314607609; 
2, -692.7141223370563; 
2, -666.3511082041077; 
2, -685.4974898365326; 
2, -676.4238282986917; 
2, -682.1516381087713; 
2, -754.7494312080089; 
2, -660.6071572699584; 
2, -677.7241591394413; 
2, -683.1105529505294; 
2, -690.0054972788785; 
2, -685.2437008311972; 
2, -689.5761636970565; 
2, -693.3418591555674; 
2, -687.2958932658657; 
2, -672.5991536963265; 
2, -697.8991494011134; 
2, -694.6689857812598; 
2, -701.7092866126914; 
2, -687.5208157242741; 
2, -673.7536401974503; 
2, -664.4858194831759; 
2, -734.7710543326102; 
2, -794.6345230224542; 
2, -710.8580380755011; 
2, -691.4830409237184; 
2, -668.9607889428735; 
2, -728.6181543902494; 
2, -674.0124468945432; 
2, -690.8723150705919; 
2, -710.8491668649949; 
2, -678.8131701292004; 
2, -685.938370718155; 
2, -689.7701040767133; 
2, -707.9566858604085; 
2, -680.673030184349; 
2, -687.5230101232883; 
2, -693.9457524057943; 
2, -700.583638058044; 
2, -672.5655652075075; 
2, -684.5828132322058; 
2, -686.5721013839357; 
2, -678.8043256618548; 
2, -690.8632448860444; 
2, -700.7052137868013; 
2, -677.1967828501947; 
2, -680.7052952393424; 
2, -692.3066264800727; 
2, -683.6176763486583; 
2, -676.8028114817571; 
2, -681.3143888632767; 
2, -675.542887642514; 
2, -683.77791272779; 
2, -685.7341844213661; 
2, -695.5935644647107; 
2, -668.7195769147947; 
2, -685.1989432726987; 
2, -692.5834741238505; 
2, -677.8770547434688; 
2, -665.2498328937218; 
2, -687.4094163447153; 
2, -677.902245412115; 
2, -682.7252841601148; 
2, -675.8632418476045; 
2, -675.921454152558; 
2, -672.4378960290924; 
2, -676.116709538037; 
2, -691.5803484588396; 
2, -673.714780847542; 
2, -696.2369534866884; 
2, -691.3832271615975; 
2, -696.8116850021761; 
2, -699.4532272077631; 
2, -677.7307308430318; 
2, -687.6372899156995; 
2, -686.5638309626374; 
2, -702.6238871216774; 
2, -681.0426470553502; 
2, -675.7636001624633; 
2, -687.0186318098567; 
2, -698.1642579119653; 
2, -697.0036692447029; 
2, -681.7213541707024; 
2, -685.6555218268186; 
2, -684.178255784791; 
2, -681.4355035265908; 
2, -686.4902772856876; 
2, -677.6896739678923; 
2, -679.320238354383; 
2, -681.165686391294; 
2, -693.2242244149093; 
2, -680.519906901056; 
2, -708.1567691126838; 
2, -691.6781439934857; 
2, -681.0808264433872; 
2, -678.2318113155197; 
2, -692.0941631831229; 
2, -682.5337711216416; 
2, -694.1421705735847; 
2, -677.6555745301303; 
2, -680.4703299549874; 
2, -691.5259193130769; 
2, -658.1782643850893; 
2, -678.9560752592515; 
2, -685.1421582326293; 
2, -690.163056520978; 
2, -683.1372845177539; 
2, -682.2909084851854; 
2, -684.4859439646825; 
2, -702.4600671008229; 
2, -690.0643788643647; 
2, -698.9491372087505; 
2, -679.9001757842489; 
2, -694.5524442715105; 
2, -686.7638267034199; 
2, -693.870462709805; 
2, -681.2695156747941; 
2, -680.801612345269; 
2, -679.805183209246; 
2, -693.1414923057891; 
2, -683.7565612660255; 
2, -693.9886207913514; 
2, -672.9105093101971; 
2, -678.2095789348241; 
2, -698.4776193348225; 
2, -669.2758934765588; 
2, -694.373637963552; 
2, -696.9206476509571; 
2, -685.5101531182881; 
2, -689.4773628693074; 
2, -680.9200914567336; 
2, -686.6448642653413; 
2, -693.8764766596723; 
2, -683.4656469428446; 
2, -695.4648469525855; 
2, -691.0414815181866; 
2, -684.3743200842291; 
2, -677.5541326336097; 
2, -679.8693968039006; 
2, -693.4558643954806; 
2, -676.1981844585389; 
2, -676.3487840029411; 
2, -692.2296963178087; 
2, -667.4256023396738; 
2, -688.8994875655044; 
2, -670.7509445571341; 
2, -690.5730282014702; 
