9, -687.0716885508897; 
9, -742.6665554447808; 
4, -739.1212529402189; 
1, -748.2464696498964; 
1, -731.0010610456884; 
2, -734.3560088241943; 
1, -756.9240350450609; 
7, -743.1517722646904; 
7, -710.0455542241752; 
7, -753.0393373235856; 
6, -737.2264687086617; 
8, -725.1362683372245; 
8, -726.0981275832637; 
7, -696.479365762747; 
7, -730.029792599762; 
7, -743.7577648887436; 
7, -728.3142410423407; 
7, -737.7787383094219; 
7, -712.9803096890864; 
7, -706.2567478253004; 
7, -713.7352159414477; 
7, -750.8154364097936; 
7, -727.4021558879485; 
7, -723.5688967781571; 
7, -723.965572991372; 
7, -735.9090924565971; 
7, -735.0339366579101; 
7, -750.9216640312006; 
7, -729.2617985665383; 
7, -712.457208347314; 
7, -751.1190715018201; 
7, -768.9464756900779; 
8, -736.4602855147641; 
8, -769.0442347762328; 
7, -775.348824976707; 
7, -780.4004364504544; 
7, -775.4835591671799; 
8, -798.1476786500461; 
8, -765.6351947762305; 
8, -744.9915531893457; 
8, -733.0195645673593; 
8, -732.1836248682848; 
8, -742.2440936349121; 
4, -744.9078506023761; 
4, -705.0483956518729; 
8, -730.5009517473882; 
4, -731.9978719857972; 
1, -732.5610904294008; 
1, -727.1275630874152; 
1, -734.6657815347062; 
1, -726.8790804675227; 
7, -733.7548624596602; 
7, -725.1487985408749; 
7, -725.4172115941983; 
7, -750.4706551246782; 
7, -731.4494758830187; 
7, -728.4211071069876; 
7, -747.2405374735827; 
7, -733.1852853536911; 
7, -741.2578672504824; 
7, -724.456869256137; 
7, -738.8891498575176; 
7, -724.9523485088357; 
1, -740.797481683243; 
4, -729.1721695664819; 
1, -740.7304493306874; 
1, -743.7982814107163; 
7, -744.4795870619273; 
7, -773.8237103312858; 
7, -752.9701855335588; 
7, -756.5893028587525; 
1, -733.0220310355799; 
1, -734.4241236753369; 
1, -715.2486016744297; 
1, -735.4377046783266; 
1, -721.4509124317192; 
7, -735.6816468923644; 
7, -748.779750781352; 
7, -720.0953769090847; 
2, -740.6575952848652; 
2, -724.209375844759; 
1, -730.505439082619; 
2, -741.0776734134561; 
2, -733.5263065002364; 
2, -750.5247722734784; 
2, -753.5625962556005; 
2, -719.9281337571592; 
2, -734.5303727288483; 
2, -721.4696359693626; 
2, -728.8053175148525; 
2, -733.7396820170397; 
2, -736.7797229109856; 
2, -735.3625166547281; 
2, -722.0548750356975; 
2, -708.9697095838637; 
2, -714.607737060549; 
2, -720.6803846648545; 
2, -710.5987312655343; 
2, -710.5026758484601; 
2, -712.7781858518429; 
2, -713.0143874781352; 
2, -731.6185258506302; 
2, -724.8722456261166; 
2, -703.7195785508957; 
2, -707.3257743540889; 
2, -714.7095302726375; 
1, -740.7033508849854; 
1, -692.6767278248735; 
1, -699.8323445157148; 
1, -730.3511367703613; 
1, -728.2180124755687; 
1, -742.9199043766712; 
1, -758.4235866502277; 
1, -735.415407214954; 
1, -733.4248814806197; 
1, -725.0820759269263; 
1, -763.3297830131196; 
1, -753.7979718538263; 
1, -744.2576467926847; 
1, -708.0294079238665; 
1, -710.6464121478057; 
1, -704.0557392843621; 
1, -713.6301082786958; 
1, -738.8557959791797; 
1, -699.3813225185877; 
1, -704.5706084923877; 
1, -710.0056458361069; 
1, -714.765583058077; 
1, -713.6941508821474; 
1, -732.6397732193291; 
1, -733.6620716061734; 
1, -729.0741915822; 
1, -708.6331710363011; 
1, -735.6488038851676; 
1, -724.5901601667865; 
1, -723.924029310685; 
1, -739.5962853978417; 
1, -746.6335393477493; 
1, -737.2580906722724; 
1, -722.5099170157773; 
1, -726.6731740291871; 
1, -723.2318127981562; 
1, -725.1248910262366; 
2, -745.0895306545426; 
2, -731.4893468147784; 
2, -761.4531193912117; 
2, -745.6706363668491; 
2, -733.6687233199918; 
1, -703.3928324312728; 
1, -725.9562006953784; 
4, -730.264120517124; 
1, -739.2966326180467; 
1, -739.1442587622296; 
7, -746.0522452943405; 
7, -745.2870983734465; 
7, -731.1097568574187; 
7, -750.5027622521447; 
7, -735.346307959815; 
7, -744.6317240650387; 
7, -723.9230354347237; 
7, -707.7890729233768; 
7, -704.157462894218; 
7, -751.800648863602; 
7, -722.162314208952; 
7, -724.0860027405433; 
7, -714.803376346259; 
7, -745.1027967042901; 
7, -731.68474654296; 
7, -745.8847856520151; 
7, -718.9533508678142; 
1, -716.3607693894737; 
1, -758.8247509248758; 
7, -735.2752389915695; 
7, -698.7307259546506; 
7, -720.5351358173502; 
1, -710.4372667833813; 
1, -703.081072786692; 
1, -709.7830693872529; 
1, -724.4826795434055; 
7, -708.0303675336472; 
7, -714.3155990955711; 
7, -709.4137517941999; 
7, -718.262015214772; 
7, -689.7677757517667; 
7, -699.6109202924417; 
7, -736.781582049909; 
1, -714.9865759889944; 
7, -704.4165502415563; 
1, -708.7875221386203; 
1, -708.1008910154633; 
1, -726.2739058547304; 
1, -704.8214221005328; 
1, -756.3484917597088; 
1, -774.3280209514778; 
1, -755.8999275479; 
1, -721.7397611994529; 
1, -713.1284924751089; 
1, -696.822471628635; 
1, -687.9198296376853; 
1, -686.5758815692097; 
1, -701.6819534456299; 
1, -716.4265447165817; 
1, -686.8792014319333; 
1, -691.8861220622493; 
1, -688.9823582505051; 
1, -697.5974611107667; 
1, -702.3598436096217; 
1, -700.8559651718824; 
1, -687.046674196783; 
1, -725.5810601255798; 
1, -739.7794770835899; 
1, -729.2476262020355; 
1, -720.2558448470081; 
1, -746.9657422359742; 
1, -743.1602182794886; 
1, -714.6750353161187; 
1, -689.2169818856055; 
1, -744.9860773330438; 
1, -749.1388588043046; 
1, -737.0937138425943; 
1, -734.5475950560358; 
1, -737.3610374151613; 
1, -739.8436284523341; 
1, -717.4662433888589; 
1, -729.9920468363271; 
1, -730.646946189343; 
1, -726.2208010153263; 
1, -730.787009313528; 
1, -728.2458476850879; 
1, -734.2399455308623; 
1, -725.0522210384952; 
1, -725.4432889675663; 
1, -722.4220602693094; 
1, -755.3418748019612; 
1, -753.1252727817337; 
1, -731.950441266672; 
1, -746.0144455334812; 
1, -711.5206171990139; 
1, -727.575251772796; 
1, -708.7692023322161; 
1, -729.7363339061267; 
1, -729.9264134106925; 
1, -701.6239413954609; 
1, -730.6281414960686; 
1, -729.9883547547215; 
1, -718.788861197303; 
1, -734.8791851472633; 
1, -719.8028325552004; 
1, -710.4957451088121; 
1, -712.4736449300544; 
1, -728.5923561103409; 
1, -736.3661657081684; 
1, -723.564085036167; 
1, -721.2423041727161; 
1, -717.134501033579; 
1, -707.6891321702569; 
1, -710.5209352426173; 
1, -734.2112199209514; 
1, -698.3352522870991; 
1, -704.9588001428347; 
1, -711.9772426009877; 
1, -726.7485768035694; 
1, -724.899799835548; 
1, -735.9328342016088; 
1, -724.1564010862494; 
1, -722.566254829464; 
1, -722.0128526506014; 
1, -708.0426226044656; 
1, -734.7577477610903; 
1, -686.7010329974582; 
1, -713.5872183725587; 
1, -679.4033997350489; 
1, -698.44083501969; 
1, -713.2992629341024; 
1, -706.5126681553666; 
1, -726.969105111435; 
1, -701.9900723691098; 
1, -685.4612231737119; 
1, -700.061566332326; 
1, -708.2101319496869; 
1, -693.8264681157016; 
1, -687.2700236991805; 
1, -727.1240771871526; 
1, -685.1936510151136; 
1, -685.8740067468025; 
1, -715.3345507980557; 
1, -734.7667443762475; 
1, -709.512530723965; 
1, -726.2361519383267; 
1, -691.0656830581138; 
1, -703.8517242271628; 
1, -702.5671356491512; 
1, -696.1109492512769; 
1, -689.2994130399893; 
1, -707.1765501438058; 
1, -698.0017473715707; 
1, -691.6966255329608; 
1, -706.9064510347962; 
1, -733.4482765607536; 
1, -716.1771234179905; 
1, -716.0694754303258; 
1, -739.1906645410927; 
1, -720.8160321151954; 
1, -742.3551717327791; 
1, -753.8853171653755; 
1, -746.4012830732972; 
1, -787.5651078871742; 
1, -787.1224104985013; 
1, -750.8767559053667; 
1, -716.734546228894; 
1, -750.6017053282994; 
1, -769.4613216621801; 
1, -760.9242907729931; 
1, -742.1351284839911; 
1, -738.2383536153357; 
1, -725.1255033921334; 
1, -718.6103490236565; 
1, -726.3662181556283; 
1, -716.1447208279569; 
1, -752.1932797920017; 
1, -683.2717161772598; 
1, -692.4668934020156; 
1, -705.1642369397159; 
1, -708.7515705912956; 
1, -723.4430740717507; 
1, -698.8901928536361; 
1, -716.7646849754092; 
1, -745.9864763394871; 
2, -735.4196673538827; 
2, -722.0577585484716; 
2, -727.7766746659763; 
2, -759.9316311699222; 
2, -773.90547155065; 
1, -781.44989396655; 
1, -755.1414226305205; 
1, -731.4111805032007; 
1, -735.5733328353381; 
2, -715.9176742944401; 
2, -721.7905059216428; 
1, -744.1252219499729; 
2, -715.9713356724824; 
2, -734.9439763292612; 
2, -692.0759735534957; 
1, -701.8203073398909; 
1, -712.4576991054055; 
1, -723.3266114539292; 
1, -703.8594179956708; 
1, -686.0845378724625; 
1, -729.8915141414036; 
1, -675.566807457828; 
1, -675.1808425627241; 
1, -700.0657978085219; 
1, -719.2262589960301; 
1, -699.8965201847022; 
1, -697.26694616038; 
1, -719.4315245437901; 
1, -708.8020419037784; 
1, -710.3224712512456; 
2, -696.9339074306772; 
2, -721.6399466500152; 
2, -691.6723123057163; 
2, -679.2786996336654; 
2, -716.8207203709171; 
2, -684.3783959228313; 
2, -683.6972211481188; 
2, -678.9750281338347; 
2, -733.7988848795067; 
2, -732.7964616552345; 
2, -692.5405854551354; 
2, -730.4664411559934; 
2, -730.8749974556849; 
2, -712.9472487577004; 
2, -722.1836983090034; 
2, -734.4896488480153; 
2, -734.9640877439524; 
2, -731.154278908798; 
2, -720.290033938305; 
2, -716.992670851876; 
2, -742.3991346949479; 
2, -763.4986541867256; 
2, -741.1138294183183; 
2, -706.6246993617387; 
2, -743.532392669702; 
2, -772.4680123011349; 
2, -724.2896692412323; 
2, -749.8399660839932; 
2, -717.1251742551103; 
2, -700.011634991155; 
2, -692.2984131522244; 
2, -722.8591533460421; 
2, -720.8230513046728; 
2, -715.1552909440943; 
2, -713.3535175127327; 
2, -727.3819892530446; 
2, -718.3872925842879; 
2, -729.4944896003581; 
2, -738.8605755051249; 
2, -733.6235718349926; 
2, -727.2839995187824; 
2, -694.7361931353225; 
2, -711.6870452087023; 
2, -673.1248155108769; 
2, -681.5658270699787; 
2, -674.5278990613297; 
2, -678.3718363997177; 
2, -699.9191912885872; 
2, -723.997979963664; 
2, -734.1799290362396; 
2, -737.4505575173534; 
2, -722.9327524221153; 
2, -711.8563504416379; 
2, -694.9504101681523; 
2, -717.2858783120755; 
2, -732.8823850629851; 
2, -689.6981697503943; 
2, -691.2154666731367; 
2, -707.1646936684265; 
2, -707.8959027315723; 
2, -703.2901649713749; 
2, -706.738955351233; 
2, -711.244918662589; 
2, -697.522193895129; 
2, -704.4556584270904; 
2, -718.4057777281851; 
2, -712.9649351274129; 
2, -705.6927029168; 
2, -666.7471096371883; 
2, -680.76015331893; 
2, -705.6481380524347; 
2, -695.1443442330929; 
2, -693.6906002663309; 
2, -718.6964528950048; 
2, -720.1285753449192; 
1, -722.4536974935327; 
1, -656.4669302889379; 
1, -653.7970180108096; 
1, -700.324531178514; 
2, -717.0497366338386; 
2, -713.6988508672221; 
2, -691.0221183633548; 
2, -738.2467843833729; 
2, -731.8967123740586; 
2, -732.87249068456; 
2, -723.1902941776207; 
2, -712.430704550643; 
2, -739.1023913529352; 
2, -729.027532713546; 
2, -739.9142548452364; 
2, -713.0801220919238; 
2, -739.3002214197768; 
2, -752.0741089991061; 
2, -744.993489385175; 
2, -715.3551354492083; 
2, -693.7732612428372; 
2, -697.744560467836; 
2, -736.6722329562763; 
2, -725.8752548138145; 
2, -691.6078199736658; 
2, -733.3538442814606; 
2, -712.4614980421611; 
7, -727.5579495419515; 
2, -722.9411291772267; 
7, -711.8666625249898; 
7, -732.3105855530594; 
7, -714.115178027947; 
7, -723.4516669916338; 
7, -729.6808150481083; 
2, -696.3527693600045; 
1, -689.4768244379084; 
2, -689.851014319458; 
2, -699.309116763412; 
2, -723.1442082111025; 
2, -724.4979010054958; 
2, -715.4714447094011; 
2, -705.7461014084984; 
2, -665.7081663953722; 
2, -684.6527415627497; 
2, -662.9816688560531; 
2, -682.1788417087519; 
2, -711.5841931455652; 
2, -696.5811163139297; 
2, -703.0153248912538; 
7, -716.400092716678; 
7, -713.6642315673525; 
7, -721.832894106512; 
7, -803.3311824054108; 
7, -723.7253342509503; 
7, -722.3849441900384; 
7, -694.9671685628127; 
7, -708.8124700932531; 
7, -729.9323627478443; 
7, -698.719890270906; 
7, -697.5585758980014; 
7, -733.8697167750215; 
7, -710.6185049223132; 
7, -726.8855332210078; 
7, -737.1631743035978; 
7, -726.4497601799085; 
7, -713.2426001014537; 
7, -762.6122033447609; 
7, -726.7233057455742; 
7, -715.1103223684477; 
7, -688.5791290795896; 
7, -726.7860480818781; 
7, -697.5838394491002; 
7, -750.6113906074315; 
7, -720.4816436051042; 
7, -748.5958688824903; 
7, -719.8327346520964; 
7, -726.2629942251951; 
7, -713.0693657295778; 
7, -714.6458889701171; 
7, -704.3704515965655; 
7, -704.5533818742842; 
7, -750.2498880879721; 
7, -735.6238890857785; 
7, -714.1913780730101; 
7, -710.1221174374223; 
7, -714.8479481501272; 
7, -733.0733477463946; 
7, -716.8489121925086; 
7, -716.8476079093525; 
7, -704.0455103800632; 
7, -677.9290493790759; 
7, -683.1308280160301; 
7, -699.4451356469654; 
7, -707.1548286210746; 
7, -694.3782886046101; 
7, -705.2879141835729; 
7, -717.7976069535944; 
7, -714.1529083529604; 
7, -733.4520076670451; 
7, -708.4471778183943; 
7, -715.8304806762608; 
7, -688.5758125695284; 
7, -693.9141951929196; 
7, -700.9381415492389; 
7, -692.9688391897362; 
7, -714.7545401098905; 
7, -711.4588932209299; 
7, -725.5739175940398; 
7, -740.8964229851845; 
7, -736.9733386225416; 
7, -716.9445524303592; 
7, -742.1898204539903; 
7, -715.5038684771862; 
7, -743.2326274825609; 
7, -754.9908501671162; 
7, -748.4768505213433; 
7, -717.9120397153893; 
7, -729.4545283108018; 
7, -723.7806565923966; 
7, -730.4406708140741; 
7, -686.240120292874; 
7, -693.4014167652349; 
7, -699.4190641933237; 
7, -708.3466056292527; 
7, -728.2968060011044; 
7, -723.650051527191; 
7, -727.1293730778852; 
7, -743.6822370107984; 
7, -760.1101901603979; 
7, -726.4697553051519; 
7, -727.6360894655809; 
7, -729.3563886724878; 
7, -745.32863920409; 
7, -724.782170118182; 
7, -718.0702099651098; 
7, -732.2766717005288; 
7, -716.0732307798462; 
7, -716.1118793208734; 
7, -712.9719670602935; 
7, -714.1624039665912; 
7, -752.6468840735615; 
7, -704.7266643884359; 
7, -725.6730103803566; 
7, -723.0088438253151; 
7, -720.9281116619823; 
7, -711.2133410141687; 
7, -767.681043113349; 
7, -715.8592060688534; 
7, -721.3213153723045; 
7, -742.0852303244756; 
7, -737.4057581428206; 
7, -722.780148047721; 
7, -703.6687591699883; 
7, -720.2875752302352; 
7, -749.1013023903361; 
7, -705.8179344209493; 
7, -764.6559893572121; 
7, -736.5067761304672; 
7, -715.4830996674718; 
7, -748.4481680786703; 
7, -744.1673323314753; 
7, -711.6612354430836; 
7, -746.0133781883051; 
7, -756.1030296759563; 
7, -739.6332185246865; 
7, -718.2678668393055; 
7, -741.4865592216956; 
7, -749.0336597220739; 
7, -716.2613445052411; 
7, -714.6483013274847; 
7, -735.4200411330676; 
7, -740.7248661089689; 
7, -708.4345572610619; 
7, -735.7048915246851; 
7, -781.2160796705284; 
7, -735.4466103778104; 
7, -723.8867291370407; 
7, -737.1218226065976; 
7, -727.3629223032622; 
7, -715.8744507134543; 
7, -714.2423287278507; 
7, -713.7186830852879; 
7, -708.1968804119388; 
7, -707.3767100502737; 
7, -729.3019300537417; 
7, -730.3211807001499; 
7, -712.937821187079; 
7, -725.9542102562846; 
7, -692.7540863885079; 
7, -717.8873955367599; 
7, -702.9244597431389; 
7, -715.0543943877565; 
7, -706.6367913350114; 
7, -699.6948357279762; 
7, -737.2778160380549; 
7, -724.6654028624762; 
7, -710.770489183662; 
7, -707.4215024493169; 
7, -711.1994514851249; 
7, -707.8210779350484; 
7, -694.94292859087; 
7, -714.4722619674867; 
7, -735.2600399811054; 
7, -723.9528945748461; 
7, -681.826752062072; 
7, -730.0795755545842; 
7, -775.6571701791836; 
7, -699.0623166009318; 
7, -727.426566826005; 
7, -718.2641722190892; 
7, -717.6888143444085; 
7, -706.5388637013966; 
7, -720.0711016997229; 
7, -722.8793286387227; 
7, -692.1537678963505; 
7, -741.4562053236295; 
7, -718.6388968672836; 
7, -715.3189798013773; 
7, -711.9364396794699; 
7, -730.6938754282892; 
7, -712.8278431919753; 
7, -688.8580694541452; 
7, -714.3686758259428; 
7, -715.6169783968944; 
7, -711.025845807395; 
7, -715.2418436217704; 
7, -706.6334381098859; 
7, -719.7096632035682; 
7, -713.9677608276252; 
7, -707.6480919852038; 
7, -729.1262934958795; 
7, -714.0232125913608; 
7, -717.348668256891; 
7, -703.4743857273716; 
7, -719.677254508948; 
7, -709.0869653025875; 
7, -716.0749441650696; 
7, -706.686107751797; 
7, -691.7478640115587; 
7, -699.8901715553366; 
7, -703.4788032165961; 
7, -719.9847995426971; 
7, -695.9081295543583; 
7, -680.3936907428433; 
7, -701.6151478948304; 
7, -695.9804867809289; 
7, -696.8016956525971; 
7, -689.0238967877231; 
7, -702.4573694639257; 
7, -686.7908374920371; 
7, -692.1773161126766; 
7, -718.712843485293; 
7, -723.5187415923574; 
7, -720.6038920840365; 
7, -726.2005240074941; 
7, -713.8369829122676; 
7, -700.5575103916344; 
7, -702.3101269027684; 
7, -703.9661815756117; 
7, -722.8697138058487; 
7, -720.0344131211168; 
7, -700.0122619385365; 
7, -687.7980085541494; 
7, -709.1558801556239; 
7, -712.8406084214221; 
7, -729.3373339623213; 
7, -703.9644598086015; 
7, -724.3853872063337; 
7, -725.055270010489; 
7, -726.7578458182979; 
7, -684.8766090552672; 
7, -707.380062190874; 
7, -730.808964490192; 
7, -722.778806092916; 
7, -718.4381787845632; 
7, -711.5170730266836; 
7, -712.9066359769786; 
7, -710.8421599740395; 
7, -725.367162275943; 
7, -699.8945640603779; 
7, -711.1572190828156; 
7, -705.4402814393397; 
7, -704.4072929942049; 
7, -703.7812317360658; 
7, -729.0253309227992; 
7, -717.9852829058655; 
7, -700.2211005716817; 
7, -691.5896315647988; 
7, -688.6715866100276; 
7, -707.295641520177; 
7, -705.751651198254; 
7, -688.5414918237366; 
7, -714.7073120621499; 
7, -728.4571808615001; 
7, -729.1472863535164; 
7, -715.8261834681034; 
7, -713.8150924204383; 
7, -717.5439313423121; 
7, -705.6894824838964; 
7, -714.2781563774915; 
7, -704.8366718917387; 
7, -722.0994058937067; 
7, -741.4852426636498; 
7, -699.2850803603651; 
7, -731.2330407719128; 
7, -685.7918426541146; 
7, -679.4293675213121; 
7, -703.4986351191765; 
7, -678.6237827158766; 
7, -697.5291442541638; 
7, -711.0936140129343; 
7, -716.8427765405504; 
7, -724.9444974354701; 
7, -723.0126133640297; 
7, -720.1231939254794; 
7, -716.8066107138293; 
7, -697.6210288258735; 
7, -697.3728671000572; 
7, -689.9012931727339; 
7, -699.7322331164032; 
7, -678.3472747143824; 
9, -707.3002778880764; 
7, -687.5692939499859; 
9, -710.8963211176451; 
9, -744.0550320879556; 
9, -712.9302277275128; 
9, -706.9219909083331; 
9, -712.152598145185; 
9, -729.4005728581687; 
9, -711.7883425051114; 
9, -714.9912948169513; 
9, -724.6923646455398; 
9, -723.4508456252515; 
9, -704.3884780985536; 
9, -753.461177384248; 
9, -703.0373212447157; 
9, -710.3475607582368; 
9, -717.6068786459509; 
9, -708.4513533349382; 
9, -729.7458559751976; 
9, -729.8993596627843; 
9, -721.1238489790121; 
9, -706.537065747194; 
9, -721.3725540583255; 
9, -719.6971928663552; 
9, -755.9500278137857; 
9, -718.6577802879037; 
9, -723.2702714561019; 
9, -714.7932341218693; 
9, -704.5266986991046; 
9, -696.9306159241823; 
9, -723.9342075299937; 
9, -731.6955295314547; 
9, -760.0037982374197; 
9, -744.282071253052; 
9, -720.9285464710556; 
9, -736.9054034266155; 
9, -728.8186110788956; 
9, -708.2054608213948; 
9, -731.9486811549868; 
7, -715.2179927267134; 
7, -723.7816060724435; 
9, -734.1249649507226; 
9, -725.8733460651711; 
7, -726.2226596180117; 
7, -711.308107389952; 
7, -691.5705867826473; 
7, -711.5255795781268; 
9, -732.4323143117363; 
9, -732.2926755326334; 
9, -707.8572719944641; 
9, -817.6722642345121; 
9, -758.4706477575237; 
9, -704.4911984333303; 
7, -705.8334218893433; 
7, -704.9154047706397; 
9, -719.2082580158021; 
7, -710.7760014878586; 
7, -736.4304281948134; 
7, -719.0662681432441; 
9, -697.292815382476; 
9, -716.3270303499885; 
9, -709.7983288246905; 
9, -716.0401888547931; 
9, -718.499105647672; 
9, -718.6987072750926; 
9, -700.8507584782783; 
9, -716.7019536516163; 
9, -705.523788214894; 
9, -692.3934601339279; 
9, -696.8387420311337; 
7, -699.0453455499373; 
7, -718.8393527914304; 
7, -708.6192644038238; 
7, -710.7539042283315; 
9, -701.582502785488; 
7, -703.4898763628444; 
7, -714.7500841666479; 
7, -720.8202042442281; 
7, -726.8426893934375; 
7, -721.8921478466364; 
7, -721.3365676989779; 
7, -696.8777399894316; 
7, -714.8481688766042; 
7, -685.8471286594868; 
7, -721.8509179024259; 
7, -714.832227021805; 
7, -705.3066681026248; 
7, -709.9452822506428; 
7, -703.4119135206565; 
7, -715.9095986470347; 
7, -720.6460676329443; 
7, -683.0085273125442; 
7, -686.6057381327264; 
7, -681.830882031587; 
7, -688.1298886338482; 
7, -730.1916408855468; 
7, -715.4719461670611; 
7, -682.7029698801925; 
7, -690.7405860386789; 
7, -709.8388968324289; 
7, -705.141448534443; 
7, -702.2856543618254; 
7, -682.9265797010157; 
7, -703.8619724868331; 
7, -700.1939711933956; 
7, -727.9451768388972; 
7, -693.075937257614; 
7, -706.0474832106847; 
7, -689.1659914867487; 
7, -706.9600708343787; 
7, -710.1158086472424; 
7, -678.8518659612164; 
7, -685.1688870177604; 
7, -693.3566302934196; 
7, -702.6690489785979; 
7, -717.7342338210437; 
7, -701.0407151867403; 
7, -672.6852429849096; 
7, -689.1042345847236; 
7, -705.6639225711115; 
7, -677.6531619924353; 
7, -706.6306364848278; 
7, -709.5846814591205; 
9, -688.2488952870481; 
9, -669.3499571015127; 
9, -694.1107025151141; 
9, -693.5114787699422; 
9, -694.0247803966049; 
9, -682.6963330991566; 
9, -707.5837294319645; 
9, -681.8727707692888; 
9, -690.0141395534156; 
9, -685.604180301656; 
9, -707.2666014544666; 
9, -722.9193413275061; 
9, -725.1938436592463; 
9, -728.0476604289142; 
9, -699.6820998857729; 
9, -697.777856010478; 
9, -721.3598030443536; 
9, -692.5196956053842; 
9, -713.9796998880338; 
9, -702.5915034062928; 
9, -726.1758001509588; 
9, -713.2107968741329; 
9, -720.8847601603484; 
9, -712.5776963131502; 
9, -734.1204323726706; 
9, -704.8011618487071; 
9, -742.0957688979106; 
9, -722.6394079570891; 
9, -721.4989605247974; 
9, -685.3810632261448; 
9, -723.4327314785914; 
7, -688.6792867676122; 
7, -732.8421444562264; 
9, -703.7058725806419; 
7, -727.1724385827547; 
9, -708.985734086018; 
7, -727.4729716622969; 
7, -689.2501816614531; 
7, -693.5479846283561; 
7, -707.4507574154995; 
7, -723.877599013038; 
7, -714.8645768413553; 
7, -711.1035248566186; 
7, -696.2643650386017; 
7, -691.3788065735716; 
7, -688.5034977198811; 
7, -692.9700362621807; 
7, -668.669447486056; 
7, -693.8938599530375; 
7, -687.4660144163063; 
7, -707.6468137284974; 
7, -691.9685809346847; 
7, -681.1031791266287; 
7, -686.1925888999831; 
7, -669.8277913667262; 
7, -702.3478327273624; 
7, -718.5502966329223; 
7, -717.2656999946339; 
7, -715.8747492691036; 
7, -712.7714368980378; 
7, -702.3216380352387; 
7, -730.4598016105592; 
7, -701.791288588196; 
7, -719.6505503325025; 
7, -713.2888536001556; 
7, -695.1627074609278; 
7, -699.5853050264996; 
7, -705.4642115469323; 
7, -709.9408146552742; 
7, -709.5247267783852; 
7, -715.6614377042279; 
7, -701.1168100441573; 
7, -696.9941079305718; 
7, -692.3606929460075; 
7, -705.7994868545793; 
7, -707.4125295653939; 
7, -697.8381408799905; 
7, -693.8012206585845; 
7, -723.5022004923085; 
7, -708.6207374789519; 
7, -705.0004049043637; 
7, -705.3933057348477; 
7, -690.9219429228688; 
7, -734.1743526577484; 
7, -702.0401751163881; 
7, -715.840396561427; 
7, -715.1364588905126; 
7, -741.2728184172884; 
7, -750.033634305466; 
7, -733.9941379596712; 
7, -742.5689055140829; 
7, -706.5610776676331; 
7, -675.0622221142985; 
7, -671.8889673158992; 
7, -673.1185935881222; 
7, -676.7903484808048; 
7, -695.9394052796997; 
7, -695.9979052552953; 
7, -681.2270783446729; 
7, -706.0982386667747; 
7, -711.4937029887224; 
7, -705.593160724151; 
7, -691.236494749668; 
7, -686.4421257996; 
7, -682.4063092870638; 
7, -686.501047037309; 
7, -664.982636977802; 
7, -686.9237349177711; 
7, -679.7203951198608; 
7, -682.1736867888831; 
7, -679.9053912617965; 
7, -681.636350117391; 
7, -683.129790464649; 
7, -676.6472553232452; 
7, -696.3177337504458; 
7, -675.6593040648149; 
7, -707.4025912818033; 
7, -675.5128482333384; 
7, -684.2200899703894; 
7, -690.3982668964891; 
7, -756.6135263280012; 
7, -740.4718540433096; 
7, -743.5249486726243; 
7, -737.842182146851; 
7, -746.8358185675461; 
7, -751.2420181024354; 
7, -726.836087541189; 
7, -677.6786727647996; 
7, -700.3536843075417; 
7, -695.9048255438684; 
7, -704.7939537431812; 
7, -720.3099034192273; 
7, -708.254784403136; 
7, -681.7107571427478; 
7, -714.0893143294379; 
7, -732.728161580395; 
7, -724.4134003528161; 
7, -688.666675791028; 
7, -678.248771039769; 
7, -678.7530428157188; 
7, -681.4781754644355; 
7, -709.7841620477848; 
7, -682.452728163451; 
7, -677.13873113296; 
7, -717.044242076925; 
7, -704.8411555947969; 
7, -683.7269575146493; 
7, -691.7024071363267; 
7, -688.098772876896; 
7, -695.4172730995342; 
7, -685.5955225407379; 
7, -675.3863682564115; 
7, -674.6311105454806; 
7, -690.3928882661276; 
7, -675.413173190318; 
7, -690.3053970827023; 
7, -680.6614505969919; 
7, -680.8827108400874; 
7, -679.5735339402454; 
7, -714.3408062701346; 
7, -754.601633216138; 
7, -744.4340163304005; 
7, -728.1028494101483; 
7, -744.7142614517361; 
7, -734.4625134646194; 
7, -742.1884495218983; 
7, -693.0485651681665; 
7, -731.6617974304827; 
7, -709.9540107593639; 
7, -709.866184826009; 
7, -685.1417921112152; 
7, -684.4436169826658; 
7, -687.763278340688; 
7, -707.8327590406407; 
7, -714.4870962500572; 
7, -703.5840145794209; 
7, -705.7515576087171; 
7, -705.6600073537556; 
7, -692.1804528993089; 
7, -712.0493173393188; 
7, -702.2018242737977; 
7, -682.2005731749814; 
7, -691.1152037447318; 
7, -677.0327417374356; 
7, -669.4732416368788; 
7, -686.9430974810384; 
7, -678.6811336587416; 
7, -691.3866649105912; 
7, -710.9763738651527; 
7, -681.4136078514857; 
7, -672.7402989860857; 
7, -674.079606720712; 
7, -694.5493185594678; 
7, -719.5349832808133; 
7, -703.8665375399869; 
7, -699.6307787159458; 
7, -687.8232293915935; 
7, -708.3724119086983; 
7, -690.9322683198843; 
7, -677.0598289313493; 
7, -686.5263962181052; 
7, -683.5301601240644; 
7, -710.6867864318192; 
7, -679.1855129954638; 
9, -660.735350943869; 
9, -682.0425543165766; 
9, -702.023178516305; 
9, -709.9572573786136; 
9, -694.4168241592124; 
9, -696.0458803585498; 
9, -668.0490854731761; 
9, -666.9435390339931; 
9, -691.5332354204729; 
9, -688.656360189314; 
9, -695.5199898215942; 
9, -689.879831150407; 
9, -680.1564363880316; 
9, -689.0738071949454; 
9, -684.6000327287475; 
9, -711.9085644660518; 
9, -671.0948120973771; 
9, -675.9544788755011; 
9, -673.724859065609; 
9, -676.090012080851; 
9, -735.4281090921722; 
9, -708.6840994413942; 
9, -681.1598578381818; 
9, -707.3624669833807; 
9, -672.9236416321946; 
9, -685.2497690661112; 
9, -705.3094659487251; 
9, -677.2919716947945; 
9, -699.4849037849344; 
9, -688.7482276511146; 
9, -674.0882880268618; 
9, -690.0826129503548; 
9, -713.049205888994; 
9, -701.8175153724151; 
9, -748.9932904734742; 
9, -748.907458064612; 
7, -752.1574477347312; 
9, -752.4964737074915; 
9, -742.3988209443633; 
9, -723.9826550044818; 
9, -719.7114457085263; 
9, -725.6103937492007; 
9, -702.5634795704391; 
9, -696.645064931945; 
7, -739.7132761151297; 
9, -712.9517220393755; 
9, -708.4023636149941; 
7, -706.2422387854895; 
7, -722.1064389511012; 
7, -714.0088077592663; 
7, -732.0000292315381; 
7, -730.9383152243681; 
7, -694.1514406544156; 
7, -702.4021188893821; 
7, -713.2430404615588; 
7, -737.4855850121239; 
9, -705.1768344739685; 
9, -720.2765878175851; 
9, -700.7158178790705; 
9, -704.9095349875279; 
9, -686.8087562185246; 
9, -695.3111923204269; 
9, -730.4719384149648; 
9, -747.4186268385965; 
9, -704.7054467641283; 
9, -680.8580051697791; 
9, -712.6274594678544; 
9, -722.8889701156877; 
9, -697.99302774237; 
9, -694.0554428233299; 
9, -703.2370092347264; 
7, -710.6674158935202; 
9, -724.4950920436531; 
9, -700.7320883132052; 
9, -709.3929751819232; 
7, -688.0546099161729; 
7, -694.5751938645262; 
9, -676.6191974699032; 
9, -676.6534621616593; 
9, -678.4273461448029; 
9, -673.6604253016412; 
9, -692.3788168194005; 
9, -689.1728728436865; 
9, -669.7414083128097; 
9, -706.4868172073038; 
9, -699.1415591604309; 
9, -708.8125728353625; 
9, -724.0314144680742; 
9, -705.7839356649201; 
9, -725.9329006090993; 
9, -713.6922638299875; 
9, -724.8651650142856; 
9, -708.8376020889264; 
9, -720.9456906982232; 
9, -715.1304100404959; 
9, -732.3142423575046; 
9, -697.8386104573729; 
9, -703.2692603247706; 
9, -710.8099950412288; 
9, -699.8117342022015; 
9, -726.0239746988518; 
9, -733.5738159175962; 
9, -699.2814474240877; 
9, -706.2656542581972; 
9, -707.3073976209853; 
9, -716.1268648281693; 
9, -714.8889014308807; 
9, -684.5539827314205; 
9, -693.4750292169629; 
9, -678.1662703746697; 
7, -685.7913111604284; 
9, -685.1233254361432; 
9, -698.1411040392704; 
9, -680.0997249098727; 
9, -701.450950411032; 
9, -703.9921199532691; 
9, -725.3763706677128; 
9, -737.7146994461073; 
9, -687.3130240457831; 
9, -706.9007074864348; 
7, -691.7181139715249; 
7, -698.7341355978278; 
9, -725.9110455171904; 
9, -704.6090387644945; 
9, -690.5309454813832; 
7, -687.1095981682884; 
7, -720.3496487597004; 
7, -702.6910009973217; 
7, -710.994442786905; 
7, -699.6873464147793; 
9, -693.3467300846241; 
9, -695.2249201862141; 
9, -703.0924223507755; 
9, -691.9588254414266; 
9, -724.972687616013; 
9, -721.2232074700296; 
9, -718.5445359166479; 
9, -694.0789173482917; 
9, -676.4177608086029; 
9, -672.2357744119363; 
9, -688.636895911186; 
9, -690.7894202446332; 
9, -703.7780412998982; 
9, -707.4024194875965; 
9, -682.2767725960584; 
9, -698.4642081746133; 
9, -715.7422623353777; 
9, -719.416070070467; 
9, -704.6420925887069; 
9, -710.8823768299771; 
9, -735.7285569155356; 
9, -712.6805750577478; 
9, -721.5980343293631; 
9, -716.1150119494414; 
9, -731.2071973417187; 
9, -694.6165098600322; 
9, -686.1383724708576; 
9, -686.3189526363276; 
9, -687.3338863217505; 
9, -692.6407534112222; 
9, -715.3720651062904; 
9, -727.245448407717; 
9, -718.075598007068; 
9, -683.1609434332931; 
9, -706.7595962332562; 
9, -698.0373697564937; 
9, -714.6595412686002; 
9, -686.1568720445503; 
9, -688.0531462468207; 
9, -707.9619436800713; 
9, -689.4557532067411; 
9, -679.9038942611078; 
9, -667.3226493718103; 
9, -694.2632321822457; 
9, -697.5527032355312; 
9, -682.4344078132417; 
9, -692.0914917767514; 
9, -720.4260897337226; 
9, -727.7007614301983; 
9, -708.5336372696329; 
9, -737.8269243058749; 
9, -744.8442185263848; 
9, -710.7129818700487; 
9, -719.3322881988715; 
9, -712.4686994494405; 
9, -727.9328598945867; 
2, -725.0695215264568; 
2, -714.494709682418; 
2, -734.859490603907; 
2, -734.1751811500872; 
2, -728.1261867380235; 
2, -705.0258413301781; 
2, -728.0648321473273; 
2, -706.0081172995269; 
2, -713.56626410631; 
2, -716.422729272279; 
2, -734.9435167553602; 
2, -707.7522577714408; 
2, -702.3192729604198; 
2, -717.3650496531045; 
2, -711.3115849097958; 
2, -702.9378341725096; 
2, -697.9501210931921; 
2, -701.5126132837031; 
2, -712.512362647336; 
2, -707.2322370356414; 
2, -722.3326635537669; 
2, -713.1022300412878; 
2, -714.4864902433474; 
2, -726.0262315968284; 
2, -730.052498712088; 
2, -701.9688335404499; 
2, -683.6718378347578; 
2, -692.100192730315; 
2, -688.332215013681; 
2, -709.7769015139202; 
2, -692.2916760472581; 
2, -730.6231508903438; 
2, -716.1657181816408; 
2, -709.4782782131806; 
2, -721.1458090345841; 
2, -735.16529765632; 
2, -727.33241043007; 
2, -688.1779832681641; 
2, -710.9881040664623; 
2, -723.3562991088256; 
2, -705.4213387856726; 
2, -709.877387089422; 
9, -708.6449382510036; 
9, -707.8418001743266; 
2, -724.2178299970692; 
2, -729.2399045092752; 
2, -724.7423673794838; 
2, -733.3285960747162; 
2, -759.6554350074148; 
2, -719.8705833165441; 
2, -727.0294441947481; 
2, -718.219275503885; 
2, -724.5660866283579; 
2, -726.6893868593033; 
2, -735.5578075306257; 
2, -761.1177771989023; 
2, -745.5525872564176; 
2, -700.0910121996421; 
2, -710.8031877154717; 
2, -730.0280133708147; 
2, -714.0832429665606; 
2, -726.5299661621684; 
2, -733.8993680879939; 
2, -690.4962691790424; 
2, -704.1235601275694; 
2, -722.1123508618912; 
2, -750.2960719710682; 
2, -750.0315166416112; 
2, -756.0800413378747; 
2, -733.7633334366838; 
2, -698.8470263184281; 
2, -698.1395302119199; 
2, -678.8186960872263; 
9, -695.2374107708456; 
9, -696.105806294363; 
9, -699.9066105082165; 
9, -689.471639369498; 
9, -710.9710942027159; 
9, -734.7282879010309; 
9, -712.8820007519098; 
9, -681.2547749369405; 
9, -693.4925364477094; 
9, -704.1107725063339; 
9, -695.6529272198677; 
9, -703.591985086794; 
9, -689.2569454859477; 
9, -672.6664221467217; 
9, -670.4047834585654; 
9, -664.1630131304264; 
9, -688.2239554160042; 
9, -687.2927711708471; 
9, -671.11582251871; 
9, -690.6564083858393; 
9, -675.0971771504264; 
9, -715.0163197590737; 
9, -689.5402122623054; 
9, -711.9207132562296; 
9, -702.4800847405568; 
9, -707.7796444084961; 
9, -730.1095671083312; 
9, -692.0204272510018; 
9, -702.2675575608155; 
9, -687.4382060057251; 
9, -672.7460980636533; 
9, -694.3805493346881; 
9, -687.0309906296898; 
9, -684.2365130764665; 
9, -687.6452071941458; 
9, -687.6078977405559; 
9, -685.3132653667126; 
9, -694.023292403901; 
9, -709.2595235558692; 
9, -688.6739733177237; 
9, -680.2204778792802; 
9, -707.6872837219853; 
9, -703.0746568390168; 
9, -673.3168898184085; 
9, -677.8002339234808; 
9, -702.9087639582576; 
9, -697.5834555039182; 
9, -688.0596777228639; 
9, -696.7240839676233; 
9, -682.4935313310707; 
9, -698.1905480533605; 
9, -679.6268832341302; 
9, -661.3001810710412; 
9, -672.8256010961486; 
9, -687.4729991365457; 
9, -702.0006880200235; 
9, -681.544170103618; 
9, -694.0285410662182; 
9, -680.9233580727596; 
9, -680.8071875467431; 
9, -689.7164528110297; 
9, -664.5066590516362; 
9, -690.0972092818702; 
9, -688.8049935122253; 
9, -687.6098651236389; 
9, -690.4899651061278; 
9, -673.8713675957406; 
9, -699.8712759710616; 
9, -724.307093221345; 
9, -681.4504314734368; 
9, -687.9627106947592; 
9, -681.9162121632835; 
9, -684.9794852869818; 
9, -681.5545580410399; 
9, -680.8552569824969; 
9, -748.51626063406; 
9, -738.4109087646939; 
9, -725.4881945038214; 
9, -714.4024582533166; 
9, -667.5389251881279; 
9, -695.6516775561031; 
9, -668.5374810388312; 
9, -664.1176858947147; 
9, -689.687421286013; 
9, -685.9281405797228; 
9, -699.4628493869677; 
9, -675.6855875500478; 
2, -671.681938063819; 
9, -687.694106063107; 
9, -688.595627293922; 
2, -681.5342804437969; 
2, -701.3193789101206; 
2, -687.2594535050448; 
2, -705.9194202106446; 
2, -665.9353393274359; 
2, -669.5769372566137; 
2, -695.845149531262; 
2, -678.0742531244177; 
2, -672.7255043897312; 
2, -645.6487109616864; 
2, -679.8684019823559; 
2, -686.8885123371147; 
2, -687.9146564416587; 
2, -676.5879553456325; 
2, -716.2747907461599; 
2, -709.4357881527394; 
2, -723.1624744366854; 
2, -733.3407895292621; 
2, -714.3961854791269; 
2, -739.0259100436233; 
2, -677.8173428734299; 
2, -687.6266718413681; 
2, -677.2198865392711; 
2, -670.8966891390737; 
2, -673.8127304818481; 
2, -690.5020772111602; 
2, -665.7484847309534; 
2, -679.1440183424857; 
2, -690.4869284199085; 
2, -706.9515265531372; 
2, -713.33543499792; 
2, -733.6985119576566; 
2, -711.916024557082; 
2, -724.181852534879; 
2, -698.3808922234457; 
2, -720.2014830484986; 
2, -732.359551706817; 
2, -702.5867379321717; 
2, -722.5347705408931; 
2, -702.1451676071156; 
2, -682.953581005102; 
2, -675.6570308012888; 
2, -689.1903405890334; 
2, -682.8623351645656; 
2, -683.8812276851386; 
2, -693.2039908275474; 
2, -774.5319820258301; 
2, -705.3941714975517; 
2, -718.6924680615775; 
2, -718.4598686457612; 
2, -710.2596702107694; 
2, -686.426187612582; 
2, -681.3448900538497; 
2, -673.5924483269919; 
2, -693.0250753387809; 
2, -697.9772312759887; 
2, -709.8550428426825; 
2, -693.0897871379275; 
2, -695.396042366745; 
2, -684.533102795016; 
2, -690.7490575986449; 
2, -680.6183198262006; 
2, -681.8665741079021; 
2, -686.131636684062; 
2, -711.6697603643406; 
2, -708.1681156235281; 
2, -689.4559603498783; 
2, -705.8724489291199; 
2, -695.1463712009136; 
2, -712.3831165777519; 
2, -661.766043046955; 
2, -687.9996800522786; 
2, -683.0259679774754; 
2, -701.1588592506014; 
2, -672.8810193557292; 
2, -699.0109234452248; 
2, -681.9885707662906; 
2, -699.3752001877874; 
2, -677.3757962412201; 
2, -686.3455904868897; 
2, -683.1227438100614; 
2, -718.9867159933783; 
2, -713.7198430157732; 
2, -725.784406256862; 
2, -693.9254535983782; 
2, -708.4196819053032; 
2, -726.8646453588735; 
2, -695.7152437649202; 
2, -703.822523110779; 
2, -699.0502357801888; 
2, -686.8031257844996; 
2, -695.5981176220812; 
2, -694.4835925211664; 
2, -665.7497670829762; 
2, -702.0229923960287; 
2, -712.6077332580462; 
2, -690.0153910717927; 
2, -685.8013249761425; 
2, -711.9003697687294; 
2, -702.5065821667667; 
2, -664.2174587124027; 
2, -671.6955964756198; 
2, -675.2404566328041; 
2, -685.0549539502244; 
2, -686.8437973828986; 
2, -688.8799361796118; 
2, -691.55549710989; 
2, -683.7337331231683; 
2, -701.0860739052296; 
2, -681.1719455129933; 
2, -703.051422047196; 
2, -689.6685809832998; 
2, -687.4786647958681; 
2, -701.0873901240993; 
2, -700.5895878586452; 
2, -669.9404865114484; 
2, -689.6060079820454; 
2, -711.0191120065283; 
2, -693.153981906129; 
2, -675.5056391893886; 
2, -688.1837120065466; 
2, -697.0486845572013; 
2, -709.4786296586972; 
7, -706.1688718996011; 
7, -711.7115516711492; 
7, -732.7848664023913; 
7, -705.0388940609992; 
7, -724.21762812417; 
7, -719.8046642595436; 
7, -694.5870016717818; 
7, -682.6409373260103; 
7, -704.7966699900571; 
7, -696.6903404307086; 
7, -680.829915690003; 
7, -691.8624882292934; 
7, -689.0213448954746; 
7, -682.612068044953; 
7, -677.9450923018157; 
7, -718.9101917997468; 
7, -710.7288033873774; 
7, -687.1567880522925; 
7, -710.8295044004917; 
7, -672.1759352898225; 
7, -684.2082671045791; 
7, -676.4052294129506; 
7, -681.2175542819314; 
7, -679.2297880761325; 
7, -679.531358883949; 
7, -679.2801190756727; 
7, -664.9034430140164; 
7, -673.4642895720899; 
7, -693.422564316541; 
7, -670.281348625198; 
7, -711.8362311697565; 
7, -726.3177070480306; 
7, -722.4923230872955; 
7, -703.66701896023; 
7, -722.9157000312116; 
7, -698.7428728502709; 
7, -716.7795297261328; 
7, -704.4552536704578; 
7, -672.0995922724251; 
7, -683.60292208381; 
7, -685.6762277048547; 
7, -675.8669833880849; 
7, -679.4598804968409; 
7, -694.1581584548112; 
7, -693.5372549863532; 
7, -686.6345080491155; 
7, -666.8562932931818; 
7, -678.6520332673099; 
7, -693.9168981646653; 
7, -689.611448734533; 
7, -669.4694230137393; 
7, -687.6891016764566; 
7, -714.4637158517726; 
7, -710.94969525747; 
7, -697.5279163564555; 
7, -712.9684931461234; 
7, -731.8789535399992; 
7, -702.56699118088; 
7, -664.7341789891943; 
7, -661.9912377835717; 
7, -679.6964517275337; 
7, -691.3428685932886; 
7, -681.1579406508245; 
7, -674.2451135530137; 
7, -687.9884912762791; 
7, -655.9012169402558; 
7, -652.1766801045742; 
7, -675.7563959450927; 
7, -662.8779361606576; 
7, -668.1231401537079; 
7, -658.7026755951811; 
7, -673.5300380112603; 
7, -675.869541991502; 
7, -661.160805753665; 
7, -669.2382248500362; 
7, -670.7624653198291; 
7, -669.9115744063165; 
7, -677.3067173238378; 
7, -663.6704010057729; 
7, -669.3282130686566; 
7, -678.9067825132515; 
7, -670.7931333007291; 
7, -693.6468074466102; 
7, -665.7976807632949; 
7, -656.8236669457983; 
7, -690.6594240688719; 
7, -675.1296781483106; 
7, -674.9505276950076; 
7, -657.5179800204933; 
7, -666.9715549359098; 
7, -678.4085494473111; 
7, -713.349772318732; 
7, -713.2318066363223; 
7, -665.7764423731714; 
7, -660.1853651374113; 
7, -662.3722633840516; 
7, -649.3723445662763; 
7, -652.2484240701888; 
7, -658.347423359286; 
7, -701.632524576271; 
7, -652.3737684357911; 
7, -652.7398962406442; 
7, -652.6997822609264; 
7, -655.5786237348802; 
7, -656.2020376683213; 
7, -669.5813647285104; 
7, -684.4817415636498; 
7, -701.33881930192; 
7, -702.7365728074219; 
7, -672.1150650749914; 
7, -690.5865194217768; 
7, -658.4447187541518; 
7, -667.1273400606588; 
7, -661.5255898819305; 
7, -665.4380946201272; 
7, -674.4497992899269; 
7, -672.6084153950214; 
7, -665.0907594829332; 
7, -653.8515394499991; 
7, -661.5422108217608; 
7, -648.1413057520986; 
7, -641.6500323533546; 
7, -681.3052010629326; 
7, -647.9147718367167; 
7, -661.2245236800518; 
7, -676.7688894825988; 
7, -684.3811057989951; 
7, -664.22170797945; 
7, -668.3400193250272; 
7, -660.1893229007255; 
7, -658.1850250328425; 
7, -709.6232568682171; 
7, -650.0196030191146; 
7, -670.5416709186975; 
7, -675.0196659218054; 
7, -678.1793303422164; 
7, -675.2371261587832; 
7, -674.9742710739374; 
7, -635.7935661156662; 
7, -673.8331411364488; 
7, -650.5275596347637; 
7, -637.7864534035325; 
7, -664.372778165387; 
7, -685.3036631438881; 
7, -700.4386559757404; 
7, -677.2849203427322; 
7, -653.3610691633075; 
7, -695.9044497974683; 
7, -672.0086601462681; 
7, -656.4761300564278; 
7, -659.9556170052383; 
7, -649.1813107924536; 
7, -665.392771967221; 
7, -661.5320780179463; 
7, -673.3331753641833; 
7, -677.4169740863144; 
7, -658.7188712244388; 
7, -657.3010826734826; 
7, -656.2459641718306; 
7, -704.1200548398774; 
7, -705.8289453026373; 
7, -686.5809085601941; 
7, -707.0794151735026; 
7, -697.730323707452; 
7, -688.1227971240878; 
7, -690.555414411705; 
7, -687.6694890807848; 
7, -694.4382738331333; 
7, -683.595340779284; 
7, -688.7421681655105; 
7, -688.2347641636152; 
7, -691.0596897779033; 
7, -686.8062412366271; 
7, -662.3401362723671; 
7, -701.9883860761765; 
7, -696.9495380697772; 
7, -680.3337450507097; 
7, -677.7590497850906; 
7, -676.5563315039035; 
7, -689.5573051825631; 
7, -693.2853199650999; 
7, -673.0651227389462; 
7, -680.4033125736751; 
7, -665.7837646962143; 
7, -680.5261916536838; 
7, -689.8421872509643; 
7, -688.0388815361075; 
7, -726.4568895986304; 
7, -706.028183493996; 
7, -702.7920942036435; 
7, -697.7181152321864; 
7, -714.3159989749547; 
7, -712.0444185514934; 
7, -706.6885708782356; 
7, -697.8224854622968; 
7, -697.0280779348686; 
7, -711.6259606182575; 
7, -693.9975867285393; 
7, -703.825693881372; 
7, -695.750041160034; 
7, -708.8419217718765; 
7, -691.5166439753957; 
7, -702.8662475901656; 
7, -718.2523167906329; 
7, -685.2355990244541; 
7, -693.6299399498384; 
7, -674.9838545601815; 
7, -714.6021511435974; 
7, -738.8887779649813; 
7, -720.6574796922505; 
7, -706.3662131687161; 
7, -717.8247327315621; 
7, -702.0415495627094; 
7, -698.9049670991953; 
7, -701.1816274339799; 
7, -707.4906999140512; 
7, -718.2477564923465; 
7, -701.3992870352231; 
7, -744.6134830217343; 
7, -699.9095668685623; 
7, -702.6310795603786; 
7, -692.3608454409987; 
7, -727.3263858018909; 
7, -677.4392950376496; 
7, -787.594531546114; 
7, -688.5420862934552; 
7, -684.4961727743503; 
7, -701.5203266777098; 
7, -691.8050800941419; 
7, -702.4027899021748; 
7, -682.3130544698797; 
7, -692.7167338836007; 
7, -679.3583409935236; 
7, -721.8515075994655; 
7, -706.771598696243; 
7, -700.5041985046118; 
7, -686.8808036688715; 
7, -719.1313905960415; 
7, -700.9100645568687; 
7, -714.7431091377512; 
7, -712.8501711173449; 
7, -687.0370645774528; 
7, -707.1320120287128; 
7, -702.4035098163877; 
7, -726.5802166708745; 
7, -712.7802045058925; 
7, -705.9764415971003; 
7, -719.0728812005837; 
7, -710.105171095347; 
7, -704.5725849866867; 
7, -720.0275108169299; 
7, -695.7172863199376; 
7, -714.0093331199605; 
7, -704.1563496724702; 
7, -696.9446351488587; 
7, -670.4711661711335; 
7, -693.2627067002468; 
7, -700.5181524313521; 
7, -691.5868111813907; 
7, -677.1990667041391; 
7, -681.4875616575591; 
7, -704.6364914206788; 
7, -665.9818215605337; 
7, -672.814069005195; 
7, -696.8633139149752; 
7, -736.2946840624791; 
7, -659.3140931318048; 
7, -694.3852760503069; 
7, -711.3818367221393; 
7, -698.7168068110477; 
7, -653.6048300492112; 
7, -646.5318552348763; 
7, -646.8032115253154; 
7, -643.1469466085546; 
7, -636.9444256944116; 
7, -645.6722513346467; 
7, -627.2603206392378; 
7, -620.5640612151474; 
7, -634.3967456044629; 
7, -636.524681416573; 
7, -639.9832356553525; 
7, -663.906659798231; 
7, -666.1074829511344; 
7, -668.3471665338147; 
7, -666.9162763881031; 
7, -693.2496923785657; 
7, -669.5824614451267; 
7, -682.0844443205278; 
7, -682.718386602588; 
7, -674.5692077910062; 
7, -687.236236916855; 
7, -682.1490701856092; 
7, -683.0036146889906; 
7, -678.5808238417376; 
7, -671.9615274029784; 
7, -689.8566802386194; 
7, -682.9547696793452; 
7, -680.2552178977057; 
7, -682.7990714630578; 
7, -694.0781853129156; 
7, -684.4065961751621; 
7, -709.2153314691968; 
7, -689.6503610904329; 
7, -687.2609561919235; 
7, -679.5579544061329; 
7, -710.0718907639384; 
7, -687.5452824560925; 
7, -674.8988320154604; 
7, -702.0572536929976; 
7, -683.7894274478313; 
7, -681.6245267449412; 
7, -682.0549444863573; 
7, -696.7708976070862; 
7, -679.6002656526398; 
7, -701.8806548926514; 
7, -718.6295423842967; 
7, -705.079987734789; 
7, -720.1445518427063; 
7, -695.000201033894; 
7, -696.8263718448579; 
7, -688.3863483457826; 
7, -678.9837005727459; 
7, -690.7947329450399; 
7, -666.7265988024883; 
7, -695.1276941581164; 
7, -705.4756717458367; 
7, -685.6104709063657; 
7, -724.2318352372386; 
7, -690.7256039204076; 
7, -695.6082358486019; 
7, -696.2278275564313; 
7, -714.2250051756855; 
7, -681.8842209214345; 
7, -707.0661866122391; 
7, -732.7216603532434; 
7, -673.0387077177875; 
7, -667.2181201945059; 
7, -686.7415640891995; 
7, -688.5535655138083; 
7, -711.4449422627222; 
7, -733.6602724548429; 
7, -713.6790708955377; 
7, -729.3344543084968; 
7, -674.5456307181157; 
7, -682.1270221897867; 
7, -703.0019967642147; 
7, -718.4733648120891; 
7, -718.2378601192031; 
7, -698.7802746917587; 
7, -678.7812530379742; 
7, -677.361666010227; 
7, -675.4772017132491; 
7, -679.1830365746282; 
7, -675.1901773172431; 
7, -705.6989471523557; 
7, -674.344620404765; 
7, -681.7289163381793; 
7, -679.5000001692679; 
7, -636.3356241281144; 
7, -666.6943550559226; 
7, -664.3374193336349; 
7, -681.5123354336247; 
7, -667.1808886986692; 
7, -686.2439261504915; 
7, -655.9757722080685; 
7, -686.9717930799816; 
7, -669.2471651050728; 
7, -703.5414560514037; 
7, -677.561356629245; 
7, -717.0791124531534; 
7, -720.0590579095297; 
7, -679.2149465971161; 
7, -714.6316011543386; 
7, -701.4558936462272; 
7, -680.2048445679247; 
7, -703.2567800090183; 
7, -676.0999062589835; 
7, -665.2288843174465; 
7, -682.614730515983; 
7, -678.2204657949042; 
7, -665.5789694890846; 
7, -654.8977849916555; 
7, -645.844656997826; 
7, -688.0584286181256; 
7, -667.5237298836; 
7, -654.5491617100779; 
7, -698.7919010333717; 
7, -688.7905326217879; 
7, -702.6373669554014; 
7, -672.2201776891015; 
7, -709.4376702820882; 
7, -702.7513019507751; 
7, -678.5152249026578; 
7, -670.3909384913277; 
7, -703.6605621399358; 
7, -693.8241266661789; 
7, -661.632444937015; 
7, -666.4163450589404; 
7, -705.5176801760681; 
7, -699.9918661185075; 
7, -665.2555810725316; 
7, -678.6855297356378; 
7, -684.1742669316009; 
7, -721.7675232975744; 
7, -683.1100565225352; 
7, -677.9697385784239; 
7, -675.8973391395994; 
7, -672.4529934625607; 
7, -708.3909306139685; 
7, -688.9477122495882; 
7, -687.5943155686837; 
7, -665.4008272618521; 
7, -675.8163872754667; 
7, -689.4267918278929; 
7, -687.3081435419153; 
7, -702.6126919193193; 
7, -698.2262514820322; 
7, -674.045750308549; 
7, -674.619365926832; 
7, -675.262940084096; 
7, -713.6454672426917; 
7, -697.65813830751; 
7, -679.6788802158553; 
7, -724.8148969428148; 
7, -693.8328249563929; 
7, -670.4511430673301; 
7, -686.607939844951; 
7, -678.3560980320908; 
7, -696.2889250249136; 
7, -655.3264744502958; 
7, -681.4906208128668; 
7, -684.5602560127154; 
7, -680.486602832796; 
7, -714.4091806421056; 
7, -662.6532797012478; 
7, -694.933893912239; 
7, -702.7605318445712; 
7, -666.3059039274231; 
7, -702.322138648713; 
7, -685.177373974584; 
7, -660.9928466151468; 
7, -677.7838382779155; 
7, -658.6569451505784; 
7, -669.1053471581545; 
7, -671.1099371018354; 
7, -678.900387982605; 
7, -663.5428177090362; 
