9, -368.0; 
8, -367.9574001182872; 
11, -368.0; 
11, -368.0; 
9, -368.0; 
9, -368.0; 
9, -368.0; 
10, -368.0; 
10, -368.0; 
9, -368.0; 
10, -368.0; 
10, -368.0; 
11, -368.0; 
11, -368.0; 
10, -367.5423626190095; 
11, -368.0; 
12, -368.0; 
10, -368.0; 
11, -368.0; 
11, -368.0; 
13, -368.0; 
10, -368.0; 
11, -368.0; 
12, -368.0; 
12, -368.0; 
11, -368.0; 
11, -368.0; 
11, -368.0; 
12, -368.0; 
11, -368.0; 
11, -368.0; 
12, -368.0; 
12, -368.0; 
13, -368.0; 
11, -368.0; 
12, -368.0; 
12, -368.0; 
11, -368.0; 
11, -368.0; 
13, -368.0; 
11, -368.0; 
11, -368.0; 
12, -368.0; 
11, -368.0; 
11, -368.0; 
12, -368.0; 
13, -368.0; 
11, -368.0; 
11, -368.0; 
11, -364.873828455522; 
11, -368.0; 
11, -368.0; 
12, -368.0; 
11, -368.0; 
11, -368.0; 
12, -368.0; 
13, -368.0; 
11, -368.0; 
11, -368.0; 
13, -368.0; 
12, -368.0; 
12, -368.0; 
12, -368.0; 
11, -367.5423626190095; 
11, -368.0; 
12, -368.0; 
11, -367.4492532146178; 
11, -368.0; 
10, -367.9574001182882; 
12, -368.0; 
11, -368.0; 
11, -368.0; 
12, -368.0; 
12, -368.0; 
12, -368.0; 
11, -367.5423626190095; 
11, -368.0; 
12, -368.0; 
13, -368.0; 
12, -368.0; 
12, -368.0; 
10, -367.5423626190095; 
13, -368.0; 
12, -368.0; 
13, -368.0; 
13, -368.0; 
11, -368.0; 
11, -368.0; 
12, -368.0; 
13, -368.0; 
11, -368.0; 
12, -368.0; 
12, -368.0; 
15, -368.0; 
12, -368.0; 
11, -368.0; 
11, -368.0; 
12, -368.0; 
12, -368.0; 
14, -368.0; 
12, -368.0; 
13, -368.0; 
12, -368.0; 
11, -368.0; 
11, -368.0; 
12, -368.0; 
11, -368.0; 
12, -368.0; 
12, -368.0; 
12, -367.1273251197199; 
11, -368.0; 
12, -368.0; 
13, -368.0; 
11, -368.0; 
12, -368.0; 
12, -368.0; 
12, -368.0; 
11, -368.0; 
12, -368.0; 
10, -368.0; 
12, -367.7711813095011; 
13, -368.0; 
12, -368.0; 
12, -368.0; 
12, -368.0; 
12, -368.0; 
12, -367.1273251197199; 
12, -368.0; 
13, -368.0; 
12, -368.0; 
12, -368.0; 
11, -368.0; 
10, -367.1778346423962; 
12, -368.0; 
13, -368.0; 
12, -368.0; 
12, -368.0; 
13, -368.0; 
12, -368.0; 
11, -368.0; 
13, -368.0; 
13, -368.0; 
11, -368.0; 
11, -368.0; 
12, -368.0; 
13, -368.0; 
13, -368.0; 
12, -368.0; 
13, -368.0; 
11, -368.0; 
14, -368.0; 
14, -368.0; 
12, -368.0; 
13, -368.0; 
13, -368.0; 
12, -368.0; 
13, -368.0; 
11, -368.0; 
12, -368.0; 
12, -368.0; 
12, -368.0; 
13, -368.0; 
14, -368.0; 
12, -368.0; 
13, -368.0; 
12, -368.0; 
12, -368.0; 
13, -368.0; 
14, -368.0; 
12, -368.0; 
13, -368.0; 
13, -368.0; 
13, -368.0; 
13, -368.0; 
12, -368.0; 
12, -367.7711813095011; 
12, -368.0; 
11, -367.9999999999927; 
11, -368.0; 
12, -368.0; 
13, -368.0; 
13, -368.0; 
13, -368.0; 
13, -368.0; 
13, -368.0; 
12, -368.0; 
12, -368.0; 
12, -368.0; 
13, -368.0; 
13, -368.0; 
11, -368.0; 
11, -368.0; 
12, -368.0; 
12, -368.0; 
12, -368.0; 
11, -368.0; 
12, -368.0; 
13, -368.0; 
13, -368.0; 
13, -367.44925321462506; 
