1, -377.4061568488635; 
1, -388.57077382302657; 
1, -391.49696647789585; 
1, -389.54085227721066; 
1, -385.02650023415435; 
2, -382.55160411626593; 
1, -383.35077676282117; 
12, -376.9967036180519; 
12, -382.0853380924418; 
1, -395.266651591608; 
12, -385.0655104508437; 
12, -378.9003844675044; 
12, -384.21892916493107; 
12, -381.59184156822175; 
12, -380.41213203217376; 
2, -390.22027545454785; 
2, -383.6346594658471; 
12, -377.43826499201714; 
12, -379.1028750096484; 
12, -375.8658110743827; 
2, -374.08276094647954; 
1, -392.7134425787335; 
12, -375.5657329930673; 
1, -380.96827653480796; 
12, -373.9473196261242; 
2, -392.22293705593256; 
12, -367.69196250012465; 
2, -369.481308524666; 
12, -362.4035480260627; 
2, -373.7532888212936; 
2, -374.8654914171693; 
2, -368.9541786263326; 
2, -379.8761843862485; 
12, -365.97469165141047; 
2, -377.947074988655; 
12, -365.863373840215; 
2, -395.14090490799026; 
2, -384.4629236091623; 
2, -382.97690727914414; 
12, -378.8471924001424; 
2, -393.1742344813647; 
12, -378.24513615502474; 
2, -373.23929144741487; 
4, -372.8354985611186; 
2, -386.3819363460607; 
12, -374.7154659514672; 
1, -382.57763467889527; 
12, -383.45103906764416; 
1, -383.36136443044234; 
2, -380.3698648462996; 
1, -389.0189442772644; 
2, -375.01318356678894; 
2, -369.16225437638786; 
2, -386.31969880355973; 
1, -390.5382545548746; 
1, -392.82068137308306; 
12, -386.5084437796213; 
12, -381.37477565248264; 
12, -388.4270352453168; 
2, -390.7446445018322; 
2, -376.804424083537; 
2, -387.86147445590905; 
8, -394.5091246311713; 
2, -373.94449806794; 
12, -377.19634188907; 
9, -378.95801361652775; 
1, -401.8760257489157; 
2, -387.9326482351353; 
4, -378.7522405055752; 
1, -377.0349405329798; 
1, -388.29187788684067; 
2, -373.7043362333534; 
1, -388.8611128076918; 
2, -385.8104638038567; 
2, -380.4117077923838; 
2, -371.2619377177434; 
9, -390.3818248710486; 
2, -387.90597472610534; 
9, -392.83191105162405; 
3, -372.1782893130221; 
12, -373.13791175828374; 
9, -379.4691205877716; 
3, -374.9168802133354; 
1, -390.2793568510315; 
1, -382.81340839339464; 
2, -372.32082134530356; 
2, -392.1064418307651; 
2, -392.01870998532104; 
3, -385.8782371006164; 
3, -376.71299690822343; 
12, -395.9266542788391; 
3, -393.8184730577923; 
2, -382.5501043066615; 
2, -370.83859289445536; 
1, -379.8287616986854; 
1, -376.84411004676804; 
1, -379.6386138137823; 
3, -387.06786055475095; 
2, -383.2986069849867; 
1, -379.61744654973154; 
1, -381.6106255233972; 
2, -376.22645272282534; 
2, -384.23738913720445; 
1, -381.1579710312071; 
2, -383.3477251725344; 
2, -381.37577608146967; 
2, -387.8577886836647; 
3, -385.1736292225687; 
1, -400.7136142853924; 
3, -390.02270912782114; 
9, -398.0411753396911; 
2, -389.401440210444; 
3, -391.14810999015754; 
1, -389.84395127839525; 
3, -388.05441933189286; 
3, -383.15967930175975; 
12, -377.9486867335945; 
12, -374.4128762732362; 
3, -381.99670816281287; 
3, -382.74958462264476; 
12, -377.22436906638904; 
12, -381.5758618485197; 
2, -385.8381624978938; 
12, -367.1288131521869; 
2, -382.5732834655937; 
3, -374.73582543780503; 
3, -379.16803480818635; 
3, -383.97303930251655; 
3, -377.73916327171173; 
12, -378.2338846266139; 
12, -377.0344523989479; 
3, -378.392405737417; 
3, -376.22730197571946; 
3, -377.17284088014276; 
1, -387.05274991260376; 
3, -395.2705543715638; 
3, -384.5130808347094; 
2, -385.934020346358; 
3, -395.6825730830533; 
3, -382.52660950255813; 
3, -392.46020525850327; 
3, -379.33818004359637; 
3, -383.8524951072177; 
12, -378.5082075175742; 
3, -376.2879631663309; 
3, -385.25083602865925; 
3, -396.01926447798905; 
2, -385.3765374923096; 
3, -407.4862480645461; 
10, -372.11852404041565; 
11, -371.45948519546073; 
3, -387.49168499728694; 
9, -383.1592047409358; 
11, -398.5473574058924; 
8, -390.28989495256974; 
7, -386.3421050660909; 
7, -388.7693885482513; 
1, -387.92973456875916; 
11, -386.3909110877139; 
6, -371.25998405370774; 
3, -379.69852794499457; 
3, -383.39513655879273; 
6, -382.97770745930757; 
11, -384.20875150504435; 
12, -374.4549750532897; 
4, -375.6387126570553; 
1, -382.52600909869943; 
1, -383.09629922495515; 
1, -375.7162800395381; 
1, -384.5980682826994; 
4, -371.89608098241297; 
9, -371.678914288801; 
8, -368.1989458733151; 
3, -373.15795268020884; 
7, -373.4176572299184; 
11, -375.9840958996356; 
11, -378.13579120977374; 
7, -386.32018864830025; 
8, -405.9159503984556; 
10, -383.83311310272256; 
7, -377.6770323971141; 
6, -376.3193272965291; 
1, -387.4644421217672; 
1, -386.9045046003157; 
11, -392.04473089179373; 
10, -376.75182089775626; 
1, -386.1879083906242; 
7, -376.2718071936688; 
11, -387.13855463429354; 
1, -380.14185980490583; 
2, -387.4700335983507; 
11, -379.38236692549253; 
10, -376.8930282459478; 
4, -382.56422256641963; 
11, -387.04234831704525; 
8, -379.1401025923842; 
9, -375.45789053726185; 
1, -379.3691133737593; 
1, -383.8510593820829; 
6, -383.42750869100564; 
10, -371.6462810142839; 
3, -379.6188846122386; 
3, -379.76907310618844; 
9, -376.6358521996299; 
9, -378.82223273407726; 
3, -381.5332410110277; 
1, -383.62599835124274; 
12, -383.9187494670914; 
9, -385.52355735280435; 
9, -383.8333147484227; 
3, -377.55003470189695; 
8, -380.1481602420681; 
8, -395.62962974084076; 
10, -367.0122993570985; 
10, -373.4684713457973; 
11, -367.40680127532687; 
10, -357.239785201833; 
10, -349.0781179569749; 
10, -349.0886927978718; 
10, -356.61648433729715; 
11, -360.8981536361971; 
8, -353.8505983629875; 
8, -353.7538526227145; 
9, -361.7789163224079; 
10, -345.8969510322495; 
10, -333.2185883659404; 
10, -351.0857180270541; 
11, -334.5159776978253; 
2, -399.976107145063; 
8, -396.12457538722083; 
4, -391.15175296308007; 
11, -383.2055299881904; 
11, -372.6737779360701; 
10, -372.058400781214; 
11, -350.17208332817245; 
10, -382.9519656365592; 
10, -390.58269919190207; 
10, -382.42801605784916; 
11, -362.6345517347654; 
9, -382.8615671312582; 
10, -350.6849164790183; 
10, -343.0733298949199; 
9, -362.7391066883283; 
3, -387.71663001824345; 
3, -392.6159251683421; 
4, -385.45272845373256; 
3, -401.24494425223384; 
11, -381.8227190937032; 
6, -384.90808266932436; 
3, -395.0092697919463; 
2, -390.048480293437; 
12, -387.1141673093225; 
7, -381.17495153272466; 
8, -384.92623829039803; 
2, -385.72159820006345; 
1, -385.6815321035974; 
16, -381.9176737396483; 
3, -392.5337006892514; 
10, -388.29442113786354; 
1, -396.6646868435637; 
1, -385.779955598322; 
7, -385.0918921224511; 
5, -382.86042630745214; 
1, -388.4901824929693; 
3, -379.37448845943436; 
16, -379.747930397396; 
2, -378.9648479030293; 
6, -378.5816916292242; 
10, -384.4380990448408; 
2, -391.4142887692433; 
4, -391.68328061694046; 
5, -372.37191111431457; 
5, -377.8402005108801; 
1, -383.4493733671843; 
7, -380.82573700882494; 
10, -373.58433229981165; 
2, -382.37385447946144; 
8, -375.3820249806013; 
3, -383.3391197863093; 
1, -386.6910187680187; 
4, -380.0307189206651; 
1, -377.0711297484668; 
1, -387.8335683530313; 
4, -391.19163199742616; 
7, -375.8886105529382; 
5, -376.86463238374563; 
7, -377.7173557748174; 
2, -382.5229195301363; 
2, -390.6052723618486; 
2, -382.23247757490026; 
7, -381.8087719195901; 
2, -382.5931755669735; 
1, -384.0699155895127; 
1, -384.529590207836; 
16, -379.6332898947003; 
1, -382.03183717341744; 
6, -381.7391495240008; 
1, -386.523487499624; 
8, -373.7603084810835; 
5, -374.0142955741612; 
2, -382.08324222257943; 
2, -385.5007501206128; 
3, -388.85656490304973; 
2, -383.38017752712767; 
2, -382.58256831843755; 
6, -386.26584508182714; 
2, -380.8986089076352; 
3, -389.43664828914916; 
2, -392.4252222947689; 
16, -374.98600367843756; 
14, -390.2142367396009; 
12, -378.9097213079076; 
3, -374.56508954730816; 
11, -371.5298789264634; 
11, -352.779214681359; 
5, -386.125045462657; 
2, -382.25142053300806; 
11, -375.0254490200605; 
11, -383.34779750595044; 
10, -363.1628115668427; 
4, -383.1786628845002; 
9, -368.43381924409186; 
5, -374.55660921661183; 
8, -376.2932653268508; 
7, -382.4656310109858; 
2, -380.4415110550617; 
10, -385.73903620577767; 
2, -379.38059393665753; 
2, -376.6257403776399; 
3, -381.77652095277153; 
1, -382.36887785739964; 
11, -375.02800592921267; 
4, -378.15444551092514; 
4, -377.12167207962193; 
2, -380.2637719384802; 
15, -379.01382601822843; 
8, -384.5951729346125; 
3, -363.3947038531187; 
2, -388.70543979210197; 
2, -376.6819613345724; 
1, -380.67598279140657; 
2, -380.8901145525015; 
2, -376.7367707416124; 
16, -384.19057800553855; 
4, -372.71472689625807; 
6, -377.62850877287565; 
11, -379.7633855123422; 
2, -386.77976569745806; 
10, -378.7057112751936; 
1, -378.10465204753564; 
6, -375.9988523062202; 
2, -381.3623768474208; 
1, -394.7860031616001; 
1, -383.61349175916985; 
10, -375.4068204823416; 
1, -382.8000418423035; 
4, -365.7435575121199; 
2, -383.21253767909366; 
12, -384.014354858984; 
9, -376.2261784891307; 
3, -375.5523997945129; 
3, -377.51700966685894; 
4, -461.004966361681; 
8, -416.07099206894054; 
4, -406.99992302048486; 
8, -399.5211990866228; 
3, -398.1513330214075; 
2, -403.62295751515194; 
2, -386.8751022842189; 
4, -403.63359795935685; 
8, -372.3801742582291; 
4, -381.38783030892955; 
3, -370.2477920523379; 
6, -386.3180816064996; 
12, -375.47935097373556; 
4, -389.4975285347027; 
2, -386.93251175477053; 
2, -387.58562997652916; 
5, -385.49847778043477; 
1, -385.6456920958881; 
2, -373.2082524129364; 
5, -374.6301932450733; 
2, -377.1860481260228; 
12, -383.1064363558544; 
8, -381.1949152489251; 
2, -390.3755380687362; 
2, -387.48535482611624; 
2, -388.21387085234164; 
1, -381.21047482072026; 
10, -386.83615371611086; 
1, -380.75949188432423; 
7, -387.5120023751806; 
1, -378.76689110303414; 
4, -387.27829731293605; 
2, -382.800607167359; 
6, -378.8401126230892; 
1, -386.24902352385106; 
10, -380.112995077041; 
2, -375.524356688431; 
1, -377.2294040135166; 
5, -371.92152118415106; 
2, -374.911010435113; 
11, -377.2096580154903; 
1, -376.7178128454543; 
2, -374.1425784462772; 
3, -364.0033914044907; 
11, -374.059703764593; 
4, -375.2595111163391; 
11, -372.2734284696344; 
12, -365.7512639677443; 
1, -378.1064310175425; 
16, -376.40951196223614; 
8, -376.3779133875214; 
1, -379.3986256759963; 
9, -371.3901446701493; 
6, -380.01711524507846; 
3, -378.41914388368605; 
9, -380.3408311677631; 
2, -378.3074109698646; 
9, -380.4704328820808; 
10, -396.005878820637; 
4, -376.35806563985534; 
7, -378.1947014933394; 
1, -375.50277303683106; 
2, -380.28609864375903; 
8, -397.3817433039367; 
9, -383.65559722748003; 
9, -378.55812202882953; 
12, -382.4461868801736; 
1, -386.78847073973157; 
1, -386.83176330963033; 
1, -381.2555365076987; 
8, -387.9174631375645; 
8, -375.1372849624895; 
3, -377.0427291581873; 
4, -372.145514568605; 
4, -379.77264910709346; 
4, -385.67219350708183; 
2, -375.7762792947469; 
1, -378.44162019353826; 
1, -386.89493906428106; 
16, -392.83271318432526; 
5, -371.59815058953245; 
3, -377.2600350630237; 
4, -376.7968807942816; 
3, -381.375503361749; 
8, -379.52146696287673; 
2, -378.6595133827068; 
6, -385.2805090828915; 
10, -348.22866147739114; 
1, -383.44463236402953; 
1, -395.0911174037028; 
9, -375.2883688026923; 
9, -385.7750331707066; 
6, -374.0823385398835; 
1, -388.33457559958333; 
11, -372.76030183403054; 
3, -378.6981047196605; 
9, -389.25395775947254; 
11, -382.44800927999313; 
1, -384.84694296782254; 
1, -379.87594110291684; 
2, -374.6864027264819; 
1, -379.8061639338557; 
1, -377.9145552338741; 
2, -377.90012702308013; 
2, -374.23060146844364; 
4, -377.9226388060488; 
5, -376.115832772688; 
11, -378.0595491086715; 
7, -365.29889270858257; 
11, -367.3344869270222; 
11, -388.153521958302; 
5, -380.1982175484882; 
1, -384.08561853910214; 
3, -371.26019860067754; 
5, -365.80221439234447; 
12, -391.0580047087569; 
1, -380.1668934041227; 
4, -385.63400750394794; 
11, -378.19023349141935; 
11, -380.9032023452164; 
1, -388.94677689063246; 
5, -373.38890824932605; 
11, -385.84455426837667; 
10, -376.5637905493786; 
11, -389.444857016264; 
11, -349.3160384746152; 
10, -374.6908333377796; 
2, -376.4999990630313; 
1, -383.7107616473804; 
3, -378.64374128435156; 
1, -389.41358598679653; 
11, -382.28059569504694; 
8, -375.7985431276902; 
3, -374.55828698867117; 
5, -385.5535036150832; 
10, -379.36820029318915; 
10, -380.27606470609317; 
8, -384.76953671730007; 
6, -376.13005776522914; 
12, -376.42292366194306; 
10, -381.4752073100244; 
12, -380.88644859736087; 
1, -378.28807108369074; 
1, -381.1798093734542; 
1, -381.61090892518405; 
2, -378.0785120188375; 
2, -382.0374368263583; 
6, -389.39511162333656; 
7, -375.65653789340286; 
13, -386.06676033430267; 
12, -389.52069800143363; 
7, -375.2170487564581; 
10, -362.63495388714364; 
6, -371.35458508724696; 
2, -383.9251914441702; 
5, -384.8384652171226; 
6, -364.28356421922217; 
1, -377.71413613823825; 
6, -377.90185907745035; 
12, -385.8853216400021; 
10, -397.045027763088; 
1, -399.2614260626724; 
10, -360.1842822539911; 
10, -392.5080105983943; 
2, -402.41490024945233; 
10, -390.61473025841406; 
3, -403.6055100369849; 
5, -424.3937897805299; 
3, -401.10834927822; 
10, -421.38264696107944; 
4, -416.30173275305424; 
5, -425.0553511437611; 
5, -431.1873255056562; 
6, -442.06181018424104; 
3, -427.88977227167925; 
9, -424.58617416454945; 
11, -420.236577179312; 
6, -419.20829552956275; 
2, -407.1703879760462; 
3, -394.37904075314873; 
2, -387.38013380600023; 
12, -384.23816454588086; 
16, -376.2319826967432; 
2, -395.1523330284108; 
5, -381.9830975678051; 
6, -387.69299399096053; 
9, -381.11860074388096; 
7, -375.84159196101245; 
5, -376.1042043910129; 
7, -377.7511612448143; 
2, -379.3060905341117; 
3, -375.1835692055174; 
8, -379.115111920255; 
2, -383.70763897543657; 
3, -384.2041767044575; 
12, -379.63687313499395; 
2, -385.6301571644144; 
2, -386.44653905471205; 
9, -383.9964685992454; 
12, -380.0207866358978; 
1, -386.271993585804; 
2, -380.6540211585816; 
12, -378.99112540556234; 
2, -384.56171363950125; 
1, -386.4622679541644; 
3, -362.8372322934156; 
1, -385.3508673456672; 
1, -380.60322346774046; 
16, -388.364574346022; 
1, -386.697289067728; 
2, -377.61254042648943; 
9, -377.06791097848327; 
7, -375.1972427080618; 
3, -373.38991096639074; 
3, -374.6797754492145; 
3, -375.2562957771006; 
2, -380.4317198236531; 
11, -357.91385992328287; 
10, -384.9966122127953; 
2, -384.9520980603411; 
2, -380.4982831143716; 
3, -385.41860706807347; 
11, -387.80775223713135; 
7, -380.8689844101609; 
1, -391.42103733774275; 
10, -378.2194378923159; 
5, -385.64620780327823; 
2, -377.9941969602078; 
13, -377.0515866728674; 
1, -378.877438723197; 
1, -379.98916480661137; 
9, -370.2944878306589; 
2, -378.1070972456655; 
11, -365.33382614539005; 
11, -373.3259709368285; 
11, -386.6380914837064; 
1, -381.68062358305906; 
3, -368.284949149529; 
1, -385.6192325358861; 
1, -380.95257953883265; 
8, -375.824414643459; 
12, -389.4696136409766; 
11, -375.5118332027632; 
3, -377.99648488126695; 
11, -374.7012942067813; 
2, -381.5533898937283; 
9, -392.5709246713086; 
6, -382.9794954601675; 
12, -392.99189159390517; 
8, -378.2474061259709; 
3, -383.779958586907; 
3, -383.352692122804; 
2, -377.69841987395193; 
6, -375.10747628178797; 
2, -374.40786186716286; 
11, -363.42636277963175; 
11, -366.0777758798795; 
8, -380.5748784649186; 
5, -378.39257932829787; 
1, -383.61653375651804; 
10, -370.59118419428705; 
11, -381.64651934208814; 
2, -384.3898943725799; 
1, -391.44424422908924; 
3, -381.049354691233; 
1, -382.23684067709837; 
1, -376.5733874839789; 
1, -380.7395442620036; 
1, -379.63288501347415; 
11, -378.07810592869646; 
8, -368.8596041383571; 
2, -378.0643503520114; 
6, -388.5712053931784; 
10, -380.89817576724454; 
11, -366.3144073211006; 
4, -382.6021652712079; 
8, -371.1618398655264; 
11, -389.66974676030804; 
10, -368.8646291143086; 
11, -373.06206086443854; 
9, -361.4057606286078; 
9, -366.03844597228453; 
8, -373.9002720741846; 
11, -363.7217114083469; 
1, -390.0453989619564; 
2, -383.35205774757196; 
6, -361.1185287236294; 
10, -371.72784039232647; 
7, -372.0695445994497; 
2, -379.8278264981054; 
2, -371.73252887415583; 
1, -379.42279692794546; 
1, -379.0959142984939; 
1, -385.01218155262177; 
10, -375.9085804731585; 
12, -376.5111222862324; 
4, -374.30742755471147; 
5, -374.67149743970367; 
16, -375.35538389661815; 
1, -388.34913481393596; 
2, -382.4257332861889; 
12, -388.8291129914869; 
2, -384.6037350821134; 
3, -383.7718085741217; 
1, -384.33985099199344; 
1, -390.78053626423934; 
1, -390.70016666071024; 
1, -386.1183323402074; 
6, -378.65591272345046; 
8, -385.8993548489525; 
5, -383.5504821569484; 
11, -389.65802060766146; 
11, -366.1307993947994; 
11, -375.8170645945356; 
11, -341.69574888871284; 
9, -380.5390650789777; 
3, -382.0922260316147; 
2, -385.7948104555253; 
1, -384.9762551644235; 
3, -375.8785365370859; 
8, -382.23245438101003; 
4, -367.6840046172729; 
10, -396.69810795027297; 
10, -368.4897739366279; 
2, -381.87836837925715; 
2, -379.94739568734076; 
2, -370.96079250751063; 
2, -378.99020509718684; 
12, -375.941265082045; 
9, -377.56556113710394; 
4, -376.3994617513963; 
1, -384.1739972991054; 
12, -380.5294608663535; 
4, -386.4672154476866; 
3, -382.59748030710034; 
1, -383.86395915510366; 
8, -375.54825837304816; 
2, -373.86363762483234; 
12, -386.41896645352244; 
11, -377.8221033094451; 
3, -374.5244063370628; 
11, -366.5649513876415; 
10, -374.7500834859675; 
1, -383.2952022535028; 
2, -375.5242979839677; 
2, -378.8098309329944; 
8, -372.9981702088844; 
5, -369.02396745973965; 
1, -383.1111375989276; 
10, -372.42942018061876; 
11, -373.3226531242253; 
2, -380.84001936990535; 
5, -426.04723932855995; 
8, -409.90474802203244; 
10, -402.96954138053115; 
8, -395.54239106335444; 
6, -394.106658508128; 
5, -390.25187299819663; 
8, -383.8190591747407; 
3, -379.275682537409; 
6, -392.9393418832333; 
6, -382.3397376551875; 
2, -380.0801006509573; 
5, -384.1987155319657; 
7, -389.0604765730095; 
6, -374.3652054028353; 
6, -385.044818745635; 
7, -386.0534633262432; 
5, -381.039403618488; 
3, -377.9102788470336; 
13, -383.3462288942537; 
4, -387.31614957901184; 
12, -381.1647417328786; 
4, -364.82434826076496; 
8, -383.8464773130254; 
8, -378.39140256197425; 
1, -392.90156417049; 
12, -373.5591331195901; 
3, -367.5620947308489; 
9, -363.81188508996274; 
7, -380.1529351564823; 
3, -382.2257931427448; 
11, -378.1323897878756; 
11, -390.76790965761757; 
11, -364.75373692420544; 
10, -379.77132624789374; 
3, -374.97323380591115; 
8, -381.04044311959296; 
3, -381.4557056820486; 
7, -395.19214888848364; 
3, -401.1242569020833; 
7, -408.31969329854473; 
5, -405.3596622729674; 
3, -408.44742548960494; 
11, -396.024721017282; 
9, -418.9799993945635; 
12, -394.9562709068996; 
6, -402.45728377904743; 
10, -397.9555362262181; 
4, -391.83381157694384; 
11, -379.90998491604114; 
11, -387.3005233561853; 
10, -364.2717780758394; 
7, -383.45059698529076; 
10, -377.2986531322822; 
1, -385.0268714859849; 
5, -380.30081162025454; 
12, -380.0157031955314; 
4, -378.4776174330036; 
2, -381.5933058898663; 
9, -386.1789505823981; 
12, -380.98107352136867; 
12, -378.9831265924731; 
4, -379.2611668079626; 
6, -376.02974191028625; 
8, -380.6511820740998; 
3, -375.33392920100596; 
4, -371.7028103400371; 
10, -369.6475882495288; 
8, -371.0217611917178; 
9, -372.7145569208078; 
11, -378.76343906781403; 
11, -366.9219013075344; 
3, -379.13654123601737; 
3, -363.7335495040752; 
4, -382.4647874440998; 
12, -385.68244118167786; 
1, -383.0726051957463; 
3, -381.1776072992943; 
1, -382.0549296090612; 
10, -368.3338971607154; 
2, -388.77688383031636; 
3, -381.87713552854257; 
6, -375.4102962651523; 
10, -376.3672100841068; 
1, -383.9748442652635; 
2, -379.5325284212013; 
2, -381.9163371278555; 
1, -378.1272782503511; 
3, -374.27362114045536; 
10, -384.99872754939133; 
6, -377.55774050869513; 
1, -393.64207034924766; 
11, -383.52147264790256; 
2, -367.97763320832746; 
2, -385.00176104338607; 
7, -380.616108483111; 
6, -382.10082194040297; 
10, -378.2815417392994; 
4, -375.2797522060573; 
4, -386.5003072730615; 
15, -373.36596019699937; 
11, -374.91712191398256; 
11, -374.6225893521914; 
11, -375.53191693662666; 
11, -370.1491613811231; 
1, -382.98892374924617; 
2, -380.798512373236; 
7, -386.61429814825533; 
2, -381.881995954609; 
1, -380.63527958869236; 
1, -385.697961070342; 
1, -390.47214537503896; 
7, -379.7780227722833; 
12, -388.62158007588005; 
11, -380.7962734453613; 
4, -384.57055838633096; 
2, -380.77994453621795; 
2, -384.61215310706757; 
12, -377.06816377223004; 
2, -386.5939104105928; 
3, -400.20093904377427; 
3, -411.6809171709465; 
4, -392.6740726988064; 
3, -407.04156158375554; 
10, -400.01933539204765; 
12, -415.42409547476564; 
3, -413.76193891; 
8, -386.7058040975244; 
9, -410.7826422491926; 
11, -396.3088023282471; 
6, -393.51556399691617; 
11, -387.75631277036155; 
10, -377.3140264871763; 
6, -368.46691025135806; 
1, -374.3726661399123; 
2, -374.86205200949917; 
4, -373.04813653882593; 
10, -367.98122297925875; 
12, -375.44141496828524; 
1, -383.73188826837577; 
4, -374.78900850377977; 
5, -372.295435594453; 
2, -379.35067921475274; 
11, -375.07997672708007; 
2, -383.0518485652283; 
7, -378.4956091508502; 
3, -373.99704684276367; 
12, -377.1480624882388; 
5, -372.9831807453884; 
3, -381.24084461905295; 
10, -372.15613398479763; 
10, -365.45771626522765; 
1, -379.05412082734983; 
4, -377.2885945728631; 
1, -379.77962581062457; 
11, -384.9472281438648; 
12, -381.7162002619589; 
9, -379.55812333594076; 
4, -381.5536391423666; 
11, -368.9064598920522; 
11, -360.2808794270968; 
11, -370.3093117403332; 
2, -378.5149219892919; 
7, -378.49715766479494; 
11, -372.640784243762; 
7, -376.9206533372635; 
4, -384.5664618688752; 
11, -379.97795390110696; 
2, -387.6560773830279; 
11, -378.84589976706775; 
7, -370.3070316343219; 
4, -374.1427208794048; 
1, -386.66558212338714; 
2, -379.7614100363571; 
12, -393.53937541670166; 
6, -393.4149799976731; 
8, -409.50945384113584; 
3, -381.6540812975727; 
11, -371.9349193915841; 
11, -374.7813437646255; 
4, -413.1788192818058; 
5, -396.58937348931795; 
3, -405.0618050386547; 
5, -381.9362530891667; 
8, -384.4981468048063; 
10, -394.6716096007731; 
11, -381.31462224171264; 
4, -390.63622881344054; 
5, -378.1367720668204; 
11, -389.98198599671014; 
6, -388.28058363619493; 
2, -378.6964805405587; 
3, -380.3714381621685; 
3, -374.85718485020334; 
2, -377.80244333983865; 
11, -372.10830335866194; 
4, -376.40247032034677; 
10, -381.15697128354805; 
10, -365.24496562441345; 
8, -340.72581905458355; 
1, -384.3657459876267; 
3, -386.7174598244601; 
4, -372.38197978347307; 
14, -369.22541404975345; 
9, -374.5392522275215; 
7, -373.1348684874247; 
6, -381.41436905314913; 
8, -374.51286530069774; 
12, -377.0670171700185; 
12, -375.93496608239366; 
9, -375.6494219068554; 
4, -371.8755836514756; 
9, -370.8420825441135; 
4, -366.52578776242444; 
11, -380.7821415452054; 
6, -370.9844776542159; 
12, -369.55836861452553; 
11, -365.60954208497424; 
11, -362.3879962232895; 
9, -358.2387438281439; 
1, -384.9178015955258; 
2, -380.9546595751308; 
6, -379.49443281668937; 
4, -371.92042090994073; 
3, -374.71358719380805; 
3, -376.15528902370716; 
2, -373.4998400383047; 
11, -377.78216556017287; 
1, -384.80121302284533; 
8, -381.8941229675547; 
3, -377.3506576946238; 
4, -372.64291307271924; 
5, -385.01786226255354; 
3, -389.8190551974112; 
2, -388.30000519618625; 
11, -378.706774800783; 
1, -394.14826866902877; 
2, -392.87888260401087; 
11, -381.60807960038073; 
2, -386.3578812436899; 
9, -390.6904259372968; 
10, -387.0373202438932; 
11, -381.01051066070795; 
11, -390.6545207213494; 
11, -373.4128949124133; 
11, -395.5498573243967; 
11, -372.8001712625846; 
11, -380.3040799066657; 
11, -372.5039271133719; 
11, -379.68389369000215; 
10, -378.7425284802448; 
10, -374.314017826051; 
11, -379.1668378598406; 
11, -374.9352950165048; 
11, -383.92859011213295; 
11, -372.24292936269194; 
11, -356.59111933299573; 
11, -342.6507934873807; 
11, -343.1336378143169; 
11, -345.0929427688243; 
11, -339.3126981189125; 
11, -338.7886117376038; 
11, -351.7051509413868; 
11, -334.77078291017096; 
11, -327.23514078196604; 
11, -316.88269049878; 
11, -296.7246067484957; 
11, -301.6132265961496; 
11, -310.24886365182465; 
11, -282.9514897603076; 
11, -301.1446399191045; 
11, -318.4295456931577; 
11, -291.59109448530944; 
11, -309.72311353706755; 
11, -374.4548895927728; 
11, -340.33491367538227; 
11, -324.58259339118376; 
11, -299.90421186143067; 
11, -301.19863367878133; 
11, -294.4057188886218; 
11, -282.19841219100635; 
11, -357.63503071147716; 
10, -373.5425453769858; 
11, -339.5126629251172; 
11, -334.12103237130214; 
2, -377.57928797235945; 
1, -388.63943786150776; 
9, -379.90434635058045; 
1, -376.25639399018837; 
8, -374.97370639361907; 
7, -376.2382644022; 
9, -387.0562574249343; 
8, -387.3320509137702; 
8, -372.8657314844313; 
6, -364.8591646178975; 
8, -346.37210711318767; 
6, -373.11176557763247; 
9, -379.8339445577585; 
1, -381.70299126167083; 
2, -381.56122039764887; 
2, -393.06121379637625; 
3, -377.04111074307; 
2, -389.34482865361497; 
5, -378.25244916556403; 
5, -376.99007637856994; 
7, -391.81688758166274; 
4, -377.7650912167737; 
1, -389.8881447017775; 
2, -383.6600728429039; 
3, -390.8769129856955; 
6, -375.3535407781019; 
5, -381.64761782530695; 
1, -388.002927249996; 
2, -377.8043869638932; 
10, -377.6707375929691; 
8, -377.63282925396925; 
6, -400.03826767532155; 
5, -394.2199934949749; 
4, -406.14391462510685; 
4, -405.3031122489483; 
6, -399.2625240542111; 
5, -403.407165910874; 
14, -379.47987402958097; 
4, -374.0898092453717; 
9, -366.9534635741147; 
2, -388.7406233284273; 
8, -370.1564935980132; 
11, -378.67990202538203; 
5, -375.72747867932776; 
1, -385.31409678800264; 
4, -367.0393863355275; 
8, -378.99518994329264; 
3, -382.5070378826349; 
1, -398.31569575017784; 
3, -375.56430348503636; 
14, -375.6916450789431; 
1, -385.5159995496506; 
8, -376.87849213473964; 
8, -382.2326661290135; 
2, -380.63477721525123; 
6, -371.3656905097305; 
12, -381.1108136076364; 
2, -377.4138405053527; 
12, -376.12343833991326; 
8, -393.2398260893533; 
1, -388.51555917965015; 
6, -363.84914098103764; 
12, -371.4223184979637; 
9, -371.5247095854138; 
1, -382.2597565869801; 
11, -381.9627887668903; 
11, -372.61653118103277; 
11, -374.72412158199586; 
4, -378.7817960270331; 
5, -372.4108268491109; 
1, -390.644177729846; 
12, -377.690311695158; 
8, -382.75741745712; 
4, -378.45586110907607; 
14, -388.2281817800831; 
9, -378.0246599478414; 
11, -338.20346674748; 
3, -376.15359473018907; 
2, -379.57506823696895; 
6, -381.3176793077728; 
6, -380.4253072635038; 
7, -367.15647101419745; 
11, -381.2255205551628; 
10, -366.2195528696175; 
4, -378.8196978988708; 
8, -382.16031299275346; 
9, -377.23458536167163; 
12, -385.92861535726115; 
4, -369.4355685846531; 
2, -378.93376412265934; 
1, -387.2657610666356; 
2, -370.439711759449; 
12, -377.009757002932; 
2, -380.95281174895354; 
2, -379.973969317507; 
3, -385.8413697935757; 
5, -364.75553136656526; 
8, -376.66974909586133; 
10, -380.2314407787053; 
7, -378.50513826601673; 
12, -383.4482152451528; 
4, -371.19338340638205; 
10, -315.5462579607265; 
10, -358.37553475267487; 
14, -369.775254980661; 
10, -371.2140234298422; 
5, -373.5205098678707; 
11, -342.7160066719516; 
11, -338.7507080587093; 
8, -378.5576440928853; 
4, -382.30694445141125; 
3, -381.5073882358847; 
9, -382.13554722140543; 
2, -387.0846509578405; 
9, -375.50651381217176; 
2, -387.67107725847745; 
1, -389.4055724343634; 
7, -377.1444780182792; 
2, -376.94183207314927; 
2, -383.4051982265664; 
2, -378.45509034459246; 
3, -380.43340876779985; 
1, -385.7162898017559; 
1, -381.77526894328184; 
8, -378.30414387461497; 
4, -371.86213724687696; 
3, -382.1350574043463; 
14, -376.8137062456808; 
9, -380.3056321890326; 
1, -395.30221221537795; 
4, -376.6982378162793; 
2, -379.4700629329309; 
6, -375.9708058637334; 
1, -382.3023668252281; 
11, -384.5492779178312; 
1, -389.5992023354629; 
4, -385.14253028295934; 
2, -393.7282301700907; 
1, -388.10789352399297; 
8, -384.37350465584313; 
12, -384.7410426251008; 
1, -381.48519071761984; 
1, -383.5051293411525; 
14, -384.7650866746553; 
3, -391.7198840882047; 
6, -375.4192633642815; 
8, -380.0450450737844; 
7, -387.3999344581389; 
2, -373.04865637316834; 
1, -383.43035820825025; 
9, -378.90583430434344; 
3, -377.4744646597537; 
8, -380.7883202859666; 
2, -383.07047287665773; 
8, -366.2076821087394; 
2, -379.18598680372816; 
11, -375.2471234978293; 
10, -338.2736131081474; 
10, -358.123914649419; 
10, -382.94982957979664; 
6, -379.64052379329223; 
1, -380.69270689220866; 
1, -383.8098193363985; 
8, -372.4221426466247; 
10, -377.71553527517244; 
2, -369.80371803208254; 
1, -400.7405496824649; 
6, -386.11191141809104; 
2, -390.0612615327118; 
1, -383.95264306891477; 
6, -381.03233282262227; 
8, -377.68837939290097; 
2, -377.5148200948024; 
4, -377.57239075761754; 
6, -389.71315806068014; 
2, -383.02294230583357; 
9, -376.9674041225808; 
11, -377.72608849126846; 
8, -374.0835380909266; 
5, -377.226349100878; 
2, -380.7783381905174; 
10, -372.911213752639; 
11, -330.7134506275761; 
9, -377.2136569842114; 
11, -332.98570951493457; 
11, -333.2891418733634; 
11, -374.88719720591325; 
11, -345.0667071758071; 
11, -326.12758178508375; 
11, -348.5008781766519; 
3, -381.2795248278999; 
7, -375.00727864482906; 
3, -408.696429500822; 
11, -377.0084429102135; 
11, -333.0954084327095; 
8, -392.1883499537362; 
11, -388.1512912431499; 
10, -421.57235261483584; 
10, -375.7535537983058; 
8, -353.6623953472008; 
4, -385.06684464082355; 
2, -400.3753301567049; 
4, -386.3033739249222; 
7, -376.1287201110972; 
12, -376.6226818584255; 
4, -371.5017640099977; 
2, -394.39492307615; 
3, -383.2141637953464; 
12, -382.6785713408608; 
6, -384.19326846220065; 
7, -382.56645484187175; 
12, -383.3362079113722; 
11, -367.628423922637; 
9, -372.5485026080278; 
3, -380.228544843907; 
7, -371.6596473081736; 
3, -373.4537580331671; 
3, -391.93117728078505; 
2, -387.1282125081052; 
5, -377.83944256510586; 
1, -388.8587707573315; 
5, -386.6309381642495; 
8, -369.6200457646628; 
7, -378.7977706260863; 
1, -385.2456219192245; 
11, -373.9637954523787; 
3, -380.12111283186823; 
8, -383.871292691445; 
6, -380.7112401066697; 
8, -387.534675448027; 
16, -371.6322597085382; 
1, -373.4616725174128; 
2, -394.09257880895166; 
1, -379.59842799330363; 
2, -376.0408146039117; 
2, -386.96221144637093; 
5, -381.55537571391324; 
2, -399.59910444373963; 
1, -401.6155311811599; 
12, -392.1443828282645; 
11, -377.9123054483789; 
2, -391.8589298960869; 
2, -380.512840432697; 
13, -385.81683061935473; 
9, -375.9253605059348; 
3, -389.124871803564; 
2, -388.69791551702656; 
9, -379.1069930852391; 
2, -381.0874777921126; 
8, -377.89064360171324; 
1, -379.9142470852821; 
8, -376.41505424299976; 
3, -381.1882461407222; 
6, -386.7665582128684; 
2, -385.5852607206907; 
11, -369.18899645493366; 
1, -382.8021637731581; 
11, -371.43887508823536; 
2, -384.0589085901156; 
10, -374.35416369501036; 
10, -380.67292034445563; 
8, -380.8006788526545; 
2, -379.11471528414404; 
16, -370.73912527313223; 
10, -351.14988248370355; 
11, -356.0384790279204; 
8, -381.65309174882714; 
9, -390.9187119145063; 
11, -364.8609621456126; 
10, -349.8050156075042; 
6, -379.7570934485411; 
4, -386.5229938625125; 
12, -383.331474750943; 
8, -371.6576967018773; 
11, -381.82516982604284; 
10, -368.43185537296813; 
1, -377.8835746397963; 
7, -376.9109497645404; 
1, -376.239100896928; 
2, -372.100304083433; 
3, -364.15407110663364; 
13, -382.5445409065578; 
5, -383.92273321555695; 
3, -399.92511398380157; 
10, -371.92211276839953; 
1, -385.86286341416417; 
4, -379.271374722186; 
2, -378.68827121541835; 
6, -384.54253844707273; 
11, -333.44271817745175; 
11, -343.48763205925934; 
2, -375.4426025804132; 
10, -385.23180308693554; 
11, -374.13427671953104; 
8, -376.0399734864477; 
2, -382.14213825255865; 
2, -381.43862089538015; 
10, -351.0407315515913; 
10, -384.9132273966097; 
7, -375.7011112953187; 
1, -393.01213713770267; 
11, -380.7351438612677; 
8, -373.7262143093394; 
2, -377.3893158795545; 
8, -384.0261897324817; 
2, -376.0856806647498; 
1, -379.7874910919345; 
7, -379.78590733668534; 
9, -382.77913454774534; 
5, -383.0303820933914; 
1, -394.1234768637223; 
2, -394.8823727372801; 
1, -391.24256120587233; 
16, -385.1011163564981; 
11, -376.55327155202394; 
11, -385.9051714860834; 
10, -359.8034813802806; 
11, -380.2424031778937; 
7, -383.3156702396227; 
11, -365.77325593610294; 
11, -374.2800372571219; 
11, -375.3746121317381; 
8, -386.66724135854747; 
2, -382.4261904846644; 
10, -369.14555468194885; 
1, -388.09857954556355; 
8, -379.60005113633815; 
2, -371.2614898708998; 
5, -375.2409470535349; 
2, -376.17119756841566; 
3, -367.17192508961307; 
4, -376.9714182081516; 
2, -379.60477811750025; 
4, -370.42623058572644; 
12, -380.07947245799005; 
12, -386.2806265381514; 
2, -376.0240530480514; 
11, -363.8075039545074; 
4, -371.415679943806; 
12, -383.1714306534268; 
10, -379.8019030934083; 
5, -372.2852469315985; 
8, -348.5535906270379; 
7, -380.850774361752; 
8, -377.969362513395; 
1, -382.31802011618856; 
16, -373.84060776710976; 
8, -383.32495963125257; 
1, -385.2025819301489; 
1, -390.903223250818; 
7, -402.184799820825; 
2, -382.9916352642467; 
4, -368.7903019609512; 
2, -375.65485533647006; 
8, -383.0349921018933; 
3, -372.62851704412606; 
2, -381.7086815696093; 
11, -368.2961010861909; 
2, -381.82684915384743; 
1, -385.6372115314007; 
1, -372.39008092076983; 
4, -364.33750577812316; 
12, -376.5485578284133; 
2, -390.57805387239205; 
11, -377.47844466153765; 
11, -369.6636071074172; 
8, -383.9737934245495; 
11, -383.3410361734568; 
6, -374.2127730505308; 
1, -380.277918525273; 
7, -376.2340372526087; 
10, -381.422909646295; 
2, -370.30278685339727; 
11, -374.7578577059321; 
11, -372.3563062011963; 
11, -385.121968037216; 
11, -360.12465037906077; 
3, -374.1269122073427; 
11, -371.88260016485583; 
11, -338.9842877910705; 
11, -352.8815042087808; 
11, -374.17293124250136; 
11, -386.75972100242507; 
11, -332.9726345433155; 
11, -369.0817190327216; 
5, -385.94192063913215; 
11, -372.04115759185515; 
11, -375.78142087208107; 
1, -378.7059771316126; 
2, -376.2477050356101; 
11, -350.24324213224463; 
11, -338.8068210532656; 
3, -376.2209668754367; 
11, -366.8860667629633; 
11, -333.72831785073504; 
11, -360.6416503583314; 
11, -372.5001852979185; 
3, -371.2627831038553; 
11, -380.3251800365979; 
9, -374.6704453093698; 
12, -377.58808237419; 
2, -378.99653541331645; 
8, -372.1361890694825; 
10, -378.9023886892246; 
11, -373.73702685558237; 
11, -379.8723873482086; 
11, -370.61906022788025; 
10, -368.4422526109265; 
2, -391.4580078694271; 
10, -377.30133546260186; 
11, -373.0493812477216; 
8, -385.30792073335033; 
2, -386.96203586866613; 
2, -383.21728603728116; 
12, -379.86621772218496; 
2, -383.264015161898; 
5, -371.29730460071005; 
11, -343.8167186762439; 
11, -351.5002335604513; 
11, -339.63108127657324; 
11, -309.69193616486154; 
2, -389.5620526486309; 
1, -383.40910983411595; 
9, -364.3962484765798; 
3, -377.4379257237306; 
15, -396.60646590124816; 
4, -398.09883487434126; 
2, -384.8658516681753; 
6, -387.06678942078725; 
12, -378.1894043881912; 
3, -395.7544574610656; 
3, -393.87015644006897; 
4, -390.02337008027826; 
4, -402.19896125642117; 
4, -401.6761738094501; 
15, -383.0901957775932; 
5, -414.5974785790313; 
3, -378.0305173440138; 
11, -374.8128089174861; 
10, -372.55739602970425; 
11, -371.5871765660122; 
10, -377.1076047323877; 
4, -386.78319683135487; 
5, -372.1362721659243; 
11, -369.6618366331095; 
10, -361.6358116453048; 
7, -377.913596494589; 
11, -341.98255373036955; 
11, -315.86699855630286; 
11, -328.6818259758875; 
11, -374.9331174752442; 
6, -381.240824291599; 
6, -374.7633625185117; 
7, -389.0367080295691; 
12, -391.8048335184576; 
4, -392.6865166266216; 
6, -388.19481353799347; 
4, -392.48565890977625; 
1, -386.13449254026636; 
4, -379.8653785493225; 
4, -378.46822221705224; 
5, -389.8135696185054; 
16, -400.39199148805346; 
4, -391.0734978541732; 
7, -397.97870465705637; 
2, -388.7127726136241; 
3, -398.09778158785775; 
15, -379.18317238613963; 
4, -390.1256464282051; 
6, -384.17417486885097; 
4, -396.8207125408808; 
8, -387.3398513618158; 
3, -392.2604228707496; 
5, -384.45059460401535; 
11, -370.5139675393002; 
3, -374.69805006310344; 
11, -368.5761328097433; 
11, -320.46171827148646; 
11, -370.62908315239474; 
12, -380.529397068196; 
1, -383.4828982150648; 
4, -383.43830324860755; 
4, -377.49251313647255; 
8, -375.65589796053246; 
2, -388.9475753196748; 
4, -374.12519854761194; 
9, -376.28747310338076; 
4, -380.5223186654039; 
1, -390.4250993313035; 
6, -384.7348923040554; 
3, -369.9305846893694; 
2, -388.93774425797164; 
1, -386.94775190087967; 
3, -383.18230070499703; 
2, -379.9550818495918; 
1, -396.62260930624325; 
5, -371.78545863053296; 
9, -386.17033503740095; 
16, -383.55323335016146; 
3, -378.83131835842505; 
9, -371.4038033011602; 
10, -368.5619146315148; 
2, -393.9351924028015; 
10, -373.091648891801; 
2, -392.769840871566; 
2, -394.3941298254067; 
7, -388.2279130826937; 
2, -390.8401574715972; 
6, -386.25583402009215; 
1, -392.11872612847947; 
1, -382.863148525008; 
8, -391.00840465165675; 
7, -367.8265622697072; 
6, -377.0434231875697; 
7, -381.4147147483891; 
1, -389.5395169442054; 
2, -380.63276885205414; 
5, -383.8254270022735; 
2, -388.06380092946347; 
1, -389.8649880361045; 
4, -380.4683093990898; 
2, -386.1898214383982; 
1, -380.3626267960062; 
2, -386.7090100676287; 
1, -388.75394623121247; 
2, -379.2958288730588; 
5, -383.57156835193746; 
9, -371.8801742651267; 
2, -391.3335169329075; 
2, -386.4201163413236; 
11, -372.5294462898746; 
2, -373.0611369831022; 
1, -378.9370422393549; 
7, -373.3133804217214; 
5, -381.83288403158076; 
12, -374.4054304069141; 
3, -381.56627243955154; 
1, -384.35683676437475; 
1, -392.74950877099764; 
8, -388.02475272805896; 
11, -369.94682356971316; 
11, -378.2864500116557; 
11, -377.9703951465199; 
11, -370.9556491409894; 
11, -368.60549131326843; 
11, -356.7270453836536; 
11, -381.5638393354602; 
11, -386.05160266405437; 
4, -386.310487890034; 
2, -382.63840309146326; 
2, -384.368939580163; 
1, -385.407053021132; 
2, -380.44653093745; 
1, -389.4114412062336; 
11, -371.54086149134673; 
11, -317.9553364564199; 
11, -324.88792806700803; 
7, -374.90160037658643; 
11, -295.18173134629615; 
11, -343.84821301314514; 
12, -378.73635140957776; 
1, -392.53353036602493; 
10, -368.8217093767598; 
8, -391.2052313074237; 
7, -384.12365662958473; 
10, -382.09571010177024; 
1, -385.26303313777316; 
2, -378.2092920730356; 
11, -343.4902389909839; 
6, -385.0098497987492; 
6, -383.9663789367769; 
11, -356.88836443668697; 
11, -357.58914950175676; 
11, -359.84767660463694; 
7, -376.18328341073357; 
11, -343.46881750784814; 
11, -286.88013475679327; 
10, -385.17253817699384; 
2, -388.597077082959; 
5, -379.47767909197137; 
12, -388.93508443201426; 
4, -398.2292394256219; 
1, -394.04545260895975; 
1, -397.8693550749449; 
3, -398.713953824481; 
1, -390.02949520526454; 
2, -381.6193548704032; 
4, -380.5457174916519; 
16, -387.22675986448303; 
3, -368.2623986246763; 
6, -379.0456368367886; 
8, -335.034046899993; 
2, -389.0645752500277; 
9, -371.94508279208094; 
8, -370.03454410552513; 
12, -381.22763512749225; 
11, -373.8898829136742; 
11, -368.920476983767; 
4, -380.839566586772; 
2, -394.76129969849717; 
11, -353.26349843258504; 
11, -361.3377196296351; 
1, -381.68275304324925; 
12, -377.06525758246426; 
11, -348.3551308461465; 
11, -305.46627184341196; 
11, -314.7501012812136; 
11, -366.99978396634106; 
4, -386.21227460494265; 
6, -371.16851654008497; 
1, -379.8656745131593; 
11, -314.6355545184342; 
11, -336.7127138894284; 
11, -372.8589773820713; 
11, -362.3002584183123; 
11, -302.920022407081; 
11, -322.71593119436875; 
11, -306.51592211565; 
11, -342.4498068410903; 
10, -369.2143784216605; 
11, -308.0315935871331; 
11, -362.9548207616899; 
5, -381.55661792238243; 
2, -383.36539346771315; 
1, -390.79865424952004; 
12, -393.220068340539; 
8, -384.88773632631637; 
5, -382.64658810570836; 
2, -376.4983233110979; 
7, -377.1345752030611; 
4, -415.4456841213396; 
9, -402.17119477980305; 
5, -379.29741832090076; 
1, -384.9735447920393; 
4, -382.42259652656503; 
2, -386.20736593857873; 
3, -378.58486880292185; 
4, -386.1012466601096; 
9, -358.0494749234058; 
7, -351.4537223618245; 
10, -330.67845655977726; 
10, -374.44813311332837; 
8, -373.64485481835436; 
2, -375.2309804368997; 
11, -308.5300442632288; 
11, -341.0173347876407; 
10, -334.61357751779724; 
11, -348.499641501694; 
4, -375.9251150174532; 
11, -388.14902223006357; 
2, -383.7320192620391; 
11, -317.5281766204862; 
8, -358.31706323544495; 
6, -369.69735543592833; 
1, -386.62015475635417; 
11, -346.19795056444127; 
11, -373.19197048875503; 
4, -386.0647935549496; 
13, -389.2365330089815; 
5, -384.5776196565712; 
11, -329.3978932755999; 
10, -313.32439794845413; 
11, -360.8134552979609; 
5, -381.6864468649728; 
11, -363.28615473082755; 
4, -377.134945521364; 
5, -372.29638475948013; 
5, -385.9850127266254; 
2, -385.84645194979385; 
1, -386.64974227768835; 
7, -375.2560550030321; 
11, -339.71459211874753; 
11, -355.5743003755342; 
12, -393.3206732477993; 
2, -389.7337305410765; 
11, -338.58861852507107; 
11, -306.73996132297907; 
11, -311.9874750658637; 
11, -331.6009169088211; 
8, -380.92204685509205; 
6, -372.6048063476337; 
4, -382.3811250887811; 
11, -267.9342994194012; 
11, -334.82723979942966; 
2, -378.25576581421774; 
1, -382.91769346559886; 
2, -379.60042100353166; 
5, -377.0862045340473; 
14, -380.78039863461163; 
4, -363.47906641231384; 
8, -387.4156556476373; 
2, -381.88073311035987; 
11, -302.87186939490493; 
11, -336.63464966311585; 
2, -384.5933916774811; 
4, -378.67452604859136; 
10, -374.47801085875835; 
1, -379.6155157764442; 
5, -378.7238973273197; 
6, -373.3484467396047; 
9, -382.8665908484254; 
5, -377.71803178836126; 
6, -386.4791216287995; 
1, -384.65367412089836; 
3, -375.7011291102972; 
3, -376.42080129194073; 
9, -373.7485167114064; 
7, -386.46656899072696; 
7, -362.0859824089566; 
11, -375.63094106700737; 
10, -287.93278048420325; 
1, -383.4029636072228; 
11, -360.5154267650796; 
11, -362.1887768395245; 
7, -365.0321263978258; 
2, -378.0607213350013; 
2, -379.1200774140889; 
6, -365.4783273147186; 
2, -383.65429678815417; 
11, -327.2539678122848; 
11, -332.56503744306974; 
11, -382.9880395589862; 
11, -330.397182525252; 
11, -364.77590398304164; 
13, -377.5713348945137; 
5, -377.8601103385445; 
6, -375.1663862630958; 
5, -376.53037228481844; 
11, -254.20862726622727; 
11, -338.65565163933206; 
5, -389.8131754520582; 
10, -367.1499352330575; 
10, -351.4310353284236; 
11, -299.2991076760227; 
11, -338.09292089380324; 
11, -320.34214769583195; 
11, -349.6138507669093; 
11, -340.99789135879837; 
4, -380.97241282078903; 
2, -381.64489104400855; 
3, -378.55501254228875; 
7, -366.52313135075383; 
11, -381.5392502879258; 
8, -375.72725541109685; 
11, -368.0452370304847; 
9, -360.1947764288634; 
5, -383.24433884047903; 
1, -388.48391486064065; 
8, -382.07228093524463; 
10, -366.0239035374252; 
2, -378.52292252669577; 
2, -381.4753283006139; 
6, -385.60034426348284; 
1, -382.7039161592256; 
3, -376.82140832883306; 
8, -377.257225418929; 
11, -366.39513290370815; 
1, -379.19305950705893; 
7, -377.9094123803079; 
1, -384.33724952314515; 
8, -354.8659115242772; 
12, -374.00769407174084; 
3, -388.0300753619522; 
1, -396.52579392062034; 
7, -388.6843206875492; 
11, -377.3424845561385; 
1, -384.243957359693; 
1, -384.4948141479399; 
11, -383.107571408269; 
3, -397.97698165115435; 
1, -383.46362865914125; 
7, -388.5045547981281; 
2, -379.1163179331925; 
1, -387.9846664991928; 
11, -310.7213220114354; 
11, -327.3459820020944; 
11, -361.1029171665432; 
11, -346.0475856307894; 
11, -387.0129381301813; 
6, -405.72290819860063; 
11, -404.8275859019486; 
12, -402.25034349923953; 
6, -376.94209988287184; 
7, -397.48724763141945; 
7, -380.5291512074182; 
10, -390.77728286979254; 
4, -404.3307589770993; 
13, -381.35132930998225; 
11, -361.8611108463956; 
11, -372.82378918258473; 
11, -370.8901780056767; 
5, -379.30369474948384; 
5, -378.4297310987022; 
5, -384.76879955397453; 
11, -320.50410698819906; 
11, -299.06128035567235; 
12, -376.25715152174234; 
11, -340.9809306648094; 
11, -328.3033899611328; 
1, -385.4930763877928; 
9, -373.9132468784228; 
11, -381.8644554534694; 
6, -385.9684914209647; 
1, -384.663700529607; 
1, -392.37873389374; 
10, -378.786211354658; 
5, -378.6404276184039; 
1, -386.35627321514767; 
13, -378.3012511895504; 
10, -376.5862945333356; 
2, -390.3100812562043; 
2, -383.5914976397762; 
11, -369.0572024155408; 
7, -367.0744229799602; 
13, -369.9874976850115; 
6, -378.0675326443743; 
2, -380.05560593272094; 
6, -381.871693352703; 
1, -385.6667724828003; 
7, -377.2713282487821; 
2, -374.7968087672489; 
13, -376.0591066448251; 
2, -387.0286473861197; 
2, -377.8439922326943; 
10, -374.4176733994391; 
5, -369.86988606629893; 
8, -393.05863837338984; 
4, -389.20183394593187; 
7, -385.3755574049428; 
2, -398.17479665821884; 
8, -396.61098164948635; 
5, -391.72321221174207; 
1, -385.59756077465136; 
1, -395.337773079169; 
5, -382.55969260726124; 
2, -386.90081047883723; 
7, -384.1090461751446; 
2, -410.81343166262377; 
2, -383.4235149868764; 
9, -369.25384317082353; 
11, -371.2142483370844; 
13, -381.3679181431653; 
13, -372.9884567328263; 
8, -368.5955782511737; 
2, -388.47460709512234; 
8, -370.9157756534405; 
4, -380.51779674494173; 
4, -387.0752745945938; 
2, -378.62187294999603; 
4, -372.1078803529963; 
11, -363.55651730275713; 
6, -386.0203460677294; 
1, -382.42840757162776; 
16, -382.691829507472; 
1, -391.29368791054003; 
12, -391.0416510932846; 
2, -384.4341340176761; 
3, -368.1352081404766; 
10, -378.1719633771572; 
6, -379.2042538196547; 
11, -340.2674759767251; 
11, -355.2023316064151; 
11, -329.92738277395256; 
14, -370.9261918901466; 
11, -354.2522416934371; 
1, -386.273167843814; 
5, -374.9275201788405; 
1, -384.6856827044394; 
1, -387.0178900473984; 
7, -381.9856038757134; 
9, -367.8014545699116; 
1, -388.643288099207; 
2, -384.6263172682375; 
7, -361.2140575071098; 
8, -375.8524304404855; 
8, -372.4811545214616; 
15, -367.03997502161656; 
4, -396.31885500543285; 
6, -407.0215236543445; 
1, -395.8048678187188; 
1, -385.5372877646005; 
12, -370.1597415963188; 
11, -278.5295471716672; 
11, -318.13364982558414; 
1, -384.48689177038614; 
1, -393.9462038705824; 
6, -375.88541821867693; 
3, -377.28203058301006; 
2, -379.3980905896751; 
11, -377.6193602780113; 
1, -378.06127453420777; 
1, -384.8741393062519; 
7, -381.432996469317; 
12, -388.47371606179513; 
4, -375.510350410128; 
2, -379.98340686340816; 
4, -377.1136294663884; 
12, -372.6699133927468; 
1, -385.368736345903; 
1, -394.7055847950978; 
1, -382.4104072531918; 
2, -379.7200965936063; 
11, -304.2885361178778; 
11, -351.73896692169365; 
7, -375.87647900078446; 
11, -359.07250558165833; 
11, -366.19398002768867; 
11, -378.5592789883958; 
11, -361.8443355994532; 
11, -379.25310030952096; 
7, -367.8075522609288; 
2, -378.6011333439965; 
11, -344.90984683984425; 
5, -376.5649291081354; 
11, -373.05464964488056; 
7, -381.1180866480572; 
11, -372.5848261358915; 
7, -374.9805668980116; 
13, -372.1435009702109; 
1, -377.8787677229848; 
6, -370.1916777503211; 
8, -374.90477195277344; 
6, -384.3539787468035; 
2, -372.4318286125781; 
3, -384.96662403887603; 
1, -383.2502094313968; 
9, -383.2795869575348; 
8, -387.886805291404; 
1, -377.9885388552211; 
11, -363.2539882042911; 
1, -383.5672897637123; 
14, -385.3228654845152; 
9, -373.3887985465117; 
7, -373.87015451979823; 
9, -377.05085108068306; 
6, -385.99503359221853; 
1, -388.6151835130295; 
13, -380.5976466042921; 
5, -375.0993953971192; 
2, -381.1019199860748; 
2, -378.1705301972106; 
11, -381.65692722203676; 
11, -375.2331974331755; 
10, -371.69724323635455; 
1, -379.3657321392093; 
3, -380.97444791614544; 
7, -378.9223968430888; 
2, -392.6775767125655; 
2, -383.2714252753649; 
8, -373.07026509277057; 
9, -378.10935937135946; 
3, -379.95320713566616; 
2, -380.6948843727587; 
6, -384.15696739859413; 
8, -376.3862204643665; 
3, -375.8748943491373; 
11, -282.6571389331948; 
11, -303.5587270188844; 
11, -373.7060655578971; 
11, -378.8399084378034; 
11, -378.7369479071349; 
11, -373.0735219392227; 
2, -380.5407554289559; 
11, -365.06408226664644; 
11, -385.2649072466884; 
10, -377.7659804902505; 
2, -383.17612107738387; 
11, -370.3485289220698; 
6, -382.5088636188302; 
4, -378.465934490785; 
7, -384.840322421398; 
3, -377.5304038551403; 
1, -377.3888610393042; 
10, -372.75861724629067; 
1, -385.27602229849435; 
5, -375.1534256323939; 
7, -381.590099937981; 
11, -368.51908737793565; 
11, -370.66316746536177; 
11, -357.9813099192688; 
11, -335.63801942719147; 
11, -357.4458974445006; 
11, -378.7380790048046; 
6, -380.67433733469807; 
11, -373.71116244071163; 
11, -376.16288159333635; 
7, -379.97628329112194; 
1, -390.01586215151474; 
8, -379.34268859250005; 
8, -387.2574322174769; 
11, -379.62848095886875; 
5, -384.5209890555125; 
6, -373.43440396513324; 
5, -380.24801844835747; 
2, -387.9113150346093; 
8, -379.86382046574727; 
4, -377.23947711638175; 
11, -382.1574381220853; 
9, -372.68892019975465; 
13, -383.4295057398267; 
8, -366.9570978733245; 
2, -383.5606831680052; 
