16, -377.4070551143942; 
16, -388.7433251432129; 
16, -394.89900045236277; 
16, -389.9455942290999; 
16, -385.0453536986215; 
16, -382.55166156480254; 
16, -383.3521871566859; 
16, -377.05020942325837; 
16, -382.1316755188486; 
16, -395.26668530326515; 
16, -385.0689695058818; 
16, -378.9483216057233; 
16, -384.2239107120022; 
16, -381.6271973551593; 
16, -380.45008732456245; 
16, -390.2229087556725; 
16, -383.6784714263895; 
16, -377.4561524283563; 
16, -379.1362045952983; 
16, -375.8808263864985; 
16, -374.13175806916297; 
16, -392.7164429695331; 
16, -375.5812166906089; 
16, -380.96843549271944; 
16, -373.9615839362268; 
16, -392.24850939192584; 
16, -367.72596762552166; 
16, -369.7323935223867; 
16, -362.45034635612865; 
16, -374.0080215825983; 
16, -375.11890871654214; 
16, -369.20458552236596; 
16, -381.06761196388834; 
16, -366.1757928220395; 
16, -379.01553985171995; 
16, -365.98908707650844; 
16, -395.62504189070387; 
16, -385.13627154270034; 
16, -383.28823080635084; 
16, -379.32640118304334; 
16, -393.27832547123035; 
16, -378.7442560060226; 
16, -373.28673852865177; 
16, -372.83550133093013; 
16, -386.3840880837852; 
16, -375.84058698816807; 
16, -384.9165202998047; 
16, -383.8407774851148; 
16, -384.13356151950575; 
16, -380.87865017504373; 
16, -391.5488558821053; 
16, -375.2338432847864; 
16, -372.0989736358497; 
16, -386.50363429628123; 
16, -391.5648564251351; 
16, -393.1206728384277; 
16, -389.78867816440834; 
16, -382.41114188407664; 
16, -389.7710486484357; 
16, -391.4347716243101; 
16, -377.0788689072069; 
16, -388.8443140955533; 
16, -394.51025528706305; 
16, -374.1619775578074; 
16, -377.77824516351393; 
16, -378.96228529083237; 
16, -405.3125535356776; 
16, -388.61816302668376; 
16, -378.77814688275976; 
16, -379.5917393690106; 
16, -390.0994419023518; 
16, -373.8528296455479; 
16, -389.3166613988724; 
16, -385.9049136930298; 
16, -380.472227471746; 
16, -371.4870847149432; 
16, -390.3995093679878; 
16, -387.9133622338559; 
16, -392.85818369984554; 
16, -372.2949547115313; 
16, -373.4426085946943; 
16, -379.4914425660136; 
16, -374.9719056408903; 
16, -390.3314269613802; 
16, -385.0700670557271; 
16, -372.3448326829166; 
16, -392.1091275506551; 
16, -392.02080802305136; 
16, -385.87903074588394; 
16, -376.7141111243618; 
16, -397.22088819294004; 
16, -393.81892126738967; 
16, -382.5501952747072; 
16, -370.838667591197; 
16, -379.9076137071024; 
16, -376.84564095277165; 
16, -380.0984981188594; 
16, -387.06848142492527; 
16, -383.29875029430696; 
16, -379.73232945543714; 
16, -389.07692247166415; 
16, -376.2265412759007; 
16, -384.2373998714829; 
16, -382.4697837282147; 
16, -383.3477353691778; 
16, -381.37582966298214; 
16, -387.8578067078124; 
16, -385.17365972419066; 
16, -404.87390470773244; 
16, -390.02280321240687; 
16, -398.0412027115235; 
16, -389.40150586781965; 
16, -391.14815832114255; 
16, -389.88154579542606; 
16, -388.0544761018609; 
16, -383.1597045688177; 
16, -377.95153000613936; 
16, -374.4173679858868; 
16, -381.9968396867698; 
16, -382.7497615807806; 
16, -377.226839500865; 
16, -381.57846465482726; 
16, -385.8382744912451; 
16, -367.14530776855827; 
16, -382.5732889675128; 
16, -374.737308588592; 
16, -379.1684879191598; 
16, -383.9732177173719; 
16, -377.7397876197647; 
16, -378.2361918660172; 
16, -377.0372258234347; 
16, -378.39562922191544; 
16, -376.22776021741447; 
16, -377.1755775066995; 
16, -388.95149957211106; 
16, -395.2762524555437; 
16, -384.5432623105371; 
16, -385.9355178446931; 
16, -395.7364551745195; 
16, -382.8194834686001; 
16, -392.74997193348827; 
16, -379.63365900711506; 
16, -384.2972351877397; 
16, -378.52870052798244; 
16, -376.87735274965235; 
16, -385.93557409664936; 
16, -396.1738460707056; 
16, -385.91764567038626; 
16, -407.61134365934413; 
16, -372.1702771115597; 
16, -371.4722037529791; 
16, -388.02123521979956; 
16, -383.44241952945595; 
16, -398.5826552014987; 
16, -390.55053153687186; 
16, -387.10150577959575; 
16, -389.04418361255375; 
16, -390.5245592743231; 
16, -386.38798726230743; 
16, -371.68167177503346; 
16, -381.09204094800225; 
16, -384.08489248941623; 
16, -385.779681977132; 
16, -384.220152045782; 
16, -376.56481184936274; 
16, -376.52981877311686; 
16, -387.6550581018746; 
16, -389.71403961387114; 
16, -377.2935369134939; 
16, -387.13179833815957; 
16, -373.02780913747847; 
16, -371.72957265957666; 
16, -368.28407684621925; 
16, -373.48265043371066; 
16, -373.48829977480636; 
16, -375.9890496623848; 
16, -378.4451632117125; 
16, -387.4743803242163; 
16, -406.18652642572124; 
16, -383.88145155267557; 
16, -377.82434953266056; 
16, -376.5375672180089; 
16, -389.6004266928212; 
16, -388.03767848930147; 
16, -392.05733299693384; 
16, -376.8071189383045; 
16, -386.9224995454424; 
16, -376.6032990379754; 
16, -387.1707277078822; 
16, -381.6054916437279; 
16, -392.12020381566253; 
16, -379.4536665795167; 
16, -376.96029756916687; 
16, -385.00153939946904; 
16, -387.042310814315; 
16, -379.54473879610305; 
16, -375.5871554548503; 
16, -387.0530997600872; 
16, -389.35122214932926; 
16, -383.89767914960976; 
16, -371.66360698695644; 
16, -380.03429635291104; 
16, -380.57975930742396; 
16, -376.70714063606283; 
16, -379.1413118010678; 
16, -383.45001062125084; 
16, -389.3904729470087; 
16, -384.4564933872025; 
16, -385.5975646006118; 
16, -383.84872039296897; 
16, -377.8126676703396; 
16, -380.3102866495319; 
16, -395.87701471366745; 
16, -367.0432054485136; 
16, -373.51916631007043; 
16, -367.83777616346197; 
16, -357.5439864911459; 
16, -349.5815757245873; 
16, -349.2188080233318; 
16, -357.18675652871025; 
16, -360.9039502288215; 
16, -354.1600392683613; 
16, -354.3047624331957; 
16, -361.9350860702689; 
16, -346.0791718529217; 
16, -333.4110552194761; 
16, -351.07441573785036; 
16, -334.5125403676502; 
16, -410.5467660189752; 
16, -396.7108430371445; 
16, -392.4711358782952; 
16, -383.47107811970636; 
16, -372.74379982253595; 
16, -372.2891726185044; 
16, -350.3672463736002; 
16, -383.19244745706965; 
16, -391.3979700161872; 
16, -382.68591066206864; 
16, -362.8724000502116; 
16, -384.05294143270294; 
16, -350.7767626601417; 
16, -343.896093409945; 
16, -363.9860670501803; 
16, -392.4842577919044; 
16, -395.7133050053817; 
16, -394.39680637231504; 
16, -407.3286040218518; 
16, -381.836187737601; 
16, -389.49839137918025; 
16, -397.10514017098467; 
16, -391.7118591093167; 
16, -392.4621062768856; 
16, -388.47435024792503; 
16, -385.3054395097279; 
16, -391.48108398720797; 
16, -392.43935650411004; 
16, -388.4770062563766; 
16, -394.9235296555271; 
16, -388.3940022478928; 
16, -397.04273151725647; 
16, -397.290371792682; 
16, -387.32802473701304; 
16, -388.93608741545177; 
16, -390.38957416419; 
16, -382.4843560662266; 
16, -384.6671609957848; 
16, -383.05786180263385; 
16, -380.587785096679; 
16, -384.49217756192957; 
16, -396.33558133558836; 
16, -398.822218714733; 
16, -376.7805013080506; 
16, -381.69510713857017; 
16, -385.46738510050636; 
16, -384.2604706862912; 
16, -373.96592427193536; 
16, -384.18427650535887; 
16, -375.9206773715705; 
16, -385.82055914650846; 
16, -392.2460928768123; 
16, -386.6107914709428; 
16, -379.2884071127046; 
16, -393.11551415010763; 
16, -393.7272144054732; 
16, -377.1714602209249; 
16, -381.7031702240638; 
16, -381.521224759068; 
16, -388.56958116663736; 
16, -398.7377084733598; 
16, -384.1848350657965; 
16, -385.2463635793101; 
16, -386.9973783957248; 
16, -386.01990130281774; 
16, -390.8081744823139; 
16, -388.9108841311245; 
16, -392.8595709297806; 
16, -385.47398931391945; 
16, -397.07634274875454; 
16, -374.8475647414307; 
16, -380.29381370716146; 
16, -389.7956197895837; 
16, -391.1084992758115; 
16, -393.9727985397185; 
16, -393.5396894154401; 
16, -386.13969138625544; 
16, -387.72026686665777; 
16, -383.4827761865308; 
16, -393.0450678887137; 
16, -401.37399786376045; 
16, -375.4401290594833; 
16, -396.66952554517775; 
16, -383.64979522352223; 
16, -377.7381798155111; 
16, -371.51778783743794; 
16, -352.8435191335884; 
16, -387.86213341767143; 
16, -387.1266341544688; 
16, -375.03916841428145; 
16, -383.4136202723457; 
16, -363.42158205581654; 
16, -396.0490070669766; 
16, -368.8111617312388; 
16, -379.4379193243367; 
16, -376.55386321860715; 
16, -384.08423123335524; 
16, -384.2813192901667; 
16, -385.71809071625466; 
16, -381.918719312569; 
16, -378.5698273008602; 
16, -397.57952586164174; 
16, -391.2316188771947; 
16, -375.0512241964025; 
16, -382.20114913600264; 
16, -383.11296356459206; 
16, -387.7719023880636; 
16, -385.40824974632415; 
16, -384.868102995737; 
16, -363.987315615188; 
16, -400.01330560866336; 
16, -385.40014962284476; 
16, -389.14858107751934; 
16, -387.766492229086; 
16, -378.10060100366536; 
16, -389.6047758475179; 
16, -376.1739782913937; 
16, -380.29165700051817; 
16, -379.7569488050358; 
16, -387.6894563732203; 
16, -378.9068543238682; 
16, -392.7290072318865; 
16, -377.5410231615533; 
16, -383.228335435997; 
16, -401.4762821504846; 
16, -387.0512509002874; 
16, -375.5180045357847; 
16, -385.8405535747297; 
16, -370.40633540280396; 
16, -385.2169065185881; 
16, -385.690174249321; 
16, -376.57074153769645; 
16, -380.2035067411198; 
16, -377.7174999289564; 
16, -470.4877083498868; 
16, -416.2803285563423; 
16, -416.06727338497876; 
16, -402.00223667320097; 
16, -408.72375089040725; 
16, -415.1114128372574; 
16, -391.79150392397423; 
16, -416.4787785060762; 
16, -372.770038867573; 
16, -381.69655181845883; 
16, -371.58962751278887; 
16, -387.32453500514384; 
16, -382.4043660799507; 
16, -395.65149218554143; 
16, -391.1617316440679; 
16, -393.87262230104534; 
16, -388.25231027428526; 
16, -391.98401467246003; 
16, -377.49227423174307; 
16, -375.9390141083568; 
16, -379.0894040684798; 
16, -385.31142945186; 
16, -381.7348427566758; 
16, -396.68216153772664; 
16, -388.68426330277; 
16, -391.02472701648367; 
16, -385.250687611755; 
16, -386.914168252144; 
16, -389.1218576070387; 
16, -387.5523628114024; 
16, -385.4753896209295; 
16, -390.22263429683517; 
16, -384.7698821062804; 
16, -383.54428516313783; 
16, -389.8870400043379; 
16, -380.24061097597587; 
16, -379.652919467655; 
16, -380.0182405070809; 
16, -373.410149768868; 
16, -377.1699869958393; 
16, -377.1946006961516; 
16, -377.32368869220954; 
16, -376.33589430784923; 
16, -368.8464702492929; 
16, -374.045986959507; 
16, -378.84649459351203; 
16, -372.2588312852313; 
16, -366.2192456351477; 
16, -382.3561439171317; 
16, -379.990516002581; 
16, -377.1265044583415; 
16, -384.01489787883474; 
16, -371.7849935418635; 
16, -382.1765937411983; 
16, -378.9905201261281; 
16, -380.98686922556954; 
16, -379.39283541191253; 
16, -380.7035094045568; 
16, -396.1324330373318; 
16, -377.0093103905383; 
16, -378.5791275417432; 
16, -376.67302259776625; 
16, -387.5812638902571; 
16, -397.45619991389685; 
16, -383.7266706758237; 
16, -378.8832779006625; 
16, -386.0357039425289; 
16, -391.98699113490875; 
16, -397.74860145599814; 
16, -384.9357089730329; 
16, -389.8366649732634; 
16, -377.0046226508566; 
16, -382.97956951282686; 
16, -373.1642930926755; 
16, -383.32113368902355; 
16, -390.3961020175775; 
16, -380.14902369407355; 
16, -381.0533638826164; 
16, -393.03502377000405; 
16, -397.5979244852788; 
16, -372.3388582743355; 
16, -381.48906819638796; 
16, -377.74590109533165; 
16, -385.3412404077826; 
16, -380.672108038998; 
16, -382.26241511889384; 
16, -390.10918479648535; 
16, -348.32299553824123; 
16, -390.51075072636013; 
16, -404.430223910691; 
16, -375.86845467219246; 
16, -386.2617987715348; 
16, -380.6700633332657; 
16, -394.8711502076185; 
16, -372.7734894984169; 
16, -381.2734066063713; 
16, -389.41857294840156; 
16, -382.5843842824397; 
16, -387.1557308565243; 
16, -382.1744896939781; 
16, -380.6280932940426; 
16, -381.3239939312334; 
16, -382.14732866038685; 
16, -381.0803638014768; 
16, -380.17370464027044; 
16, -385.6035281737277; 
16, -376.67400084692053; 
16, -378.0836875908426; 
16, -367.8744006626948; 
16, -367.5718876470055; 
16, -388.2021698714816; 
16, -386.2621219737048; 
16, -388.9523925725953; 
16, -372.11286122733145; 
16, -366.3253568734508; 
16, -395.170407797792; 
16, -385.0415222942829; 
16, -390.84011482744245; 
16, -378.1713791419752; 
16, -381.08201615244616; 
16, -400.00615793283214; 
16, -380.1505224528664; 
16, -385.78547958660056; 
16, -376.7083680987125; 
16, -389.41447947575944; 
16, -349.4340683268383; 
16, -375.06735241317074; 
16, -379.50313677213853; 
16, -389.8553092874936; 
16, -381.3665493829758; 
16, -400.2105305455043; 
16, -382.32179838619777; 
16, -378.68880548950983; 
16, -378.3346408283396; 
16, -388.85811423449195; 
16, -379.43065463993116; 
16, -380.2973411337298; 
16, -386.39230139466235; 
16, -386.7293247116322; 
16, -380.8774290383444; 
16, -381.7620553880115; 
16, -383.08768630516715; 
16, -385.30873804699513; 
16, -389.2259702459851; 
16, -387.17546487718937; 
16, -390.29834718914935; 
16, -389.866246456455; 
16, -395.14300393513986; 
16, -376.89565835142275; 
16, -390.4748920748243; 
16, -395.35585091653047; 
16, -376.5325448711519; 
16, -363.11207347983145; 
16, -374.50133469176944; 
16, -388.5618466840533; 
16, -385.2566850568983; 
16, -365.56903122595395; 
16, -381.86774965561926; 
16, -379.68025297267013; 
16, -391.6999949873716; 
16, -397.1171387441864; 
16, -405.76106223417446; 
16, -360.188224350597; 
16, -393.013053490693; 
16, -406.2049546917551; 
16, -390.98782338172896; 
16, -408.4997501487378; 
16, -425.6309239855327; 
16, -411.0768757938349; 
16, -421.8489738946082; 
16, -422.3690353764978; 
16, -428.8088246413972; 
16, -437.4827648951032; 
16, -443.4221978279529; 
16, -428.4717232515977; 
16, -425.1975410167943; 
16, -420.28799964190694; 
16, -421.96711247219355; 
16, -419.71918393234955; 
16, -400.9336646598822; 
16, -391.07535808710963; 
16, -391.08954103157157; 
16, -387.4523962068488; 
16, -401.7871835271071; 
16, -385.1992629400047; 
16, -388.86960799223743; 
16, -382.28188730592956; 
16, -379.28507456806256; 
16, -378.83823608068633; 
16, -381.36754233570537; 
16, -382.83987030628487; 
16, -382.4238899749471; 
16, -379.98445668513887; 
16, -390.9001377519162; 
16, -390.6376859652228; 
16, -382.27642678504344; 
16, -392.5168604697392; 
16, -395.7332716239034; 
16, -384.6802461432235; 
16, -384.95366140658734; 
16, -387.6774810580537; 
16, -382.5236308244057; 
16, -382.17430480988696; 
16, -386.36306922501535; 
16, -388.9766486588924; 
16, -364.94831363915; 
16, -389.1849839450733; 
16, -385.41775314480765; 
16, -390.87337358953664; 
16, -391.2777894610481; 
16, -379.45355698786443; 
16, -377.32891409358126; 
16, -377.7155763092451; 
16, -375.7510646226874; 
16, -379.08589582215063; 
16, -375.9376945246768; 
16, -384.8675288219529; 
16, -357.9986805243534; 
16, -385.52358438418014; 
16, -386.85001239323174; 
16, -388.63963973740465; 
16, -388.38279405026697; 
16, -387.76901913282927; 
16, -385.2732369789155; 
16, -399.357828073611; 
16, -378.2607226696273; 
16, -387.6006442560174; 
16, -383.3038981532736; 
16, -380.9855314280139; 
16, -385.17638985146186; 
16, -380.2773803798191; 
16, -370.4440748837951; 
16, -379.7730417320272; 
16, -365.37339884616085; 
16, -373.51935447735013; 
16, -386.5801662506128; 
16, -386.9887729680049; 
16, -369.1003309567168; 
16, -387.79649607185274; 
16, -389.38821717645624; 
16, -377.2333683099132; 
16, -393.3201116412529; 
16, -375.56218206410995; 
16, -380.4017012458062; 
16, -374.68207914283266; 
16, -385.5635805117199; 
16, -392.8940954275022; 
16, -387.4593489568506; 
16, -398.2982532828755; 
16, -378.40687627720763; 
16, -386.89006586538744; 
16, -386.0955653976125; 
16, -382.39362611659453; 
16, -378.4885204511229; 
16, -378.5254192962602; 
16, -363.55012805681326; 
16, -366.12947514263215; 
16, -380.72097923545516; 
16, -381.5667727518885; 
16, -387.0823469386378; 
16, -370.7374238037737; 
16, -381.53703460650286; 
16, -389.8429419420718; 
16, -395.41434130154084; 
16, -384.02334290285944; 
16, -385.98441510720295; 
16, -381.58063686903915; 
16, -382.97015388219734; 
16, -383.7874766669993; 
16, -378.00845256462344; 
16, -370.24549355730414; 
16, -381.65738415168016; 
16, -390.88534235485713; 
16, -380.93836626718985; 
16, -366.5367292333103; 
16, -386.12320133979665; 
16, -372.33316640066914; 
16, -389.8109118810098; 
16, -368.90901153787854; 
16, -373.08860769917374; 
16, -362.2109525577107; 
16, -366.35979365956155; 
16, -375.03386180850794; 
16, -363.7374360181857; 
16, -395.9110951459734; 
16, -384.46397989129764; 
16, -361.66837263523485; 
16, -372.00024035418755; 
16, -373.78007439282374; 
16, -381.77282103098696; 
16, -374.641757847945; 
16, -380.3596355090267; 
16, -384.02354876321624; 
16, -385.5264682251145; 
16, -375.919790779124; 
16, -381.184436039679; 
16, -378.5317523396516; 
16, -377.49666713300394; 
16, -376.51698711616336; 
16, -392.75159860783606; 
16, -386.65347399530583; 
16, -391.59498769260244; 
16, -388.08323936961824; 
16, -385.2133614825725; 
16, -389.175909675163; 
16, -398.77931718732; 
16, -398.3601806318911; 
16, -390.08301671233494; 
16, -379.7638263126719; 
16, -387.5749953893828; 
16, -384.5741055542021; 
16, -389.64165017253254; 
16, -366.0054361393559; 
16, -375.8875944125466; 
16, -341.76794674625853; 
16, -381.515815892315; 
16, -389.6513557235594; 
16, -387.77088536767405; 
16, -388.07212366952444; 
16, -379.51403424463933; 
16, -382.3903084829217; 
16, -372.64578339480795; 
16, -396.9935446503805; 
16, -368.78481099160854; 
16, -386.4115707933088; 
16, -386.9378146950621; 
16, -375.4283338764217; 
16, -384.19910861202516; 
16, -379.0097265083459; 
16, -377.7367358523188; 
16, -377.6948324320838; 
16, -388.82399260031525; 
16, -384.36148432304617; 
16, -386.7885027359007; 
16, -384.1098427638062; 
16, -390.0352458744892; 
16, -375.8050857378985; 
16, -375.55485650198534; 
16, -390.4844724384602; 
16, -377.8303154621972; 
16, -374.9356044153101; 
16, -366.4975514852558; 
16, -375.0703082236578; 
16, -387.39531251142034; 
16, -376.88502089254325; 
16, -380.9978324844851; 
16, -374.5328846956836; 
16, -375.1260710913921; 
16, -387.54395679943264; 
16, -372.58264714456163; 
16, -373.5692505625193; 
16, -386.8954558863188; 
16, -432.4459973605117; 
16, -410.00333538802806; 
16, -402.9678390103509; 
16, -398.41671858972404; 
16, -397.67782287468435; 
16, -391.4542676511919; 
16, -390.45128292869776; 
16, -381.4741525714053; 
16, -393.7789795800927; 
16, -382.87217503611464; 
16, -388.60571267962223; 
16, -390.1414801965584; 
16, -396.52741038094973; 
16, -377.15938566904515; 
16, -390.33448266715277; 
16, -386.5833029166097; 
16, -385.0366610776982; 
16, -385.6616222236771; 
16, -383.93439529120224; 
16, -390.52383126853965; 
16, -383.4385118362261; 
16, -365.7596790997777; 
16, -387.7306379993679; 
16, -380.52076472726185; 
16, -394.6413522688672; 
16, -377.89089006284485; 
16, -371.607510305068; 
16, -364.1483252000762; 
16, -380.5836343569681; 
16, -384.595312136109; 
16, -378.0868839750183; 
16, -390.97284537384985; 
16, -364.772142252943; 
16, -379.8388929979992; 
16, -375.31097263121046; 
16, -383.19869116076734; 
16, -384.90824641718064; 
16, -397.26231829222525; 
16, -412.399980136659; 
16, -408.88307234219974; 
16, -409.80606556491693; 
16, -412.82495820714394; 
16, -396.09931148256874; 
16, -420.1229886931833; 
16, -398.725937665673; 
16, -406.0490840692655; 
16, -398.15994916518684; 
16, -396.6775221938733; 
16, -379.9428612514166; 
16, -387.3784082030179; 
16, -364.4912597666844; 
16, -384.09199062822154; 
16, -377.48790131602436; 
16, -391.23804745078087; 
16, -387.3232988193049; 
16, -388.64022124611074; 
16, -384.7432316066115; 
16, -385.7796207643696; 
16, -387.51631969050504; 
16, -386.90940914995736; 
16, -384.797578861122; 
16, -385.94529893179424; 
16, -376.9569732454256; 
16, -382.4580985890934; 
16, -383.0528977473732; 
16, -375.4107116641826; 
16, -370.21034938370576; 
16, -371.7068646598491; 
16, -374.1467269276036; 
16, -378.73771735752234; 
16, -366.66500612325035; 
16, -379.73230158007937; 
16, -364.346841221035; 
16, -390.5725396525231; 
16, -388.83277032367187; 
16, -386.2937757031177; 
16, -388.52038406569045; 
16, -382.9180143381236; 
16, -368.27969999302877; 
16, -392.4824590252829; 
16, -382.66263862955384; 
16, -376.07465036655776; 
16, -376.3883255231776; 
16, -393.078597355634; 
16, -385.6905514554237; 
16, -384.3921541614109; 
16, -382.66515564278234; 
16, -379.6971066163387; 
16, -385.2479450209066; 
16, -382.6789974250132; 
16, -395.15336236701114; 
16, -383.40738856612006; 
16, -368.58571395860054; 
16, -389.7021543086739; 
16, -383.2633643502486; 
16, -384.65088607621146; 
16, -378.3519104280276; 
16, -376.9486278796103; 
16, -391.06364939996274; 
16, -376.84806026599836; 
16, -374.9684609142132; 
16, -374.68085282400716; 
16, -375.7163637378253; 
16, -370.10327662399504; 
16, -384.8828942163964; 
16, -389.7373699583695; 
16, -394.9477793209371; 
16, -387.5943815555074; 
16, -380.840035490226; 
16, -388.70620295009576; 
16, -395.4835070136469; 
16, -382.85926434688736; 
16, -392.58102413249435; 
16, -380.77952448808355; 
16, -387.8324586682138; 
16, -384.71358237590175; 
16, -391.139646059426; 
16, -377.31994035991374; 
16, -388.1074463525438; 
16, -403.26132985868026; 
16, -422.93472050863784; 
16, -395.44615922740195; 
16, -410.8749198463047; 
16, -400.3177727398579; 
16, -416.32346466282615; 
16, -418.8818891461706; 
16, -388.59567594807595; 
16, -412.27407762396615; 
16, -396.25705182063393; 
16, -393.7042309328099; 
16, -387.6805925106746; 
16, -377.4732399247587; 
16, -368.5134841518011; 
16, -382.0503343921155; 
16, -376.32418079325; 
16, -374.37742863129824; 
16, -368.0772004025639; 
16, -378.8485346652451; 
16, -384.9641865423182; 
16, -374.9469692244893; 
16, -377.08349895558786; 
16, -386.1505396803841; 
16, -375.062077932409; 
16, -383.05289325333433; 
16, -381.5250319932238; 
16, -377.5079960669391; 
16, -381.35574673162773; 
16, -376.0249141821987; 
16, -383.14748251240235; 
16, -372.3357975301333; 
16, -365.8834427577094; 
16, -383.5179948454024; 
16, -379.05720600881614; 
16, -382.6335499829147; 
16, -385.020301344397; 
16, -382.1800866172416; 
16, -379.5368368534255; 
16, -383.0457848396036; 
16, -369.3598575613578; 
16, -360.29019542923197; 
16, -370.2976242598379; 
16, -384.0647935476154; 
16, -382.32429426541785; 
16, -372.6500037012738; 
16, -379.70692350604804; 
16, -387.58222715667216; 
16, -380.1496188642923; 
16, -389.19334968115436; 
16, -379.0012631645077; 
16, -373.0242341046687; 
16, -376.55663061793894; 
16, -387.3771169707179; 
16, -385.2149830586277; 
16, -395.99615471437573; 
16, -399.859773182543; 
16, -412.0308062444674; 
16, -381.69713853270514; 
16, -371.7786955786287; 
16, -374.780721305171; 
16, -416.30550674383994; 
16, -403.093608699739; 
16, -406.61053243430797; 
16, -388.3465089467354; 
16, -388.8778107361868; 
16, -395.1920485809096; 
16, -381.61813183757477; 
16, -394.3728485076572; 
16, -380.8036814047373; 
16, -390.0235580751323; 
16, -395.77520504326094; 
16, -380.1099906951422; 
16, -388.6510350339813; 
16, -377.83221409702674; 
16, -385.0797641695244; 
16, -372.10743262135657; 
16, -378.768817203294; 
16, -380.8750719827949; 
16, -365.5281916731619; 
16, -340.93408739659935; 
16, -395.69070321833715; 
16, -387.6582026698161; 
16, -375.14991867291974; 
16, -371.65746445732657; 
16, -374.8263413023087; 
16, -374.4018681998714; 
16, -391.15464380953927; 
16, -375.41077929834137; 
16, -378.0595492182765; 
16, -385.95156457758276; 
16, -376.2912251376547; 
16, -372.41139231814304; 
16, -371.59334815782495; 
16, -368.5763448760845; 
16, -380.7839387342101; 
16, -374.10129919688916; 
16, -371.35227211541496; 
16, -365.73792930255877; 
16, -362.3461831434397; 
16, -359.23090708628297; 
16, -386.9425162287662; 
16, -389.60350579506485; 
16, -385.74865279212827; 
16, -377.355552507448; 
16, -385.3027278832742; 
16, -377.69022941373987; 
16, -378.79374168114737; 
16, -377.80489863746334; 
16, -396.27815785090206; 
16, -384.20143243286293; 
16, -384.60983938042773; 
16, -374.6136157515575; 
16, -387.2354890037095; 
16, -395.2530226187082; 
16, -394.1310395161854; 
16, -379.02052433183417; 
16, -395.9853353516082; 
16, -397.57822285586735; 
16, -381.6607534569921; 
16, -394.2876151850214; 
16, -392.41023644036613; 
16, -387.1261122445576; 
16, -381.26726645213785; 
16, -390.72516866307706; 
16, -373.9124960330082; 
16, -395.60898251557956; 
16, -372.8877556271618; 
16, -380.5321491289069; 
16, -372.8499237358337; 
16, -378.69493546523154; 
16, -379.0139846429229; 
16, -375.0080879369052; 
16, -379.26551416818984; 
16, -375.06375796801876; 
16, -384.0092989895493; 
16, -372.4829319753917; 
16, -356.7413069450413; 
16, -343.01783653651364; 
16, -343.3085908470093; 
16, -345.55036398023367; 
16, -339.6739454277558; 
16, -338.63119351281784; 
16, -351.29917984246276; 
16, -333.90217177942395; 
16, -326.4397675351356; 
16, -316.3738235363853; 
16, -295.9464853692334; 
16, -301.865562643914; 
16, -310.5856943401159; 
16, -282.70101192058064; 
16, -300.9848214998492; 
16, -317.7046887195902; 
16, -290.90692083904287; 
16, -309.6945846688468; 
16, -374.32965119282017; 
16, -339.3638292636024; 
16, -324.06542607973097; 
16, -298.96897956286557; 
16, -300.90348922723206; 
16, -295.6594385160133; 
16, -282.4155719993287; 
16, -357.382223795983; 
16, -376.10844041692326; 
16, -339.3389610390295; 
16, -334.44706174900057; 
16, -381.71935700654285; 
16, -392.69534615258453; 
