16, -356.29901592598844; 
16, -405.6677962385835; 
16, -365.4822574098422; 
16, -374.2475129303575; 
16, -375.1007064870139; 
16, -392.7652815817337; 
16, -384.0019971700144; 
16, -376.53433571871847; 
16, -394.39955271337794; 
16, -384.25843582258995; 
16, -371.85289888525176; 
16, -384.4104628413543; 
16, -375.9176525993744; 
16, -395.4657719663737; 
16, -380.58427204279633; 
16, -396.46280289057904; 
16, -387.0864143601202; 
16, -383.0805066266548; 
16, -396.0336051589393; 
16, -370.92077632114524; 
