1, -377.4061568488635; 
1, -388.57077382302657; 
1, -391.49696647789585; 
1, -389.54085227721066; 
1, -385.02650023415435; 
2, -382.55160411626593; 
1, -383.35077676282117; 
2, -377.0483518740375; 
1, -382.1315097375996; 
1, -395.266651591608; 
2, -385.0687247361234; 
2, -378.9477863528173; 
1, -384.2238979822405; 
2, -381.6240747594502; 
2, -380.4478437038333; 
2, -390.22027545454785; 
2, -383.6346594658471; 
1, -377.4541907016246; 
1, -379.13565695004763; 
1, -375.88040948011076; 
2, -374.08276094647954; 
1, -392.7134425787335; 
1, -375.5807316470673; 
1, -380.96827653480796; 
2, -373.94990087774204; 
2, -392.22293705593256; 
2, -367.69517489943973; 
2, -369.481308524666; 
1, -362.4426098952754; 
2, -373.7532888212936; 
2, -374.8654914171693; 
2, -368.9541786263326; 
2, -379.8761843862485; 
1, -365.9927902838226; 
2, -377.947074988655; 
1, -365.87982716633087; 
2, -395.14090490799026; 
2, -384.4629236091623; 
2, -382.97690727914414; 
1, -378.8517851536435; 
2, -393.1742344813647; 
1, -378.2576891913923; 
2, -373.23929144741487; 
4, -372.8354985611186; 
2, -386.3819363460607; 
1, -374.7269433493493; 
1, -382.57763467889527; 
1, -383.45727576098943; 
1, -383.36136443044234; 
2, -380.3698648462996; 
1, -389.0189442772644; 
2, -375.01318356678894; 
2, -369.16225437638786; 
2, -386.31969880355973; 
1, -390.5382545548746; 
1, -392.82068137308306; 
1, -386.5121289300296; 
1, -381.3757776575949; 
1, -388.4287326554586; 
2, -390.7446445018322; 
2, -376.804424083537; 
2, -387.86147445590905; 
8, -394.5091246311713; 
2, -373.94449806794; 
1, -377.20086621682276; 
9, -378.95801361652775; 
1, -401.8760257489157; 
2, -387.9326482351353; 
4, -378.7522405055752; 
1, -377.0349405329798; 
1, -388.29187788684067; 
2, -373.7043362333534; 
1, -388.8611128076918; 
2, -385.8104638038567; 
2, -380.4117077923838; 
2, -371.2619377177434; 
9, -390.3818248710486; 
2, -387.90597472610534; 
9, -392.83191105162405; 
3, -372.1782893130221; 
1, -373.23974906238436; 
9, -379.4691205877716; 
3, -374.9168802133354; 
1, -390.2793568510315; 
1, -382.81340839339464; 
2, -372.32082134530356; 
2, -392.1064418307651; 
2, -392.01870998532104; 
3, -385.8782371006164; 
3, -376.71299690822343; 
1, -396.0691322636194; 
3, -393.8184730577923; 
2, -382.5501043066615; 
2, -370.83859289445536; 
1, -379.8287616986854; 
1, -376.84411004676804; 
1, -379.6386138137823; 
3, -387.06786055475095; 
2, -383.2986069849867; 
1, -379.61744654973154; 
1, -381.6106255233972; 
2, -376.22645272282534; 
2, -384.23738913720445; 
1, -381.1579710312071; 
2, -383.3477251725344; 
2, -381.37577608146967; 
2, -387.8577886836647; 
3, -385.1736292225687; 
1, -400.7136142853924; 
3, -390.02270912782114; 
9, -398.0411753396911; 
2, -389.401440210444; 
3, -391.14810999015754; 
1, -389.84395127839525; 
3, -388.05441933189286; 
3, -383.15967930175975; 
3, -377.9513277121805; 
7, -374.4173536613671; 
3, -381.99670816281287; 
3, -382.74958462264476; 
3, -377.22662821349513; 
3, -381.5764875199093; 
2, -385.8381624978938; 
3, -367.1449733403351; 
2, -382.5732834655937; 
3, -374.73582543780503; 
3, -379.16803480818635; 
3, -383.97303930251655; 
3, -377.73916327171173; 
3, -378.23457332302496; 
3, -377.035497583478; 
3, -378.392405737417; 
3, -376.22730197571946; 
3, -377.17284088014276; 
1, -387.05274991260376; 
3, -395.2705543715638; 
3, -384.5130808347094; 
2, -385.934020346358; 
3, -395.6825730830533; 
3, -382.52660950255813; 
3, -392.46020525850327; 
3, -379.33818004359637; 
3, -383.8524951072177; 
2, -378.5219502202526; 
3, -376.2879631663309; 
3, -385.25083602865925; 
3, -396.01926447798905; 
2, -385.3765374923096; 
3, -407.4862480645461; 
10, -372.11852404041565; 
11, -371.45948519546073; 
3, -387.49168499728694; 
9, -383.1592047409358; 
11, -398.5473574058924; 
8, -390.28989495256974; 
7, -386.3421050660909; 
7, -388.7693885482513; 
1, -387.92973456875916; 
13, -386.38789635151625; 
6, -371.25998405370774; 
3, -379.69852794499457; 
3, -383.39513655879273; 
6, -382.97770745930757; 
11, -384.20875150504435; 
2, -375.28882172464364; 
4, -375.6387126570553; 
1, -382.52600909869943; 
1, -383.09629922495515; 
1, -375.7162800395381; 
1, -384.5980682826994; 
4, -371.89608098241297; 
9, -371.678914288801; 
8, -368.1989458733151; 
3, -373.15795268020884; 
7, -373.4176572299184; 
11, -375.9840958996356; 
11, -378.13579120977374; 
7, -386.32018864830025; 
8, -405.9159503984556; 
10, -383.83311310272256; 
7, -377.6770323971141; 
6, -376.3193272965291; 
1, -387.4644421217672; 
1, -386.9045046003157; 
12, -392.0379689534602; 
10, -376.75182089775626; 
1, -386.1879083906242; 
7, -376.2718071936688; 
11, -387.13855463429354; 
1, -380.14185980490583; 
2, -387.4700335983507; 
11, -379.38236692549253; 
10, -376.8930282459478; 
4, -382.56422256641963; 
12, -387.04077313802554; 
8, -379.1401025923842; 
9, -375.45789053726185; 
1, -379.3691133737593; 
1, -383.8510593820829; 
6, -383.42750869100564; 
10, -371.6462810142839; 
3, -379.6188846122386; 
3, -379.76907310618844; 
9, -376.6358521996299; 
9, -378.82223273407726; 
3, -381.5332410110277; 
1, -383.62599835124274; 
4, -384.3238162337075; 
9, -385.52355735280435; 
9, -383.8333147484227; 
3, -377.55003470189695; 
8, -380.1481602420681; 
8, -395.62962974084076; 
10, -367.0122993570985; 
10, -373.4684713457973; 
11, -367.40680127532687; 
10, -357.239785201833; 
10, -349.0781179569749; 
10, -349.0886927978718; 
10, -356.61648433729715; 
11, -360.8981536361971; 
8, -353.8505983629875; 
8, -353.7538526227145; 
9, -361.7789163224079; 
10, -345.8969510322495; 
10, -333.2185883659404; 
12, -351.01833747800265; 
12, -334.47441835516656; 
2, -399.976107145063; 
8, -396.12457538722083; 
4, -391.15175296308007; 
11, -383.2055299881904; 
11, -372.6737779360701; 
10, -372.058400781214; 
11, -350.17208332817245; 
10, -382.9519656365592; 
10, -390.58269919190207; 
10, -382.42801605784916; 
11, -362.6345517347654; 
9, -382.8615671312582; 
10, -350.6849164790183; 
10, -343.0733298949199; 
9, -362.7391066883283; 
3, -387.71663001824345; 
3, -392.6159251683421; 
4, -385.45272845373256; 
3, -401.24494425223384; 
11, -381.8227190937032; 
6, -384.90808266932436; 
3, -395.0092697919463; 
2, -390.048480293437; 
4, -388.3065308627265; 
7, -381.17495153272466; 
8, -384.92623829039803; 
2, -385.72159820006345; 
1, -385.6815321035974; 
2, -382.9497022615542; 
3, -392.5337006892514; 
10, -388.29442113786354; 
1, -396.6646868435637; 
1, -385.779955598322; 
7, -385.0918921224511; 
5, -382.86042630745214; 
1, -388.4901824929693; 
3, -379.37448845943436; 
3, -380.3947126973799; 
2, -378.9648479030293; 
6, -378.5816916292242; 
10, -384.4380990448408; 
2, -391.4142887692433; 
4, -391.68328061694046; 
5, -372.37191111431457; 
5, -377.8402005108801; 
1, -383.4493733671843; 
7, -380.82573700882494; 
10, -373.58433229981165; 
2, -382.37385447946144; 
8, -375.3820249806013; 
3, -383.3391197863093; 
1, -386.6910187680187; 
4, -380.0307189206651; 
1, -377.0711297484668; 
1, -387.8335683530313; 
4, -391.19163199742616; 
7, -375.8886105529382; 
5, -376.86463238374563; 
7, -377.7173557748174; 
2, -382.5229195301363; 
2, -390.6052723618486; 
2, -382.23247757490026; 
7, -381.8087719195901; 
2, -382.5931755669735; 
1, -384.0699155895127; 
1, -384.529590207836; 
2, -380.4772909628373; 
1, -382.03183717341744; 
6, -381.7391495240008; 
1, -386.523487499624; 
8, -373.7603084810835; 
5, -374.0142955741612; 
2, -382.08324222257943; 
2, -385.5007501206128; 
3, -388.85656490304973; 
2, -383.38017752712767; 
2, -382.58256831843755; 
6, -386.26584508182714; 
2, -380.8986089076352; 
3, -389.43664828914916; 
2, -392.4252222947689; 
10, -375.3312817747501; 
5, -390.8305726450635; 
2, -379.21564516109356; 
3, -374.56508954730816; 
12, -371.5078209401836; 
11, -352.779214681359; 
5, -386.125045462657; 
2, -382.25142053300806; 
11, -375.0254490200605; 
11, -383.34779750595044; 
10, -363.1628115668427; 
4, -383.1786628845002; 
9, -368.43381924409186; 
5, -374.55660921661183; 
8, -376.2932653268508; 
7, -382.4656310109858; 
2, -380.4415110550617; 
12, -385.7006855748914; 
2, -379.38059393665753; 
2, -376.6257403776399; 
3, -381.77652095277153; 
1, -382.36887785739964; 
11, -375.02800592921267; 
4, -378.15444551092514; 
4, -377.12167207962193; 
2, -380.2637719384802; 
2, -380.55619641012163; 
8, -384.5951729346125; 
3, -363.3947038531187; 
2, -388.70543979210197; 
2, -376.6819613345724; 
1, -380.67598279140657; 
2, -380.8901145525015; 
2, -376.7367707416124; 
1, -384.2636914268369; 
4, -372.71472689625807; 
6, -377.62850877287565; 
13, -379.7547287203197; 
2, -386.77976569745806; 
10, -378.7057112751936; 
1, -378.10465204753564; 
6, -375.9988523062202; 
2, -381.3623768474208; 
1, -394.7860031616001; 
1, -383.61349175916985; 
10, -375.4068204823416; 
1, -382.8000418423035; 
4, -365.7435575121199; 
2, -383.21253767909366; 
3, -384.0379091941286; 
9, -376.2261784891307; 
3, -375.5523997945129; 
3, -377.51700966685894; 
4, -461.004966361681; 
8, -416.07099206894054; 
4, -406.99992302048486; 
8, -399.5211990866228; 
3, -398.1513330214075; 
2, -403.62295751515194; 
2, -386.8751022842189; 
4, -403.63359795935685; 
8, -372.3801742582291; 
4, -381.38783030892955; 
3, -370.2477920523379; 
6, -386.3180816064996; 
3, -377.6060744050483; 
4, -389.4975285347027; 
2, -386.93251175477053; 
2, -387.58562997652916; 
5, -385.49847778043477; 
1, -385.6456920958881; 
2, -373.2082524129364; 
5, -374.6301932450733; 
2, -377.1860481260228; 
1, -383.26149085198995; 
8, -381.1949152489251; 
2, -390.3755380687362; 
2, -387.48535482611624; 
2, -388.21387085234164; 
1, -381.21047482072026; 
10, -386.83615371611086; 
1, -380.75949188432423; 
7, -387.5120023751806; 
1, -378.76689110303414; 
4, -387.27829731293605; 
2, -382.800607167359; 
6, -378.8401126230892; 
1, -386.24902352385106; 
10, -380.112995077041; 
2, -375.524356688431; 
1, -377.2294040135166; 
5, -371.92152118415106; 
2, -374.911010435113; 
12, -377.1944703287445; 
1, -376.7178128454543; 
2, -374.1425784462772; 
3, -364.0033914044907; 
12, -374.040535396809; 
4, -375.2595111163391; 
14, -372.2586312351923; 
3, -365.76815625515883; 
1, -378.1064310175425; 
2, -377.56276443225215; 
8, -376.3779133875214; 
1, -379.3986256759963; 
9, -371.3901446701493; 
6, -380.01711524507846; 
3, -378.41914388368605; 
9, -380.3408311677631; 
2, -378.3074109698646; 
9, -380.4704328820808; 
10, -396.005878820637; 
4, -376.35806563985534; 
7, -378.1947014933394; 
1, -375.50277303683106; 
2, -380.28609864375903; 
8, -397.3817433039367; 
9, -383.65559722748003; 
9, -378.55812202882953; 
2, -382.9927633150364; 
1, -386.78847073973157; 
1, -386.83176330963033; 
1, -381.2555365076987; 
8, -387.9174631375645; 
8, -375.1372849624895; 
3, -377.0427291581873; 
4, -372.145514568605; 
4, -379.77264910709346; 
4, -385.67219350708183; 
2, -375.7762792947469; 
1, -378.44162019353826; 
1, -386.89493906428106; 
1, -394.0998974510294; 
5, -371.59815058953245; 
3, -377.2600350630237; 
4, -376.7968807942816; 
3, -381.375503361749; 
8, -379.52146696287673; 
2, -378.6595133827068; 
6, -385.2805090828915; 
10, -348.22866147739114; 
1, -383.44463236402953; 
1, -395.0911174037028; 
9, -375.2883688026923; 
9, -385.7750331707066; 
6, -374.0823385398835; 
1, -388.33457559958333; 
11, -372.76030183403054; 
3, -378.6981047196605; 
9, -389.25395775947254; 
11, -382.44800927999313; 
1, -384.84694296782254; 
1, -379.87594110291684; 
2, -374.6864027264819; 
1, -379.8061639338557; 
1, -377.9145552338741; 
2, -377.90012702308013; 
2, -374.23060146844364; 
4, -377.9226388060488; 
5, -376.115832772688; 
11, -378.0595491086715; 
7, -365.29889270858257; 
11, -367.3344869270222; 
11, -388.153521958302; 
5, -380.1982175484882; 
1, -384.08561853910214; 
3, -371.26019860067754; 
5, -365.80221439234447; 
2, -391.17314391670516; 
1, -380.1668934041227; 
4, -385.63400750394794; 
13, -378.16297994652996; 
11, -380.9032023452164; 
1, -388.94677689063246; 
5, -373.38890824932605; 
13, -385.76604410266737; 
10, -376.5637905493786; 
13, -389.39700501743937; 
11, -349.3160384746152; 
10, -374.6908333377796; 
2, -376.4999990630313; 
1, -383.7107616473804; 
3, -378.64374128435156; 
1, -389.41358598679653; 
11, -382.28059569504694; 
8, -375.7985431276902; 
3, -374.55828698867117; 
5, -385.5535036150832; 
10, -379.36820029318915; 
10, -380.27606470609317; 
8, -384.76953671730007; 
6, -376.13005776522914; 
3, -377.65883237484377; 
10, -381.4752073100244; 
4, -381.5161427705316; 
1, -378.28807108369074; 
1, -381.1798093734542; 
1, -381.61090892518405; 
2, -378.0785120188375; 
2, -382.0374368263583; 
6, -389.39511162333656; 
7, -375.65653789340286; 
3, -386.6489385179884; 
3, -390.2182866407675; 
7, -375.2170487564581; 
10, -362.63495388714364; 
6, -371.35458508724696; 
2, -383.9251914441702; 
5, -384.8384652171226; 
6, -364.28356421922217; 
1, -377.71413613823825; 
6, -377.90185907745035; 
3, -386.5052590100968; 
10, -397.045027763088; 
1, -399.2614260626724; 
12, -360.1229245167924; 
10, -392.5080105983943; 
2, -402.41490024945233; 
10, -390.61473025841406; 
3, -403.6055100369849; 
5, -424.3937897805299; 
3, -401.10834927822; 
10, -421.38264696107944; 
4, -416.30173275305424; 
5, -425.0553511437611; 
5, -431.1873255056562; 
6, -442.06181018424104; 
3, -427.88977227167925; 
9, -424.58617416454945; 
12, -420.23228660208406; 
6, -419.20829552956275; 
2, -407.1703879760462; 
3, -394.37904075314873; 
2, -387.38013380600023; 
2, -384.72547351615503; 
2, -376.9096744580311; 
2, -395.1523330284108; 
5, -381.9830975678051; 
6, -387.69299399096053; 
9, -381.11860074388096; 
7, -375.84159196101245; 
5, -376.1042043910129; 
7, -377.7511612448143; 
2, -379.3060905341117; 
3, -375.1835692055174; 
8, -379.115111920255; 
2, -383.70763897543657; 
3, -384.2041767044575; 
3, -380.33784199878573; 
2, -385.6301571644144; 
2, -386.44653905471205; 
9, -383.9964685992454; 
2, -381.4308568603592; 
1, -386.271993585804; 
2, -380.6540211585816; 
2, -379.1881069372175; 
2, -384.56171363950125; 
1, -386.4622679541644; 
3, -362.8372322934156; 
1, -385.3508673456672; 
1, -380.60322346774046; 
2, -388.7082147882902; 
1, -386.697289067728; 
2, -377.61254042648943; 
9, -377.06791097848327; 
7, -375.1972427080618; 
3, -373.38991096639074; 
3, -374.6797754492145; 
3, -375.2562957771006; 
2, -380.4317198236531; 
11, -357.91385992328287; 
10, -384.9966122127953; 
2, -384.9520980603411; 
2, -380.4982831143716; 
3, -385.41860706807347; 
12, -387.7484309094434; 
7, -380.8689844101609; 
1, -391.42103733774275; 
10, -378.2194378923159; 
5, -385.64620780327823; 
2, -377.9941969602078; 
2, -377.51565041788854; 
1, -378.877438723197; 
1, -379.98916480661137; 
9, -370.2944878306589; 
2, -378.1070972456655; 
11, -365.33382614539005; 
11, -373.3259709368285; 
12, -386.5619751444319; 
1, -381.68062358305906; 
3, -368.284949149529; 
1, -385.6192325358861; 
1, -380.95257953883265; 
8, -375.824414643459; 
6, -390.8423391410033; 
11, -375.5118332027632; 
3, -377.99648488126695; 
13, -374.67996701967786; 
2, -381.5533898937283; 
9, -392.5709246713086; 
6, -382.9794954601675; 
3, -393.7314845206274; 
8, -378.2474061259709; 
3, -383.779958586907; 
3, -383.352692122804; 
2, -377.69841987395193; 
6, -375.10747628178797; 
2, -374.40786186716286; 
11, -363.42636277963175; 
12, -366.0563624507049; 
8, -380.5748784649186; 
5, -378.39257932829787; 
1, -383.61653375651804; 
10, -370.59118419428705; 
12, -381.47742263271357; 
2, -384.3898943725799; 
1, -391.44424422908924; 
3, -381.049354691233; 
1, -382.23684067709837; 
1, -376.5733874839789; 
1, -380.7395442620036; 
1, -379.63288501347415; 
12, -377.9814359708398; 
8, -368.8596041383571; 
2, -378.0643503520114; 
6, -388.5712053931784; 
10, -380.89817576724454; 
11, -366.3144073211006; 
4, -382.6021652712079; 
8, -371.1618398655264; 
11, -389.66974676030804; 
10, -368.8646291143086; 
11, -373.06206086443854; 
9, -361.4057606286078; 
9, -366.03844597228453; 
8, -373.9002720741846; 
12, -363.71111937169917; 
1, -390.0453989619564; 
2, -383.35205774757196; 
6, -361.1185287236294; 
10, -371.72784039232647; 
7, -372.0695445994497; 
2, -379.8278264981054; 
2, -371.73252887415583; 
1, -379.42279692794546; 
1, -379.0959142984939; 
1, -385.01218155262177; 
10, -375.9085804731585; 
4, -376.8015020643652; 
4, -374.30742755471147; 
5, -374.67149743970367; 
3, -375.39432612003293; 
1, -388.34913481393596; 
2, -382.4257332861889; 
1, -389.01862714008894; 
2, -384.6037350821134; 
3, -383.7718085741217; 
1, -384.33985099199344; 
1, -390.78053626423934; 
1, -390.70016666071024; 
1, -386.1183323402074; 
6, -378.65591272345046; 
8, -385.8993548489525; 
5, -383.5504821569484; 
12, -389.62532960172393; 
13, -365.9523057330225; 
11, -375.8170645945356; 
11, -341.69574888871284; 
9, -380.5390650789777; 
3, -382.0922260316147; 
2, -385.7948104555253; 
1, -384.9762551644235; 
3, -375.8785365370859; 
8, -382.23245438101003; 
4, -367.6840046172729; 
10, -396.69810795027297; 
10, -368.4897739366279; 
2, -381.87836837925715; 
2, -379.94739568734076; 
2, -370.96079250751063; 
2, -378.99020509718684; 
8, -376.32478158304; 
9, -377.56556113710394; 
4, -376.3994617513963; 
1, -384.1739972991054; 
2, -381.53108414518647; 
4, -386.4672154476866; 
3, -382.59748030710034; 
1, -383.86395915510366; 
8, -375.54825837304816; 
2, -373.86363762483234; 
1, -386.9328684672364; 
11, -377.8221033094451; 
3, -374.5244063370628; 
14, -366.4964892322314; 
10, -374.7500834859675; 
1, -383.2952022535028; 
2, -375.5242979839677; 
2, -378.8098309329944; 
8, -372.9981702088844; 
5, -369.02396745973965; 
1, -383.1111375989276; 
10, -372.42942018061876; 
11, -373.3226531242253; 
2, -380.84001936990535; 
5, -426.04723932855995; 
8, -409.90474802203244; 
13, -402.96138729387894; 
8, -395.54239106335444; 
6, -394.106658508128; 
5, -390.25187299819663; 
8, -383.8190591747407; 
3, -379.275682537409; 
6, -392.9393418832333; 
6, -382.3397376551875; 
2, -380.0801006509573; 
5, -384.1987155319657; 
7, -389.0604765730095; 
6, -374.3652054028353; 
6, -385.044818745635; 
7, -386.0534633262432; 
5, -381.039403618488; 
3, -377.9102788470336; 
4, -383.7113319146447; 
4, -387.31614957901184; 
5, -381.475776031788; 
4, -364.82434826076496; 
8, -383.8464773130254; 
8, -378.39140256197425; 
1, -392.90156417049; 
4, -373.72147144417977; 
3, -367.5620947308489; 
9, -363.81188508996274; 
7, -380.1529351564823; 
3, -382.2257931427448; 
12, -378.07006944005843; 
11, -390.76790965761757; 
11, -364.75373692420544; 
10, -379.77132624789374; 
3, -374.97323380591115; 
8, -381.04044311959296; 
3, -381.4557056820486; 
7, -395.19214888848364; 
3, -401.1242569020833; 
7, -408.31969329854473; 
5, -405.3596622729674; 
3, -408.44742548960494; 
11, -396.024721017282; 
9, -418.9799993945635; 
4, -395.0567758529796; 
6, -402.45728377904743; 
10, -397.9555362262181; 
4, -391.83381157694384; 
11, -379.90998491604114; 
11, -387.3005233561853; 
10, -364.2717780758394; 
7, -383.45059698529076; 
10, -377.2986531322822; 
1, -385.0268714859849; 
5, -380.30081162025454; 
2, -380.3900040637236; 
4, -378.4776174330036; 
2, -381.5933058898663; 
9, -386.1789505823981; 
2, -382.4203768190928; 
5, -379.1928530517034; 
4, -379.2611668079626; 
6, -376.02974191028625; 
8, -380.6511820740998; 
3, -375.33392920100596; 
4, -371.7028103400371; 
10, -369.6475882495288; 
8, -371.0217611917178; 
9, -372.7145569208078; 
12, -378.6976984908106; 
14, -366.65603850770276; 
3, -379.13654123601737; 
3, -363.7335495040752; 
4, -382.4647874440998; 
2, -385.76770177541766; 
1, -383.0726051957463; 
3, -381.1776072992943; 
1, -382.0549296090612; 
14, -368.27788549958495; 
2, -388.77688383031636; 
3, -381.87713552854257; 
6, -375.4102962651523; 
10, -376.3672100841068; 
1, -383.9748442652635; 
2, -379.5325284212013; 
2, -381.9163371278555; 
1, -378.1272782503511; 
3, -374.27362114045536; 
10, -384.99872754939133; 
6, -377.55774050869513; 
1, -393.64207034924766; 
12, -383.368379311054; 
2, -367.97763320832746; 
2, -385.00176104338607; 
7, -380.616108483111; 
6, -382.10082194040297; 
10, -378.2815417392994; 
4, -375.2797522060573; 
4, -386.5003072730615; 
3, -373.8903264529072; 
11, -374.91712191398256; 
11, -374.6225893521914; 
11, -375.53191693662666; 
12, -370.062342162244; 
1, -382.98892374924617; 
2, -380.798512373236; 
7, -386.61429814825533; 
2, -381.881995954609; 
1, -380.63527958869236; 
1, -385.697961070342; 
1, -390.47214537503896; 
7, -379.7780227722833; 
1, -389.3108804040239; 
13, -380.76291194569785; 
4, -384.57055838633096; 
2, -380.77994453621795; 
2, -384.61215310706757; 
10, -377.2951522084186; 
2, -386.5939104105928; 
3, -400.20093904377427; 
3, -411.6809171709465; 
4, -392.6740726988064; 
3, -407.04156158375554; 
10, -400.01933539204765; 
16, -416.32346466282615; 
3, -413.76193891; 
8, -386.7058040975244; 
9, -410.7826422491926; 
12, -396.23654748214176; 
6, -393.51556399691617; 
16, -387.6805925106164; 
10, -377.3140264871763; 
6, -368.46691025135806; 
1, -374.3726661399123; 
2, -374.86205200949917; 
4, -373.04813653882593; 
10, -367.98122297925875; 
3, -375.6784251607605; 
1, -383.73188826837577; 
4, -374.78900850377977; 
5, -372.295435594453; 
2, -379.35067921475274; 
12, -375.0451538246707; 
2, -383.0518485652283; 
7, -378.4956091508502; 
3, -373.99704684276367; 
3, -377.62051945214625; 
5, -372.9831807453884; 
3, -381.24084461905295; 
10, -372.15613398479763; 
10, -365.45771626522765; 
1, -379.05412082734983; 
4, -377.2885945728631; 
1, -379.77962581062457; 
12, -384.85475336847594; 
12, -382.1561695196433; 
14, -379.5343490462983; 
4, -381.5536391423666; 
11, -368.9064598920522; 
12, -360.19366928882664; 
12, -370.27697595447535; 
2, -378.5149219892919; 
7, -378.49715766479494; 
11, -372.640784243762; 
7, -376.9206533372635; 
4, -384.5664618688752; 
11, -379.97795390110696; 
2, -387.6560773830279; 
11, -378.84589976706775; 
7, -370.3070316343219; 
4, -374.1427208794048; 
1, -386.66558212338714; 
2, -379.7614100363571; 
3, -394.6529779583798; 
6, -393.4149799976731; 
8, -409.50945384113584; 
3, -381.6540812975727; 
12, -371.7309785449179; 
12, -374.769485430792; 
4, -413.1788192818058; 
5, -396.58937348931795; 
3, -405.0618050386547; 
5, -381.9362530891667; 
8, -384.4981468048063; 
10, -394.6716096007731; 
11, -381.31462224171264; 
4, -390.63622881344054; 
5, -378.1367720668204; 
12, -389.9642735172529; 
6, -388.28058363619493; 
2, -378.6964805405587; 
3, -380.3714381621685; 
3, -374.85718485020334; 
2, -377.80244333983865; 
14, -372.10617967962753; 
4, -376.40247032034677; 
16, -380.8750719827949; 
10, -365.24496562441345; 
8, -340.72581905458355; 
1, -384.3657459876267; 
3, -386.7174598244601; 
4, -372.38197978347307; 
3, -369.86369732854655; 
9, -374.5392522275215; 
7, -373.1348684874247; 
6, -381.41436905314913; 
8, -374.51286530069774; 
10, -377.8866740728263; 
2, -377.338577002869; 
9, -375.6494219068554; 
4, -371.8755836514756; 
9, -370.8420825441135; 
4, -366.52578776242444; 
13, -380.78185706265504; 
6, -370.9844776542159; 
3, -369.87434295361163; 
11, -365.60954208497424; 
12, -362.26967796252575; 
9, -358.2387438281439; 
1, -384.9178015955258; 
2, -380.9546595751308; 
6, -379.49443281668937; 
4, -371.92042090994073; 
3, -374.71358719380805; 
3, -376.15528902370716; 
2, -373.4998400383047; 
12, -377.75335224630544; 
1, -384.80121302284533; 
8, -381.8941229675547; 
3, -377.3506576946238; 
4, -372.64291307271924; 
5, -385.01786226255354; 
3, -389.8190551974112; 
2, -388.30000519618625; 
11, -378.706774800783; 
1, -394.14826866902877; 
2, -392.87888260401087; 
11, -381.60807960038073; 
2, -386.3578812436899; 
9, -390.6904259372968; 
10, -387.0373202438932; 
11, -381.01051066070795; 
12, -390.6543666392681; 
11, -373.4128949124133; 
11, -395.5498573243967; 
12, -372.7378442682093; 
11, -380.3040799066657; 
11, -372.5039271133719; 
13, -378.58463296375703; 
10, -378.7425284802448; 
10, -374.314017826051; 
11, -379.1668378598406; 
11, -374.9352950165048; 
11, -383.92859011213295; 
11, -372.24292936269194; 
11, -356.59111933299573; 
11, -342.6507934873807; 
12, -343.1265193824074; 
11, -345.0929427688243; 
11, -339.3126981189125; 
12, -338.30532683222555; 
13, -351.1383556648507; 
12, -333.43495167186484; 
12, -326.28408429259434; 
13, -316.05541183787864; 
14, -295.76782023208216; 
12, -301.5145590021275; 
11, -310.24886365182465; 
12, -282.4994943947531; 
12, -300.7772046033642; 
13, -317.43779126228765; 
15, -290.8402231312939; 
12, -309.59428946726257; 
13, -374.2861559765879; 
13, -339.21884899714496; 
12, -323.93267305690097; 
13, -298.8066101873992; 
13, -300.7983070294722; 
11, -294.4057188886218; 
11, -282.19841219100635; 
12, -357.2103869030252; 
10, -373.5425453769858; 
13, -339.3244950462831; 
11, -334.12103237130214; 
2, -377.57928797235945; 
1, -388.63943786150776; 
