12, -587.8410728975464; 
12, -601.6808747226044; 
12, -594.1818398068121; 
12, -591.6351487401528; 
12, -579.7672683309502; 
12, -578.4466644175282; 
12, -571.1634296681127; 
12, -561.78015063361; 
12, -594.2624768524038; 
12, -584.0248296111931; 
12, -596.3597795237247; 
12, -583.1538667236773; 
12, -577.4223364918307; 
12, -580.8380912874418; 
12, -587.0301429934043; 
12, -587.0794962677155; 
12, -578.8649923626599; 
12, -573.8467442559086; 
12, -580.467179008414; 
12, -583.3400546384328; 
12, -565.6027614347113; 
12, -576.9902971845768; 
12, -576.528238329629; 
12, -583.8875702086261; 
12, -574.1217844071762; 
12, -587.3449220773255; 
12, -577.7445057520999; 
12, -565.3410709700547; 
12, -575.1946031573789; 
12, -564.7651911947505; 
12, -563.0569382450813; 
12, -572.2474289088823; 
12, -577.0998685623999; 
12, -581.5779945778049; 
12, -582.8096451040074; 
12, -582.2339372256065; 
12, -568.0681119788132; 
12, -587.610621247095; 
12, -577.2151504934445; 
12, -584.9550428556577; 
12, -579.1514996067708; 
12, -567.8165841131267; 
12, -573.7739033262442; 
12, -568.9777950742609; 
12, -571.608282148969; 
12, -574.2932082000407; 
12, -577.5498717244227; 
12, -576.7746552611789; 
12, -585.529493654587; 
12, -578.6221842399464; 
12, -567.5129950591654; 
12, -578.9145482688691; 
12, -574.0908083052891; 
12, -579.6969665606557; 
12, -585.7248463754004; 
12, -581.8146490641266; 
12, -572.3140810374134; 
12, -584.9862516750582; 
12, -576.3407171399158; 
12, -576.8053976358351; 
12, -568.4060631473913; 
12, -575.1508241558768; 
12, -590.8065954044505; 
12, -581.5321494973759; 
12, -572.1470277818298; 
12, -581.2512476089032; 
12, -572.1545935280883; 
12, -582.0656299733892; 
12, -576.1309564290495; 
12, -563.491192720503; 
12, -579.0421713323885; 
12, -578.2500074990312; 
12, -584.0930629669529; 
12, -573.3100473616432; 
12, -579.2621752010964; 
12, -581.5395778865786; 
12, -570.8536919712715; 
12, -579.2862162864913; 
12, -591.2921021284419; 
12, -569.9754471667693; 
12, -583.3420878518373; 
12, -581.9763965684833; 
12, -572.936640791304; 
12, -577.686236672962; 
12, -580.6088986756222; 
12, -586.6241260378665; 
12, -573.2076095771408; 
12, -573.13830874001; 
12, -579.0251856893083; 
12, -584.2936544655604; 
12, -572.7830701320781; 
12, -576.948734824342; 
12, -581.0014638033608; 
12, -577.598370351785; 
12, -586.9092545862513; 
12, -570.0501416429106; 
12, -582.4921238556999; 
12, -564.8195993149056; 
12, -569.2440416675381; 
12, -561.7074365106164; 
12, -581.831004148713; 
12, -563.1793617175426; 
12, -588.6600274718148; 
12, -558.4693603349515; 
12, -561.5504841039365; 
12, -547.7796838689683; 
12, -555.853143918037; 
12, -555.713299125855; 
12, -551.2301106761079; 
12, -543.0290963249863; 
12, -554.2256434319424; 
12, -555.104060648031; 
12, -539.5959032192841; 
12, -537.5851210088804; 
12, -522.8589174079098; 
12, -537.1139197613811; 
12, -525.4506204184872; 
12, -545.6650442113169; 
12, -546.0739504189696; 
12, -542.8979446559824; 
12, -552.9532884196524; 
12, -541.6291826461966; 
12, -530.7732222619088; 
12, -530.7321794584714; 
12, -522.90623670067; 
12, -503.23131779034156; 
12, -504.42883730217; 
12, -446.12240947788814; 
12, -463.675464617525; 
12, -423.50946633207786; 
12, -409.0876878152194; 
12, -396.33936213649577; 
12, -452.65297051970265; 
12, -494.26344991402584; 
12, -519.7159096533142; 
12, -536.9415313850914; 
12, -535.4332131100527; 
12, -562.7228471080452; 
12, -574.5023806696117; 
12, -594.7166444481845; 
12, -575.7319996411825; 
12, -594.9202297569427; 
12, -570.5406356507592; 
12, -573.5666866399843; 
12, -564.9637702129694; 
12, -576.097006458047; 
12, -574.2078248771868; 
12, -575.314877299199; 
12, -608.9773037245177; 
12, -557.6017952014663; 
12, -573.4316836312064; 
12, -568.850823029803; 
12, -586.017864003792; 
12, -569.8081235064165; 
12, -576.2057453587186; 
12, -576.5530656876072; 
12, -578.8565058204986; 
12, -568.1141081270471; 
12, -589.6634038830089; 
12, -590.1788636094134; 
12, -588.334940606539; 
12, -581.8239461263001; 
12, -585.0363391877909; 
12, -574.8179850775341; 
12, -591.2091224221658; 
12, -577.2958738802845; 
12, -581.2729865556321; 
12, -573.6306457165192; 
12, -573.205072554163; 
12, -571.1885674538789; 
12, -576.7011651131179; 
12, -582.446786545217; 
12, -572.0635927645781; 
12, -589.0841297026345; 
12, -579.7764898166788; 
12, -572.7606695136055; 
12, -581.5459313228639; 
12, -587.1138222452864; 
12, -572.0642592420918; 
12, -584.1872375562816; 
12, -572.9952122787217; 
12, -582.7306859097735; 
12, -591.5684639414831; 
12, -574.1735511359875; 
12, -558.6254220540868; 
12, -575.1534266903182; 
12, -592.3245293015789; 
12, -560.8414220374398; 
12, -585.6526096845628; 
12, -582.28157065103; 
12, -590.5487285016279; 
12, -566.5380574811134; 
12, -565.0527042965259; 
12, -590.5821641010843; 
12, -589.2471440826484; 
12, -574.526981298899; 
12, -566.579126738623; 
12, -576.0335563265544; 
12, -569.2685355638241; 
12, -572.1819199026504; 
12, -591.4874920829752; 
12, -579.6720659199054; 
12, -575.2254742706136; 
12, -588.646145915307; 
12, -575.1595607036288; 
12, -591.5065299256821; 
12, -586.2678626356501; 
12, -596.0217742514506; 
12, -576.4088928460696; 
12, -590.1820902190084; 
12, -575.9063783782331; 
12, -572.9584567598358; 
12, -593.1733816689521; 
12, -594.6887886991608; 
12, -585.4333103555546; 
12, -550.5833306129207; 
12, -585.2340965426265; 
12, -580.6359184937028; 
12, -578.8136029378657; 
12, -581.167905815586; 
12, -574.4676767740748; 
12, -574.4438663731853; 
12, -612.954211248536; 
12, -581.2860486724094; 
12, -565.2285753834731; 
12, -579.8668506046961; 
12, -578.3970920784777; 
12, -579.8723228671151; 
12, -585.2853365554765; 
12, -575.3848392767104; 
12, -586.6945328623842; 
12, -564.2576676487515; 
12, -564.8768199304759; 
12, -579.6019025463611; 
12, -590.4246469137142; 
12, -581.9563390381227; 
12, -581.6060407490877; 
12, -580.2724460783647; 
12, -590.3663159840507; 
12, -568.9002277014952; 
12, -568.7471745146322; 
12, -570.9970902075002; 
12, -561.0283438753686; 
12, -571.5148003607756; 
12, -580.6333747068129; 
12, -590.0858621242223; 
12, -574.1276067378058; 
12, -568.4934632233926; 
12, -579.048422942753; 
12, -562.4182288172306; 
12, -577.6774706604483; 
12, -579.6085781134025; 
12, -564.6100617612246; 
12, -570.4993737190962; 
12, -582.0805501802824; 
12, -559.4671572895604; 
12, -573.1164014567621; 
12, -563.123311568168; 
12, -568.6411314714642; 
12, -568.0312638448086; 
12, -576.590208114998; 
12, -553.8695524135255; 
12, -568.8832955200633; 
12, -559.6259874441312; 
12, -554.7595917742292; 
12, -583.1211754388933; 
12, -590.271903588844; 
12, -554.8708117001806; 
12, -559.6760886996635; 
12, -564.4016883862787; 
12, -576.9172276616446; 
12, -565.2047543269; 
12, -554.7745092711702; 
12, -554.471694201522; 
12, -567.211898743757; 
12, -590.9551401008212; 
12, -576.1748721426993; 
12, -567.5961319929338; 
12, -573.0876570239197; 
12, -553.8435606729763; 
12, -566.9789315520902; 
12, -563.9802853390865; 
12, -552.7701041999098; 
12, -556.4528983685013; 
12, -579.9029419160797; 
12, -572.9567378459033; 
12, -575.7845970072085; 
12, -573.9145030488726; 
12, -589.7483497133071; 
12, -560.5445353837276; 
12, -558.607276068331; 
12, -570.4763430546736; 
12, -566.3271756411414; 
12, -568.8271845345735; 
12, -568.7992824305838; 
12, -590.6778702122101; 
12, -568.9746395030525; 
12, -572.9816857188416; 
12, -570.4805243540904; 
12, -560.6561405580142; 
12, -560.405513128324; 
12, -566.4859194432793; 
12, -568.7767535592138; 
12, -572.9461389376374; 
12, -549.914430730365; 
12, -578.1445585830952; 
12, -579.7585568368959; 
12, -569.3623738450988; 
12, -562.1729149614985; 
12, -567.3388948758657; 
12, -590.4164338273404; 
12, -583.2505039149546; 
12, -576.3424033106421; 
12, -580.0539448589552; 
12, -573.3806836652511; 
12, -566.9082383931091; 
12, -590.5968345870788; 
12, -567.3805764699937; 
12, -589.5684799764131; 
12, -563.8559658819286; 
12, -580.9912450993143; 
12, -571.6630915277055; 
12, -552.8028717606212; 
12, -573.116611381527; 
12, -562.2726981518208; 
12, -605.3011282889638; 
12, -580.2122941764537; 
12, -580.092565408966; 
12, -569.8781498964527; 
12, -561.8216997236595; 
12, -567.6568974722177; 
12, -581.900565794087; 
12, -591.9427337000379; 
12, -569.6665160118719; 
12, -568.6514041820192; 
12, -558.6792253982567; 
12, -570.2995371715224; 
12, -562.6044724239619; 
12, -572.5858739854302; 
12, -587.0979013788747; 
12, -567.7959544300684; 
12, -591.531882835232; 
12, -571.8518274642702; 
12, -571.5909821551177; 
12, -568.4401312027185; 
12, -587.7367675628047; 
12, -597.2660944794188; 
12, -602.1667448468506; 
12, -589.1556813713687; 
12, -605.2356134488655; 
12, -595.8264425230154; 
12, -574.5677652956801; 
12, -596.6149965916993; 
12, -560.6903495643637; 
12, -568.0490129963437; 
12, -575.091599809326; 
12, -549.8294367493363; 
12, -576.0046686006535; 
12, -581.1547794946528; 
12, -584.8603928943048; 
12, -582.3078582740272; 
12, -604.125003879104; 
12, -582.8397783111723; 
12, -574.8346265565488; 
