16, -385.39707697654325; 
16, -388.7298375216464; 
16, -397.2547849627407; 
16, -398.32768114590704; 
16, -397.3821546962736; 
16, -382.6160148694089; 
16, -383.3709765183303; 
16, -376.9967036180519; 
16, -382.08533809244227; 
16, -395.3295948947898; 
16, -385.0655104508437; 
16, -378.9003844675044; 
16, -384.218929164932; 
16, -381.59184156822175; 
16, -380.41213203217194; 
16, -390.25750550012253; 
16, -383.67634720973; 
16, -377.43826499201714; 
16, -379.1028750096484; 
16, -375.8658110743818; 
16, -374.0976377765328; 
16, -392.8028124879347; 
16, -375.5657329930673; 
16, -380.97847738985183; 
16, -373.94731962612605; 
16, -392.3114260985549; 
16, -367.69196250012465; 
16, -369.72134869238107; 
16, -362.4035480260627; 
16, -374.0188624951443; 
16, -375.14874570871143; 
16, -369.2316288341426; 
16, -381.3559147448923; 
16, -365.97469165140865; 
16, -379.44958567037065; 
16, -365.863373840215; 
16, -395.986023925936; 
16, -386.2911360325397; 
16, -385.4943669759632; 
16, -378.8471924001442; 
16, -395.60815888941033; 
16, -378.2451361550229; 
16, -378.65209018041605; 
16, -374.8846322171521; 
16, -388.37501783046537; 
16, -374.71546595147083; 
16, -382.57950274266113; 
16, -383.4510390676478; 
16, -383.3621546477916; 
16, -381.0336136099686; 
16, -389.030804214759; 
16, -377.96972636006467; 
16, -375.5672539139523; 
16, -388.0660813487448; 
16, -390.5440522861609; 
16, -392.82191504266666; 
16, -386.50844377962494; 
16, -381.374775652479; 
16, -388.4270352453168; 
16, -390.8759912450514; 
16, -377.3188248931583; 
16, -393.2607147305898; 
16, -397.90617084859696; 
16, -377.0935355169386; 
16, -377.19634188907; 
16, -379.4558554897267; 
16, -401.90361222863794; 
16, -394.17411368183457; 
16, -379.4010985796449; 
16, -377.05420779362976; 
16, -388.29591303212146; 
16, -375.24295470902143; 
16, -388.8643283229285; 
16, -386.6115001011749; 
16, -380.4185099134229; 
16, -377.47858500852453; 
16, -390.9692798733049; 
16, -389.7607246389816; 
16, -393.74673414932477; 
16, -377.66783072682665; 
16, -373.13791175828374; 
16, -380.6265970406457; 
16, -375.54107359163754; 
16, -390.3348391984473; 
16, -382.9325693322098; 
16, -374.7939249935662; 
16, -392.7211615353517; 
16, -392.79783890185354; 
16, -389.8293436967797; 
16, -378.7976580543909; 
16, -395.9266542788391; 
16, -396.35831598978257; 
16, -383.97805774435983; 
16, -372.20812811313954; 
16, -379.9494444166703; 
16, -377.0552824635015; 
16, -379.97643477859674; 
16, -387.3930839630557; 
16, -383.329777635292; 
16, -379.8071918460337; 
16, -388.16639794893126; 
16, -376.9569863018696; 
16, -384.41573617640097; 
16, -382.368376150298; 
16, -383.51322734240966; 
16, -381.4160286135084; 
16, -387.86280944853934; 
16, -385.1941966911909; 
16, -404.87352601155726; 
16, -390.0524350004853; 
16, -398.05971346479055; 
16, -389.4230454455319; 
16, -391.16562949328363; 
16, -389.88825481517415; 
16, -388.06025395686447; 
16, -383.1638623496474; 
16, -377.9486867335945; 
16, -374.4128762732362; 
16, -381.99855803424725; 
16, -382.75392287853174; 
16, -377.2243690663963; 
16, -381.57586184851243; 
16, -385.84530362705846; 
16, -367.12881315217965; 
16, -382.57816884853673; 
16, -374.73605895652145; 
16, -379.1682692246395; 
16, -383.9790231557854; 
16, -377.7398371575764; 
16, -378.23388462662115; 
16, -377.03445239894063; 
16, -378.39724238099006; 
16, -376.22838080518704; 
16, -377.174170662307; 
16, -388.96278153037565; 
16, -395.2889237582058; 
16, -384.5449938808815; 
16, -385.9404094793572; 
16, -395.7462541207424; 
16, -382.838437363258; 
16, -392.78745257039554; 
16, -379.6644276748193; 
16, -384.3767510337784; 
16, -378.50820751755964; 
16, -377.0306956373097; 
16, -386.2745714775083; 
16, -396.32248651493865; 
16, -385.3766435681391; 
16, -407.6548523389574; 
16, -382.45473097368085; 
16, -372.7400139109377; 
16, -388.12155908955174; 
16, -396.3031643913637; 
16, -402.97463708979194; 
16, -391.26696976551466; 
16, -390.370260764008; 
16, -388.9082484029277; 
16, -390.00161332554853; 
16, -388.3807545050149; 
16, -373.39880505550536; 
16, -380.5365582409213; 
16, -383.97103659469576; 
16, -385.2964449992869; 
16, -384.87503398577974; 
16, -374.4549750532824; 
16, -376.86933983767085; 
16, -386.4787383145158; 
16, -389.2022392849831; 
16, -378.60387831075786; 
16, -386.880959061833; 
16, -372.94597169219924; 
16, -373.3659223815048; 
16, -370.0250223422627; 
16, -373.50265175623645; 
16, -374.81924128446553; 
16, -379.6001043992728; 
16, -379.60673913385835; 
16, -386.95450364003773; 
16, -408.74167227806174; 
16, -386.26932519882394; 
16, -378.741247515296; 
16, -379.7803531509271; 
16, -387.68432188773295; 
16, -387.9362683646468; 
16, -393.6659774196305; 
16, -380.29869958870404; 
16, -387.4154016680841; 
16, -380.6832431992225; 
16, -390.1099073288351; 
16, -383.7437149374455; 
16, -391.8835317243502; 
16, -385.39705465291627; 
16, -383.91234889828775; 
16, -385.40796279402275; 
16, -387.172223648231; 
16, -379.69990522148146; 
16, -377.01249171096424; 
16, -380.85193817684194; 
16, -389.7153322629747; 
16, -386.0661515334941; 
16, -377.56614837417146; 
16, -380.20955942120054; 
16, -382.8714083592495; 
16, -380.22626363790187; 
16, -385.77736274343624; 
16, -388.97497630657745; 
16, -386.9066669609165; 
16, -383.9187494670914; 
16, -388.14390463070595; 
16, -391.78470917302184; 
16, -382.49360977219476; 
16, -385.1699874486367; 
16, -400.70937438689; 
16, -380.90389164478984; 
16, -383.6768835688563; 
16, -377.00941112115106; 
16, -373.95199737601797; 
16, -378.80073999770684; 
16, -379.473253375123; 
16, -381.12607425531314; 
16, -380.38628472162236; 
16, -377.19449306411843; 
16, -376.851731459843; 
16, -381.1061790996755; 
16, -365.3485153871152; 
16, -364.5699123793165; 
16, -371.5934132488619; 
16, -365.8904840017203; 
16, -401.16184233521926; 
16, -398.6099356574705; 
16, -397.57590055442415; 
16, -391.30658406535804; 
16, -379.8728457271209; 
16, -387.94450269732624; 
16, -373.99500754853943; 
16, -402.88397192032426; 
16, -406.5296039655077; 
16, -402.3931979511108; 
16, -396.08727568606264; 
16, -408.2869088147563; 
16, -382.2723966278136; 
16, -380.98428884615714; 
16, -378.5134556799603; 
16, -390.90261526855465; 
16, -394.6005371438514; 
16, -385.85825084813405; 
16, -403.40989529990475; 
16, -392.5160077131004; 
16, -388.27161802721093; 
16, -396.86218445393024; 
16, -392.12775934940146; 
16, -387.1141673096281; 
16, -385.08053314506833; 
16, -391.094750285818; 
16, -386.5313689281902; 
16, -387.00059272105864; 
16, -381.9176737396483; 
16, -394.084327111108; 
16, -392.99757748516276; 
16, -398.25913515102; 
16, -388.9128711431258; 
16, -390.46645713140606; 
16, -386.1893633716827; 
16, -391.82611110979633; 
16, -384.15857946508913; 
16, -379.747930397396; 
16, -379.43832029443; 
16, -381.8176581792068; 
16, -387.8241229823616; 
16, -392.6369431312487; 
16, -393.66211312169617; 
16, -373.8407335650845; 
16, -379.58059837232577; 
16, -388.3659434066212; 
16, -383.78867639430973; 
16, -378.079080149575; 
16, -382.5444897884736; 
16, -381.78669835740584; 
16, -387.15821310758474; 
16, -391.15546340396395; 
16, -381.85347714595264; 
16, -379.93936261306226; 
16, -388.2309271819104; 
16, -394.17313267450663; 
16, -378.1269580749795; 
16, -381.5977772201004; 
16, -382.48456059188175; 
16, -384.62171079152904; 
16, -393.90322738599207; 
16, -384.0920218426909; 
16, -385.09555245209776; 
16, -383.6789184787049; 
16, -389.05783273237466; 
16, -386.7583862260508; 
16, -379.6332898947294; 
16, -387.9262788435444; 
16, -385.6158770053444; 
16, -389.13180016163096; 
16, -380.41979413428635; 
16, -378.3535352940671; 
16, -384.3812751930818; 
16, -387.97516432596603; 
16, -389.6962839459302; 
16, -384.32274311216315; 
16, -383.0659325106244; 
16, -389.6512416227779; 
16, -381.2715730731288; 
16, -390.6944730059622; 
16, -394.66960517886037; 
16, -374.98600367843756; 
16, -390.2143140627595; 
16, -378.90972280327696; 
16, -378.76022738158645; 
16, -378.43053918192163; 
16, -375.6233980533725; 
16, -389.355285923637; 
16, -382.53855809848756; 
16, -377.06528304258245; 
16, -389.8518381701142; 
16, -365.12618275222485; 
16, -383.7023105756525; 
16, -377.1078625450318; 
16, -377.9967723872105; 
16, -381.5343863769813; 
16, -383.695100397832; 
16, -383.063183672406; 
16, -392.00484539271565; 
16, -381.3339634406584; 
16, -380.4154530106316; 
16, -383.64324224131997; 
16, -387.2410833417962; 
16, -379.30125609276; 
16, -379.99494899233105; 
16, -378.89494536831626; 
16, -382.67612615285907; 
16, -379.01382601825753; 
16, -386.4874265718681; 
16, -366.4633120902872; 
16, -391.6454872995091; 
16, -380.08466454350855; 
16, -385.52499477886886; 
16, -381.10314030935115; 
16, -379.33542980329366; 
16, -384.19057800550945; 
16, -373.380110373575; 
16, -380.123772985331; 
16, -381.209213280672; 
16, -387.07624605999445; 
16, -387.396406128566; 
16, -391.21289519546553; 
16, -379.7315324594092; 
16, -381.62755902082426; 
16, -399.25266918496345; 
16, -386.98371093856986; 
16, -379.8675578958646; 
16, -384.57374684128445; 
16, -369.0267148601124; 
16, -383.5407336447097; 
16, -384.0154735009419; 
16, -380.5485020270862; 
16, -376.2523440189543; 
16, -382.0968279148801; 
16, -461.3626770065457; 
16, -423.3950776197016; 
16, -409.9002791068633; 
16, -405.21575261224643; 
16, -399.3246061638056; 
16, -403.62684544481453; 
16, -387.1891007751401; 
16, -409.44975379266543; 
16, -375.8490497494349; 
16, -381.7446857262694; 
16, -372.4825936521229; 
16, -389.01843234492117; 
16, -375.4793799885665; 
16, -391.66260899291956; 
16, -388.9631642809254; 
16, -390.4213846747298; 
16, -387.33072592222015; 
16, -389.37362909241347; 
16, -379.3700742609799; 
16, -378.045747645956; 
16, -380.60239174959133; 
16, -383.10643645498203; 
16, -384.13993546023266; 
16, -392.4494791904581; 
16, -389.1029508629581; 
16, -390.8425758886733; 
16, -382.8545852106763; 
16, -389.58623588620685; 
16, -384.14624631611514; 
16, -390.38261901636724; 
16, -384.926088871347; 
16, -389.92756381319487; 
16, -384.6276991815248; 
16, -380.72264080058085; 
16, -386.8884086892649; 
16, -387.43684661763837; 
16, -375.6092156529776; 
16, -379.3218889872951; 
16, -374.0905863949447; 
16, -376.141209585825; 
16, -382.0256695809949; 
16, -377.5800326473254; 
16, -375.2636490596342; 
16, -366.13490935222944; 
16, -375.7288947411871; 
16, -377.60505436049425; 
16, -374.4642263482092; 
16, -365.7512639685592; 
16, -381.39262804816826; 
16, -376.40951196223614; 
16, -378.53525704558706; 
16, -384.1703009378689; 
16, -373.44058398215566; 
16, -382.58413856406696; 
16, -378.7349605115596; 
16, -384.54931325721554; 
16, -379.46947883357643; 
16, -391.4788465204474; 
16, -410.49318295231205; 
16, -380.0712048577261; 
16, -378.6516155072022; 
16, -378.0354002957756; 
16, -381.95384642251884; 
16, -403.6497124997841; 
16, -387.2420819243998; 
16, -381.0647077653848; 
16, -382.44619337123004; 
16, -390.03107077564346; 
16, -391.3884384536068; 
16, -384.26520956048626; 
16, -389.15033296099864; 
16, -379.01399181506713; 
16, -378.77915457449853; 
16, -375.01915091168485; 
16, -383.16693238489097; 
16, -388.23895121901296; 
16, -376.5848767423013; 
16, -382.2659541207249; 
16, -391.51792290608864; 
16, -392.83271318435436; 
16, -375.6526098937902; 
16, -379.2011222721485; 
16, -377.6085327900364; 
16, -381.85697201869334; 
16, -381.54014399510925; 
16, -378.7566533869831; 
16, -386.9337734687142; 
16, -356.02242926252075; 
16, -386.23919094889425; 
16, -397.72078106270055; 
16, -376.538425733248; 
16, -390.1812492022291; 
16, -377.92879843804985; 
16, -389.5221520844498; 
16, -375.21846434741747; 
16, -380.4775856558117; 
16, -391.34787584777223; 
16, -393.8105646564509; 
16, -386.1651641392964; 
16, -381.34780638318625; 
16, -375.95006682528765; 
16, -380.8909933207615; 
16, -380.0272836883378; 
16, -379.45376598177245; 
16, -374.84461945696967; 
16, -379.8793168797856; 
16, -376.51244011349627; 
16, -381.754623698449; 
16, -371.3078344629612; 
16, -386.426666864194; 
16, -391.1765737371752; 
16, -380.92723836022196; 
16, -385.24279574508546; 
16, -372.36965654813685; 
16, -366.4170735218213; 
16, -391.0580096208723; 
16, -382.6225446286262; 
16, -388.29246696061455; 
16, -384.79388045932865; 
16, -387.43981668009656; 
16, -394.5802603002521; 
16, -373.996816745057; 
16, -390.1255809238355; 
16, -402.64796869747806; 
16, -402.04497682332294; 
16, -375.27324808671256; 
16, -376.3040426823718; 
16, -377.7631148766086; 
16, -385.8099651876255; 
16, -380.06607304918; 
16, -390.9042756994022; 
16, -387.79720517637907; 
16, -376.0229465799639; 
16, -376.8834767465887; 
16, -387.5042737383628; 
16, -383.0704400417744; 
16, -393.804207524081; 
16, -388.0870039141737; 
16, -380.640988031344; 
16, -376.42293439933565; 
16, -386.66333151233266; 
16, -380.88645553504466; 
16, -380.50071997215855; 
16, -385.19017532779253; 
16, -384.07943292937125; 
16, -379.70541281148326; 
16, -384.21932066846057; 
16, -393.0874024752411; 
16, -378.3955589144025; 
16, -386.06676036908175; 
16, -389.5207030196907; 
16, -378.84785818392993; 
16, -388.71631541254465; 
16, -373.859826679487; 
16, -384.29175748789567; 
16, -386.00452096865047; 
16, -374.4530213128601; 
16, -379.3178335536795; 
16, -381.35618317642366; 
16, -385.8853224958875; 
16, -398.27514587552287; 
16, -403.1970320370456; 
16, -394.88831222135923; 
16, -402.0666700662987; 
16, -403.2862226056168; 
16, -398.87802413624013; 
16, -406.41575710178586; 
16, -428.42265517881606; 
16, -403.96835307456786; 
16, -424.4802821823396; 
16, -418.82582625118084; 
16, -428.6158683319518; 
16, -433.4084556970047; 
16, -444.0912269470573; 
16, -427.92419976060046; 
16, -433.1610319085303; 
16, -429.9399159743043; 
16, -424.55751981638605; 
16, -408.2390908758098; 
16, -394.7240914047579; 
16, -387.9992404663353; 
16, -384.23913155394257; 
16, -376.2319826967141; 
16, -396.03358456498245; 
16, -382.7513554689649; 
16, -389.11913956404896; 
16, -384.59909755931585; 
16, -379.6594868377724; 
16, -379.7791098759335; 
16, -381.3749385426927; 
16, -379.4432218114962; 
16, -375.53225165154436; 
16, -380.8690494179027; 
16, -384.40438454644755; 
16, -387.7567592665728; 
16, -379.6368734133721; 
16, -387.6157780006761; 
16, -386.6909457814472; 
16, -388.5839134392736; 
16, -380.0207867298159; 
16, -387.25419517600676; 
16, -383.9252092843235; 
16, -378.9911256089399; 
16, -386.8654860118986; 
16, -389.7245510815992; 
16, -363.8119849501527; 
16, -388.4847193051537; 
16, -381.15788508966216; 
16, -388.3645743459929; 
16, -391.1083751244005; 
16, -377.7104872887139; 
16, -381.3039110855316; 
16, -377.385458234814; 
16, -374.2050724122673; 
16, -375.2229532067431; 
16, -376.9941148032376; 
16, -382.81365863987594; 
16, -382.3727801840578; 
16, -386.9318698446732; 
16, -387.39448103684117; 
16, -384.00859777024016; 
16, -385.7631452784117; 
16, -390.02639626016025; 
16, -382.3212540204986; 
16, -394.30483906855807; 
16, -383.87942440173356; 
16, -386.0934152393602; 
16, -382.0208098202129; 
16, -377.0515866728965; 
16, -387.28186662652297; 
16, -382.1889454635093; 
16, -373.5933644773322; 
16, -379.38728751114104; 
16, -379.06056712244754; 
16, -378.7517820656067; 
16, -387.4091619034007; 
16, -384.81930856991676; 
16, -369.7686001555994; 
16, -387.6888200440735; 
16, -386.78474844805896; 
16, -379.4718758514791; 
16, -389.4696136904822; 
16, -380.53629845476826; 
16, -378.61541781690903; 
16, -375.6628196144302; 
16, -384.38127166667255; 
16, -393.51112398749683; 
16, -384.61290339397965; 
16, -392.99189159914386; 
16, -379.02416171267396; 
16, -383.9734529714042; 
16, -384.0949635163415; 
16, -379.82843144229264; 
16, -375.7030641667661; 
16, -375.1070814492123; 
16, -390.3720173041802; 
16, -384.93919011732214; 
16, -382.8584679267369; 
16, -379.1555672636023; 
16, -387.04904573695967; 
16, -373.5169502609351; 
16, -383.4216801561706; 
16, -386.66075965875643; 
16, -394.43111008693813; 
16, -381.4231345317676; 
16, -386.0526896233205; 
16, -383.4923070250079; 
16, -385.2325150175311; 
16, -384.6867103514669; 
16, -382.64129832197796; 
16, -369.5107091994141; 
16, -379.9251856293704; 
16, -390.60362939495826; 
16, -386.31266622786643; 
16, -371.3579665932921; 
16, -384.06506250225357; 
16, -372.4366913513222; 
16, -396.13007106192526; 
16, -378.00493550740066; 
16, -377.47488457366126; 
16, -364.2330026177224; 
16, -369.36552940576803; 
16, -376.3542676563957; 
16, -366.9524736964959; 
16, -391.9558883534337; 
16, -384.8402916791674; 
16, -366.49854815844446; 
16, -375.78364490161766; 
16, -375.44363867832; 
16, -380.26677526236745; 
16, -372.1157743082149; 
16, -381.4578060202184; 
16, -386.28092127633863; 
16, -386.41024366024067; 
16, -381.2956593292183; 
16, -376.511123170465; 
16, -375.11950659551076; 
16, -374.7959861122654; 
16, -375.35538389661815; 
16, -391.8425590675906; 
16, -386.1037805400847; 
16, -388.8291131189035; 
16, -385.29268338897964; 
16, -384.8458849217859; 
16, -390.2109246024047; 
16, -400.07434240577277; 
16, -392.365037978685; 
16, -391.431281322788; 
16, -384.3022390642727; 
16, -391.81776832966716; 
16, -389.18983962066704; 
16, -398.92337720564683; 
16, -383.38232555723516; 
16, -391.16880370743456; 
16, -383.63582090326236; 
16, -394.1039017382718; 
16, -382.9910689414828; 
16, -386.4786039258179; 
16, -386.22233405165025; 
16, -379.04871513706166; 
16, -383.0492120483541; 
16, -369.09805575810606; 
16, -408.6666297639604; 
16, -383.87582486105384; 
16, -383.5319118320476; 
16, -380.2742738861707; 
16, -372.6218457291252; 
16, -383.24053773022024; 
16, -375.94126508472254; 
16, -379.5370783828548; 
16, -376.57870314788306; 
16, -387.97168265579967; 
16, -380.5294608665281; 
16, -387.6515666231862; 
16, -382.9033587523736; 
16, -386.39174134656787; 
16, -377.15043441264424; 
16, -375.15647110983264; 
16, -386.4189664538717; 
16, -379.14300526783336; 
16, -375.01836429105606; 
16, -369.7013826710172; 
16, -381.7292610729346; 
16, -386.9121884392807; 
16, -377.06061151472386; 
16, -380.0291775348596; 
16, -374.7230470085633; 
16, -371.3834744929336; 
16, -384.5316862798645; 
16, -382.76350513263606; 
16, -389.8057572215912; 
16, -381.06036293529905; 
16, -428.1306984935072; 
16, -416.3830268731108; 
16, -409.4022244249936; 
16, -397.26865374017507; 
16, -395.64765070704743; 
16, -392.206256969308; 
16, -384.7153018900426; 
16, -380.86010932567297; 
16, -395.8000752765802; 
16, -384.93945887713926; 
16, -381.2305985375424; 
16, -384.72897614137037; 
16, -392.54478517733514; 
16, -375.83568339276826; 
16, -386.67250190483173; 
16, -388.9930042636115; 
16, -385.12335028656526; 
16, -378.6914926248137; 
16, -383.3462288942537; 
16, -388.99525941023603; 
16, -381.1647417328786; 
16, -366.549221355177; 
16, -385.57018235931173; 
16, -380.33115189074306; 
16, -395.6815625804011; 
16, -373.5591331195901; 
16, -368.0734622773598; 
16, -364.2967093635816; 
16, -381.2145469172392; 
16, -382.548376950901; 
16, -384.0192956182873; 
16, -398.9242675364367; 
16, -366.81679518928286; 
16, -385.7225619536475; 
16, -376.0642334712902; 
16, -383.05693825002527; 
16, -381.67672587622656; 
16, -401.1165018432075; 
16, -403.7533389091841; 
16, -410.2466868738993; 
16, -409.10085645940853; 
16, -408.89874361502007; 
16, -398.19073386478703; 
16, -423.28519234486157; 
16, -394.956270907016; 
16, -404.83802705147536; 
16, -403.75061395880766; 
16, -395.78396743896883; 
16, -385.04187295469455; 
16, -390.3717328738421; 
16, -385.9778533138451; 
16, -384.15538713213755; 
16, -385.43794350419194; 
16, -386.7190445783781; 
16, -381.77154451503884; 
16, -380.0157031955896; 
16, -380.92480238887947; 
16, -381.95886489900295; 
16, -387.26040355832083; 
16, -380.98107352136867; 
16, -378.9831265924731; 
16, -381.1548905647942; 
16, -376.1737623414956; 
16, -383.27271806355566; 
16, -376.5622039726004; 
16, -374.7207552397158; 
16, -376.99005855969153; 
16, -381.31853778957156; 
16, -374.85878327290993; 
16, -383.58057032874785; 
16, -376.9699871665216; 
16, -379.3037788704387; 
16, -364.37704660289455; 
16, -384.18125761661213; 
16, -385.68244118167786; 
16, -384.465276790841; 
16, -381.4426857524086; 
16, -383.3951502998243; 
16, -376.3643400729634; 
16, -389.672661806806; 
16, -382.70186483307043; 
16, -379.04551193508087; 
16, -384.2991782561876; 
16, -389.05818221665686; 
16, -384.36297346506035; 
16, -383.06507726799464; 
16, -383.86529129045084; 
16, -375.2854286158108; 
16, -385.85208932857495; 
16, -378.61619633744704; 
16, -395.73583355383016; 
16, -386.42804420448374; 
16, -369.7719042816898; 
16, -385.27495839836774; 
16, -381.8077609867905; 
16, -383.78430105466396; 
16, -379.63565715018194; 
16, -375.7418582751998; 
16, -387.59385789220687; 
16, -373.3659601970576; 
16, -377.3971848071669; 
16, -381.1509411087027; 
16, -381.0416961503797; 
16, -372.6645544897183; 
16, -383.72349439468235; 
16, -381.431811069604; 
16, -396.7813318442786; 
16, -384.32190473080846; 
16, -382.69694795657415; 
16, -387.38988238410093; 
16, -393.78350773459533; 
16, -380.825324940728; 
16, -388.62158007582184; 
16, -382.27048593515065; 
16, -386.1012999151135; 
16, -381.9065991874668; 
16, -388.1427645937656; 
16, -377.06816377217183; 
16, -386.97971451625926; 
16, -401.12604551925324; 
16, -412.73726057092426; 
16, -398.266212792194; 
16, -407.6616838251939; 
16, -403.5908214842784; 
16, -415.42409547482384; 
16, -416.85904173593735; 
16, -396.30053417157615; 
16, -417.02520461031236; 
16, -401.46276828669943; 
16, -398.00358510622755; 
16, -389.8211782826111; 
16, -378.49125605856534; 
16, -369.74955697811674; 
16, -380.31759480788605; 
16, -376.90375812590355; 
16, -373.93863276502816; 
16, -368.84829733119113; 
16, -375.44141496834345; 
16, -384.49704329128144; 
16, -377.14607473713113; 
16, -373.4134485414834; 
16, -381.08445323019987; 
16, -376.6855123641435; 
16, -384.16556555009447; 
16, -379.5260160303442; 
16, -374.43669819505885; 
16, -377.1480624882388; 
16, -373.4004448715714; 
16, -382.1007585899206; 
16, -375.9497114676051; 
16, -368.30330723535735; 
16, -381.68105986434966; 
16, -377.9492685600999; 
16, -381.5237626596936; 
16, -386.9538947790279; 
16, -381.7162002619589; 
16, -381.18133380409563; 
16, -382.08343741763383; 
16, -388.6739815744222; 
16, -380.1549464254058; 
16, -374.98154427466216; 
16, -382.01706659363117; 
16, -380.81464595982106; 
16, -375.23912833991926; 
16, -378.2122954581864; 
16, -385.6637874356238; 
16, -380.2518564320635; 
16, -388.4146240748232; 
16, -381.3509068947169; 
16, -370.76447147509316; 
16, -376.80163077637553; 
16, -390.3130691879196; 
16, -380.673318380781; 
16, -393.53937541670166; 
16, -396.00192375300685; 
16, -409.57847403665073; 
16, -383.3558596766088; 
16, -380.0918769853888; 
16, -384.2409775176202; 
16, -415.6291132046026; 
16, -398.2592683248804; 
16, -406.5962608064874; 
16, -383.4348244725261; 
16, -387.0504982281127; 
16, -406.7333815951715; 
16, -396.23310913628666; 
16, -391.36056383763207; 
16, -384.95145215815865; 
16, -399.60438963235356; 
16, -388.7376892209286; 
16, -380.2945322858868; 
16, -380.78578109131195; 
16, -376.6398888094118; 
16, -382.01829484733753; 
16, -377.4568087659427; 
16, -377.6683523284737; 
16, -384.0707700268249; 
16, -377.2460345166037; 
16, -354.2078568514553; 
16, -393.3374030973064; 
16, -387.4726826000842; 
16, -373.7792268212652; 
16, -369.22541404981166; 
16, -376.79025751084555; 
16, -373.9948078696034; 
16, -381.7072231201455; 
16, -376.9882471388555; 
16, -377.06701717013493; 
16, -375.93496608227724; 
16, -382.3493155950564; 
16, -373.51726408174727; 
16, -373.1060052134562; 
16, -367.3480709794676; 
16, -384.5719776327023; 
16, -371.9887345781317; 
16, -369.55836861452553; 
16, -372.61486987385433; 
16, -386.9044886553893; 
16, -368.767091819318; 
16, -387.8791614891961; 
16, -384.6027892843704; 
16, -379.85650980618084; 
16, -372.99160421366105; 
16, -375.14581975521287; 
16, -377.0431054231012; 
16, -374.8388700815849; 
16, -379.9015687693609; 
16, -388.66125936817843; 
16, -383.3396610567579; 
16, -378.0492394978646; 
16, -372.88248924253276; 
16, -386.60192541772267; 
16, -389.98323264927603; 
16, -388.94539185101166; 
16, -383.7481703979429; 
16, -397.09215333894826; 
16, -393.5953736685915; 
16, -384.6485764494282; 
16, -386.4599979709019; 
16, -394.22897478129016; 
16, -390.00634621613426; 
16, -384.4749800491845; 
16, -391.15285162680084; 
16, -386.94439360284014; 
16, -399.0929964289535; 
16, -389.9591198922135; 
16, -390.60586992744356; 
16, -389.1003499784274; 
16, -387.248390370165; 
16, -383.5939305543434; 
16, -385.2840748318122; 
16, -389.1878054042463; 
16, -393.4241918781772; 
16, -392.30029664275935; 
16, -393.4052310399129; 
16, -384.8122038289439; 
16, -382.4712630046997; 
16, -380.505240468774; 
16, -388.4217203486478; 
16, -393.08926472149324; 
16, -389.79342099034693; 
16, -390.71059673000127; 
16, -391.48589685501065; 
16, -391.726438547601; 
16, -385.129015536455; 
16, -381.0134369438165; 
16, -380.07348041178193; 
16, -388.4717572099762; 
16, -392.0103346063988; 
16, -389.7836283511715; 
16, -390.6399098995025; 
16, -389.1090475723031; 
16, -385.76410710730124; 
16, -396.7222951486474; 
16, -382.98850047704764; 
16, -383.504516594694; 
16, -388.1983577837236; 
16, -383.9556121532805; 
16, -398.4076936363708; 
16, -384.111593236099; 
16, -396.74008649168536; 
16, -391.7714858377585; 
16, -386.839213229483; 
16, -390.8166804590728; 
16, -379.37253069668077; 
16, -390.12894887127914; 
16, -384.5430745681515; 
16, -380.2776574391173; 
16, -377.47664551914204; 
16, -378.7570897844853; 
16, -391.3792713540024; 
16, -387.95804625638993; 
16, -376.7128332356224; 
16, -370.80722807964776; 
16, -353.6602030064678; 
16, -373.80785557988565; 
16, -383.29516228468856; 
16, -384.59880123799667; 
16, -383.58953862736234; 
16, -394.8598606358282; 
16, -377.4323280819226; 
16, -390.04527725931257; 
16, -378.4169488029438; 
16, -377.72734131809557; 
16, -393.6226361442823; 
16, -379.2072095667245; 
16, -391.53644242690643; 
16, -385.8713456906262; 
16, -393.5512765306048; 
16, -378.05106722324854; 
16, -384.00621979351854; 
16, -390.46331459109206; 
16, -381.43974710651673; 
16, -382.647270188143; 
16, -378.40039993741084; 
16, -403.6443118985626; 
16, -395.136834637844; 
16, -407.5419106694171; 
16, -408.65692242141813; 
16, -399.5799811453908; 
16, -406.0202222613734; 
16, -379.4798752753413; 
16, -375.04136585479137; 
16, -367.6184026613482; 
16, -389.7260815433692; 
16, -379.37524455651874; 
16, -380.2907433009823; 
16, -376.1413665476721; 
16, -386.76088276936207; 
16, -367.76349930808647; 
16, -382.0864821933792; 
16, -383.86146957450546; 
16, -402.78736135707004; 
16, -375.62374068662757; 
16, -375.691645239247; 
16, -388.1152274054475; 
16, -383.06708113476634; 
16, -386.4010707245907; 
16, -383.5526570530492; 
16, -373.42083287535934; 
16, -381.11081424646545; 
16, -378.408102864807; 
16, -376.1234406530857; 
16, -396.76666727656266; 
16, -391.8518147912109; 
16, -365.89006510796025; 
16, -371.42231900128536; 
16, -372.83013116556685; 
16, -387.7450494628865; 
16, -391.41181478032377; 
16, -400.4822396824602; 
16, -377.10268198431004; 
16, -380.6871318680933; 
16, -372.4724564581993; 
16, -398.1286777968053; 
16, -377.6903916398878; 
16, -386.2922716742614; 
16, -378.80440163222374; 
16, -388.22818784223637; 
16, -389.8697856871295; 
16, -385.54241627355805; 
16, -378.6290053164121; 
16, -381.11082912853453; 
16, -385.2141270816792; 
16, -382.6659196750261; 
16, -369.9751996382256; 
16, -384.0362548985868; 
16, -380.389163447544; 
16, -379.79864027851727; 
16, -383.9872794976691; 
16, -384.4189780248562; 
16, -385.92863493802724; 
16, -370.30129427678185; 
16, -382.02033617236884; 
16, -388.1956650101929; 
16, -370.91008222696837; 
16, -377.0097752554575; 
16, -383.3294976854231; 
16, -380.4480969544966; 
16, -387.0054987767362; 
16, -369.09155227290466; 
16, -380.82527374848723; 
16, -384.7200369053171; 
16, -379.4677246690262; 
16, -383.448375942593; 
16, -371.86165044881636; 
16, -369.103271388798; 
16, -387.6956502047833; 
16, -369.7752824773779; 
16, -373.9719610870234; 
16, -376.20044747088104; 
16, -375.9636786886258; 
16, -380.2942119798972; 
16, -379.5122513481765; 
16, -383.8714573288453; 
16, -381.71641294832807; 
16, -384.2675456168945; 
16, -392.2404923333088; 
16, -380.8023599538719; 
16, -389.112421170983; 
16, -390.31175559497206; 
16, -377.4911926743807; 
16, -379.1237818886293; 
16, -385.2990333347698; 
16, -378.9331642659381; 
16, -381.83046354033286; 
16, -387.39431059354683; 
16, -387.1057901598979; 
16, -378.5555357762496; 
16, -374.38426669250475; 
16, -382.6260611687321; 
16, -376.81458628497785; 
16, -383.97355429601157; 
16, -399.7853179994854; 
16, -379.7126976745785; 
16, -381.15706746210344; 
16, -378.22289895114955; 
16, -385.15311615006067; 
16, -386.3377244626172; 
16, -393.602642796468; 
16, -385.44757220271276; 
16, -398.14292407484027; 
16, -393.6744319446152; 
16, -388.24911396519747; 
16, -384.74160789267626; 
16, -383.98379947582725; 
16, -387.0534925649408; 
16, -384.76582367683295; 
16, -393.3706982535077; 
16, -375.8599892980419; 
16, -384.6503052304033; 
16, -388.18764284602366; 
16, -373.77301528915996; 
16, -386.4467983141076; 
16, -382.1842418148881; 
16, -377.53568760486087; 
16, -388.33877298329026; 
16, -383.6923070687335; 
16, -370.67678792611696; 
16, -382.65060977230314; 
16, -378.71971189661417; 
16, -361.7916397167719; 
16, -382.79517063702224; 
16, -389.8269520511385; 
16, -380.18364056013525; 
16, -384.1745430480805; 
16, -386.37104593613185; 
16, -374.7933229447226; 
16, -379.26953204273013; 
16, -371.39369340543635; 
16, -403.245065279596; 
16, -389.0909116405528; 
16, -390.51749182707863; 
16, -387.0141840262222; 
16, -382.07994609471643; 
16, -381.00040381902363; 
16, -377.5767745365156; 
16, -378.4695756458095; 
16, -392.0016368939541; 
16, -385.32542277977336; 
16, -378.53449297719635; 
16, -378.6459010717226; 
16, -377.13753617205657; 
16, -378.64269990025787; 
16, -381.4485663144151; 
16, -382.4041287813452; 
16, -382.2664795098244; 
16, -381.50387847574893; 
16, -393.13694600533927; 
16, -372.25497791566886; 
16, -377.00604057486635; 
16, -365.4473541630432; 
16, -397.1020788336755; 
16, -381.07839603029424; 
16, -382.9179599508643; 
16, -378.4788107466884; 
16, -409.6957558346912; 
16, -399.385559338436; 
16, -392.487753483525; 
16, -394.4143726013717; 
16, -391.5960072171292; 
16, -434.28231001179665; 
16, -476.10753007931635; 
16, -423.1132247100468; 
16, -388.2429323535762; 
16, -402.0096514792531; 
16, -388.78422924526967; 
16, -381.42838959157234; 
16, -377.05915111652575; 
16, -373.20658933295636; 
16, -394.99180720961886; 
16, -386.3573739734711; 
16, -382.72784859040985; 
16, -386.8046765779145; 
16, -385.9722161780228; 
16, -383.3400766500272; 
16, -387.5576324907015; 
16, -384.277094258985; 
16, -380.9134895746247; 
16, -390.37629003997426; 
16, -373.7399120411719; 
16, -394.3030409477651; 
16, -387.5097637801664; 
16, -379.294131626084; 
16, -392.8080374856945; 
16, -387.73614377505146; 
16, -372.75592898455216; 
16, -379.5792408345733; 
16, -387.61772618314717; 
16, -381.95438458037097; 
16, -380.839688305452; 
16, -386.43392033310374; 
16, -381.3316928615677; 
16, -389.58016795438016; 
16, -371.63225970848; 
16, -375.4910004233825; 
16, -397.5796131854295; 
16, -381.8546297242283; 
16, -378.5618443589774; 
16, -389.3279874478467; 
16, -382.29824202443706; 
16, -402.6000495769549; 
16, -404.9129526587785; 
16, -392.1474765338935; 
16, -387.5783304324141; 
16, -393.96017065719934; 
16, -383.52906601678114; 
16, -385.82088183797896; 
16, -378.9634680576273; 
16, -390.0831901318161; 
16, -393.4141307017999; 
16, -383.2871469495585; 
16, -382.63247120770393; 
16, -381.92217712511774; 
16, -381.78961682581576; 
16, -381.0318707349361; 
16, -382.153785292292; 
16, -386.8206935832859; 
16, -388.2009610828245; 
16, -381.3246341563063; 
16, -384.2056811150396; 
16, -378.5242135581211; 
16, -388.56033701164415; 
16, -375.87142216210486; 
16, -387.0563366828137; 
16, -382.4819160392508; 
16, -382.8231284877984; 
16, -370.73912527313223; 
16, -375.16087810497265; 
16, -378.69160492526134; 
16, -383.07767202937976; 
16, -399.5364439035184; 
16, -385.6365372244618; 
16, -365.35526373353787; 
16, -382.7189836257603; 
16, -390.0142988311127; 
16, -383.33715492481133; 
16, -375.01004840503447; 
16, -386.3811318029184; 
16, -372.4950535883545; 
16, -378.5899992894847; 
16, -379.3885281639523; 
16, -381.4625420559314; 
16, -374.6731267463183; 
16, -366.111408331024; 
16, -382.548449832655; 
16, -384.7292705909931; 
16, -401.22080600319896; 
16, -376.19104821170913; 
16, -386.84663145954255; 
16, -380.73220098298043; 
16, -381.5294597649481; 
16, -386.0227620009682; 
16, -379.26769620529376; 
16, -377.2762585838791; 
16, -376.6458732947358; 
16, -390.53993935958715; 
16, -377.52286082232604; 
16, -379.21129432163434; 
16, -383.8041444128612; 
16, -382.97724626987474; 
16, -398.8573172640754; 
16, -394.3136086490704; 
16, -376.396024182206; 
16, -394.1296138346079; 
16, -385.58165185543476; 
16, -379.72787921346026; 
16, -378.2033084227587; 
16, -390.0537606681464; 
16, -377.7234754334204; 
16, -381.10794193216134; 
16, -381.65072965685977; 
16, -387.15491679514525; 
16, -384.5866613321705; 
16, -400.6548990312731; 
16, -399.9707465635147; 
16, -392.5892016752041; 
16, -385.1011163564981; 
16, -378.07641163107473; 
16, -393.48639939771965; 
16, -374.3930983057362; 
16, -384.9142386484309; 
16, -388.1252336887992; 
16, -375.9128415797022; 
16, -379.1612287030439; 
16, -383.85834898013854; 
16, -389.05849726556335; 
16, -384.0526841484825; 
16, -379.73647995170904; 
16, -394.38992404576857; 
16, -383.5494213125203; 
16, -374.91553020692663; 
16, -379.9306090968312; 
16, -377.82173664611764; 
16, -368.88880179973785; 
16, -378.99544431921095; 
16, -380.59720189485233; 
16, -372.4907802012749; 
16, -380.0813936308259; 
16, -386.2987285363488; 
16, -378.14142807223834; 
16, -371.2778619535966; 
16, -372.8388451458886; 
16, -383.17671159864403; 
16, -380.2905441116309; 
16, -373.73273962864187; 
16, -356.1030630010064; 
16, -383.9961988767027; 
16, -384.20584447612055; 
16, -385.3964171940461; 
16, -373.84060776716797; 
16, -386.03068871359574; 
16, -392.23528685513884; 
16, -394.8342385075521; 
16, -404.9511326823267; 
16, -384.6167647219263; 
16, -371.02114931185497; 
16, -378.10928512061946; 
16, -383.1247272116598; 
16, -373.39065914816456; 
16, -386.861130854988; 
16, -382.0198875257629; 
16, -383.96140405425103; 
16, -391.6990215947153; 
16, -373.9171850363491; 
16, -366.7580655757338; 
16, -376.55120303621516; 
16, -395.27643925941084; 
16, -388.6904478931101; 
16, -383.1644906059373; 
16, -388.30003569170367; 
16, -385.76950085989665; 
16, -376.7417451541405; 
16, -383.96935792523436; 
16, -377.2510140815284; 
16, -386.8620984684676; 
16, -372.41832529602107; 
16, -380.19970557745546; 
16, -380.944401439745; 
16, -394.60030776041094; 
16, -380.3292396829929; 
16, -374.4141973989317; 
16, -381.86901925446; 
16, -379.6554133358877; 
16, -377.80863545567263; 
16, -380.689016168355; 
16, -397.5324615634745; 
16, -364.4946837890893; 
16, -376.7159500224516; 
16, -386.7282087492058; 
16, -380.4456704602344; 
16, -380.68082883942407; 
16, -385.58264919300564; 
16, -378.0389042979805; 
16, -380.9822044688044; 
16, -380.23969836428296; 
16, -376.71341616788413; 
16, -376.69354870170355; 
16, -390.77925860509276; 
16, -403.87426875159144; 
16, -383.48142001451924; 
16, -372.85426591103896; 
16, -381.46131652093027; 
16, -381.7585198250599; 
16, -377.59007212601136; 
16, -380.2220064724097; 
16, -377.2431850581197; 
16, -383.18707366427407; 
16, -376.97185298986733; 
16, -382.35958349716384; 
16, -375.721291841357; 
16, -374.51709514076356; 
16, -394.2984569519758; 
16, -379.6299789302284; 
16, -373.2041671463521; 
16, -386.5728737140307; 
16, -388.953326902003; 
16, -385.12886327540036; 
16, -379.8680089779664; 
16, -384.8472670961637; 
16, -372.91378484864254; 
16, -382.29924911190756; 
16, -382.6878487378126; 
16, -376.6866188158747; 
16, -379.46631986426655; 
16, -391.4658155698562; 
16, -385.75715904671233; 
16, -367.13430066534784; 
16, -377.62485025962815; 
16, -396.60662589780986; 
16, -398.92235552263446; 
16, -387.87608002731577; 
16, -390.7757395405788; 
16, -378.1963616035646; 
16, -398.7807048894465; 
16, -395.8661387846805; 
16, -390.45226168085355; 
16, -405.64878466830123; 
16, -404.5421173678478; 
16, -383.0902229846688; 
16, -414.97109078406356; 
16, -378.72144820995163; 
16, -377.60652249201667; 
16, -378.6637494249735; 
16, -380.66947850363795; 
16, -378.9199731516419; 
16, -387.8937023546314; 
16, -375.83891376201063; 
16, -388.12969068833627; 
16, -376.5999877221184; 
16, -378.2453924041474; 
16, -371.16676309437025; 
16, -376.65689919516444; 
16, -387.38930818310473; 
16, -388.0975622301921; 
16, -386.8994171563536; 
16, -379.68692009861115; 
16, -392.7240375620313; 
16, -391.8142494369531; 
16, -393.6244518290041; 
16, -388.83056026359554; 
16, -394.8137808246538; 
16, -388.96608904900495; 
16, -381.4697400670266; 
16, -381.6548129613511; 
16, -391.46057232422754; 
16, -400.39199148805346; 
16, -392.9986211928772; 
16, -401.11588928767014; 
16, -390.27229769853875; 
16, -400.12263246811926; 
16, -379.1832029396901; 
16, -390.4834369175369; 
16, -386.5627322635846; 
16, -401.2675110056298; 
16, -390.22130459547043; 
16, -392.3466601477703; 
16, -385.8096036378993; 
16, -371.5495814407477; 
16, -375.15809386165347; 
16, -383.08257293503266; 
16, -382.209495459334; 
16, -377.6328215560643; 
16, -380.52949046914; 
16, -385.51904786843807; 
16, -384.69436685659457; 
16, -380.02379754697904; 
16, -381.12463640631177; 
16, -392.55090395139996; 
16, -375.21830407739617; 
16, -378.98046361037996; 
16, -382.4213119369233; 
16, -396.94220212788787; 
16, -384.897594248876; 
16, -370.71044286713004; 
16, -390.3113089328399; 
16, -391.30085578304715; 
16, -384.018577872077; 
16, -382.21243871969637; 
16, -406.70927733462304; 
16, -374.3836090558907; 
16, -387.4964487235993; 
16, -383.55323335004505; 
16, -378.9784080381505; 
16, -375.6459149122238; 
16, -371.144089643145; 
16, -395.0879352350021; 
16, -382.9474898072658; 
16, -393.3891176278703; 
16, -396.58853666100185; 
16, -390.3283095450606; 
16, -393.3094169192482; 
16, -387.70159886567853; 
16, -392.39094657613896; 
16, -388.8776829993585; 
16, -391.5728103328729; 
16, -369.76404539553914; 
16, -379.0584747091634; 
16, -385.19525867991615; 
16, -395.0609964383766; 
16, -383.847576103406; 
16, -386.16319186904; 
16, -390.060416891356; 
16, -392.1635446816217; 
16, -382.642777245841; 
16, -389.1956590638729; 
16, -383.0726697857026; 
16, -390.65907787927426; 
16, -390.34269796370063; 
16, -381.5090075302869; 
16, -383.82706811104435; 
16, -372.58503600535914; 
16, -391.38489064900205; 
16, -388.7848567608744; 
16, -377.6517918953905; 
16, -376.5272807214642; 
16, -382.0767769697122; 
16, -375.73423158039805; 
16, -383.3442441879306; 
16, -374.40554044244345; 
16, -382.31662531010807; 
16, -388.71862227027304; 
16, -394.9301728375722; 
16, -395.2353898534784; 
16, -380.49014237348456; 
16, -386.4529704366578; 
16, -389.55478256952483; 
16, -388.3971975380555; 
16, -381.6070857994491; 
16, -387.24214294960257; 
16, -389.34324940433726; 
16, -392.07923664082773; 
16, -388.8227402338525; 
16, -385.60272031009663; 
16, -387.84100932779256; 
16, -388.4454760787776; 
16, -381.37681843549944; 
16, -392.1944058688823; 
16, -377.3726481124759; 
16, -387.2808889437001; 
16, -379.85434871865436; 
16, -382.42186196229886; 
16, -389.6035762113752; 
16, -377.07147710735444; 
16, -378.739002925111; 
16, -397.159687524545; 
16, -374.200504908571; 
16, -392.8539815249387; 
16, -385.9003056208603; 
16, -391.7626566559775; 
16, -386.234714445658; 
16, -380.56983823271; 
16, -383.9590380380396; 
16, -386.89265239820816; 
16, -386.7190731201554; 
16, -391.7568324843887; 
16, -390.57893974136095; 
16, -380.6110112750903; 
16, -378.13248003437184; 
16, -369.1000893691089; 
16, -399.78795704524964; 
16, -391.23261981620453; 
16, -390.82406198675744; 
16, -381.0273572895676; 
16, -388.99417266913224; 
16, -401.18035880080424; 
16, -397.5944687713636; 
16, -404.63568149344064; 
16, -400.5597038564738; 
16, -391.5674837275874; 
16, -385.8802415255923; 
16, -382.26794789289124; 
16, -387.2267598643666; 
16, -368.69781863491517; 
16, -380.8047622089507; 
16, -360.63828410056885; 
16, -390.56148177129216; 
16, -377.2123039555736; 
16, -370.5855222241953; 
16, -381.2379550107289; 
16, -383.62170430715196; 
16, -379.8891862339806; 
16, -381.2660878135357; 
16, -396.4367529823212; 
16, -391.8974422055762; 
16, -386.0711965231458; 
16, -385.8334183441475; 
16, -377.07293712254614; 
16, -393.7154960241169; 
16, -385.0787019528216; 
16, -382.66207909723744; 
16, -389.5788466031663; 
16, -386.25099790503737; 
16, -374.5280082982499; 
16, -382.82121081929654; 
16, -395.3896291095298; 
16, -387.5708994686138; 
16, -385.109477075981; 
16, -388.1949889186071; 
16, -381.94921853451524; 
16, -375.73506622272544; 
16, -381.6677478586789; 
16, -375.3305501239374; 
16, -374.87726523773745; 
16, -374.07717169239186; 
16, -383.8950218325481; 
16, -383.43670976080466; 
16, -383.7172612983268; 
16, -396.6250422139419; 
16, -393.3838072558865; 
16, -389.88362763961777; 
16, -389.2445417147828; 
16, -379.300012391177; 
16, -383.64825759176165; 
16, -417.7962924442254; 
16, -409.34777100745123; 
16, -383.23064973636065; 
16, -387.1127209132537; 
16, -386.15159822790883; 
16, -390.1079085265519; 
16, -378.9070344979409; 
16, -387.16413172590546; 
16, -381.11501122755; 
16, -355.7602618748788; 
16, -389.0468930649804; 
16, -390.50244466611184; 
16, -376.4518151850207; 
16, -379.601840106654; 
16, -379.4253770627547; 
16, -375.95310149353463; 
16, -392.17497359914705; 
16, -382.51709900062997; 
16, -377.6170850847848; 
16, -390.35231233376544; 
16, -386.2677263477817; 
16, -374.20751488697715; 
16, -375.53805752750486; 
16, -376.0805383140687; 
16, -392.5204373092856; 
16, -398.73869505908806; 
16, -379.5462071694201; 
16, -387.4118329269113; 
16, -389.27073130814824; 
16, -387.3773679099977; 
16, -381.53196024906356; 
16, -371.0227336671669; 
16, -366.5257879056735; 
16, -385.8843450273853; 
16, -380.01641352591105; 
16, -377.3043363173492; 
16, -373.37039008399006; 
16, -387.4891556989169; 
16, -387.9085749515798; 
16, -387.7087200108217; 
16, -378.3370880659204; 
16, -380.30915169464424; 
16, -369.5017709363019; 
16, -393.3338812176371; 
16, -390.0445601462852; 
16, -363.156932083657; 
16, -367.8367061013123; 
16, -381.96012300637085; 
16, -391.57400510145817; 
16, -385.5536535172723; 
16, -378.84914043778554; 
16, -384.8510964512825; 
16, -360.7401110139908; 
16, -368.3673074032413; 
16, -380.66593932604883; 
16, -386.80434660380706; 
16, -380.31393378204666; 
16, -378.92487513949163; 
16, -380.8102180083515; 
16, -367.7682966007851; 
16, -389.7218422567239; 
16, -384.0178142810473; 
16, -385.3547974288231; 
16, -392.2187697815243; 
16, -388.9600390031701; 
16, -380.0719816732453; 
16, -380.426978595322; 
16, -384.2182704996085; 
16, -381.07748911785893; 
16, -374.7607548034284; 
16, -384.31921671517193; 
16, -379.4697962895734; 
16, -388.56719133921433; 
16, -387.8573730458738; 
16, -376.01517540286295; 
16, -377.7256614075741; 
16, -378.0243299716385; 
16, -389.0062222536653; 
16, -373.6432149496395; 
16, -383.8911727165105; 
16, -363.17691781010944; 
16, -383.5054914598586; 
16, -363.456593564013; 
16, -389.25996333465446; 
16, -367.8192407041788; 
16, -380.7329396735877; 
16, -384.5799228482647; 
16, -367.94360934209544; 
16, -385.4813518541632; 
16, -381.51277620194014; 
16, -373.7917642267421; 
16, -388.145476691192; 
16, -371.9837500269059; 
16, -366.2518339439994; 
16, -377.57511494948994; 
16, -378.7223535894882; 
16, -378.7636990454048; 
16, -378.5637796258088; 
16, -376.1135168216424; 
16, -376.0409376906464; 
16, -391.0586377561558; 
16, -386.2242361763492; 
16, -380.99690670729615; 
16, -386.4962651669048; 
16, -371.764080662746; 
16, -390.3780003382126; 
16, -372.66553239140194; 
16, -367.5389370388584; 
16, -382.9106318653794; 
16, -382.03716158820316; 
16, -378.82349549769424; 
16, -369.4620696824277; 
16, -384.85889193590265; 
16, -380.9309566260781; 
16, -374.6734635361936; 
16, -368.3025578332599; 
16, -387.326528577134; 
16, -391.3784778218251; 
16, -384.6161872110097; 
16, -367.37838348420337; 
16, -380.4072927401867; 
16, -385.22650740179233; 
16, -386.4286404469749; 
16, -388.16954250331037; 
16, -377.5852062199265; 
16, -378.78562557219993; 
16, -371.23946159973275; 
16, -380.9846981969895; 
16, -379.91973866999615; 
16, -391.22515951970126; 
16, -373.83207736641634; 
16, -374.0642421040684; 
16, -388.63916236325167; 
16, -400.5032280529849; 
16, -392.266569117317; 
16, -391.6720142355189; 
16, -388.4495281886775; 
16, -387.863184629241; 
16, -387.2132667937549; 
16, -399.4472712276038; 
16, -393.40435245796107; 
16, -390.5938328903867; 
16, -381.9985277939122; 
16, -392.77029742859304; 
16, -382.83413973858114; 
16, -377.81447662308346; 
16, -383.04390013136435; 
16, -378.7197095344309; 
16, -396.54481411271263; 
16, -409.369774365332; 
16, -426.9878550020512; 
16, -402.2561711331364; 
16, -381.18449718214106; 
16, -402.3458302629879; 
16, -389.55461912811734; 
16, -392.80419405316934; 
16, -404.77483408595435; 
16, -381.36352918995544; 
16, -372.75609504268505; 
16, -395.7229463204276; 
16, -384.9692051729653; 
16, -379.6312285977183; 
16, -381.9535300829448; 
16, -386.45089951506816; 
16, -355.62946463539265; 
16, -380.920559698483; 
16, -376.295885941945; 
16, -375.5365977186011; 
16, -374.1731775975786; 
16, -387.4120919201523; 
16, -380.3177892884705; 
16, -384.2043170374818; 
16, -387.86592905479483; 
16, -387.9374997597188; 
16, -394.77952641248703; 
16, -383.0883372273529; 
16, -382.15187143266667; 
16, -387.1680207801983; 
16, -378.3046350562945; 
16, -380.07918410387356; 
16, -393.2229762765346; 
16, -383.8369532087818; 
16, -380.8797745674383; 
16, -369.0089332573116; 
16, -369.995444687549; 
16, -383.66159216850065; 
16, -380.09899788489565; 
16, -389.2441955492832; 
16, -389.96323186997324; 
16, -382.3482146997703; 
16, -379.4011385870399; 
16, -376.0598560493672; 
16, -391.15575433394406; 
16, -382.0325641732197; 
16, -378.25470725260675; 
16, -371.3356134814676; 
16, -405.0959707034053; 
16, -390.8398448867956; 
16, -391.86030140996445; 
16, -401.72901273483876; 
16, -401.2746814080747; 
16, -396.5339130536886; 
16, -391.81579524697736; 
16, -398.4682803078322; 
16, -385.26881404791493; 
16, -389.7527596668806; 
16, -387.621724205208; 
16, -414.2448760471307; 
16, -387.14648069790564; 
16, -372.4777467189124; 
16, -375.47610084316693; 
16, -381.3791621971177; 
16, -373.0579999483889; 
16, -371.31804998673033; 
16, -389.5597220272757; 
16, -372.1379149289569; 
16, -380.8168480680324; 
16, -389.7328079328872; 
16, -384.4504327371251; 
16, -373.2767424011836; 
16, -364.6533375295112; 
16, -391.6018119894434; 
16, -383.3178883465007; 
16, -382.691829507472; 
16, -394.90639236406423; 
16, -391.21083199081477; 
16, -388.842686707736; 
16, -368.185719643021; 
16, -380.88510653341655; 
16, -380.7008839267073; 
16, -373.5880724939052; 
16, -403.7133699886035; 
16, -351.07889717735816; 
16, -370.9265709175961; 
16, -370.76114866300486; 
16, -391.2030908819288; 
16, -380.55240079713985; 
16, -387.0117344362661; 
16, -389.5226226502564; 
16, -384.8652363951551; 
16, -377.53821632638574; 
16, -392.78003889345564; 
16, -388.74009021010716; 
16, -370.34025794186164; 
16, -378.0948995022336; 
16, -376.3910413440317; 
16, -367.0403281052131; 
16, -402.1362018324435; 
16, -424.43826927244663; 
16, -407.70954351802357; 
16, -386.13992198521737; 
16, -370.166678592097; 
16, -380.41176741733216; 
16, -360.93537228694186; 
16, -385.7521067810012; 
16, -400.5962477985304; 
16, -379.4235624417197; 
16, -379.036951689166; 
16, -385.2437848126283; 
16, -390.5056052887812; 
16, -383.3905773331644; 
16, -387.8193877580343; 
16, -384.89469966024626; 
16, -388.60094414500054; 
16, -378.65623399056494; 
16, -381.1765307642054; 
16, -379.563837145688; 
16, -372.69321672571823; 
16, -392.70519415999297; 
16, -397.55903596861754; 
16, -386.1144948260626; 
16, -384.31434652244207; 
16, -365.5525977241341; 
16, -377.48992265667766; 
16, -376.8504110726062; 
16, -363.1923360566143; 
16, -373.91150164953433; 
16, -386.2038250530604; 
16, -377.9007908104686; 
16, -390.717858506483; 
16, -370.3180034663528; 
16, -382.5303025995381; 
16, -356.6588940542424; 
16, -379.31339155568276; 
16, -375.0877751542721; 
16, -384.1615697593661; 
16, -373.265947457985; 
16, -378.40291473595425; 
16, -372.15395275224; 
16, -380.3278472236125; 
16, -374.89238862507045; 
16, -377.9762505682884; 
16, -386.12686988618225; 
16, -374.5714559914777; 
16, -385.6415901524015; 
16, -386.84222606697585; 
16, -387.58767517097294; 
16, -390.02614376088604; 
16, -381.48241055500694; 
16, -384.80286055780016; 
16, -387.38107166672125; 
16, -385.3340167310089; 
16, -378.3358145481907; 
16, -375.350342937978; 
16, -384.22262282995507; 
16, -386.78385312180035; 
16, -393.2065491572721; 
16, -380.60949555342086; 
16, -376.87484435003716; 
16, -383.8513463847339; 
16, -381.9822264573304; 
16, -385.55412584368605; 
16, -376.873759531416; 
16, -377.25026754592545; 
16, -382.19739016203675; 
16, -381.1129740407923; 
16, -383.8195572012337; 
16, -394.00053524784744; 
16, -384.9362187735969; 
16, -377.77442506188527; 
16, -382.52179740672; 
16, -384.74084847013; 
16, -383.8296027656179; 
16, -384.856466486468; 
16, -378.12756573350634; 
16, -377.7945731835207; 
16, -366.5652574105188; 
16, -345.91625011665747; 
16, -378.26079373969696; 
16, -388.78647422534414; 
16, -388.8102490878664; 
16, -381.09759332821704; 
16, -383.2903166945325; 
16, -383.0182765565114; 
16, -395.89446990645956; 
16, -383.14713922084775; 
16, -387.7487167804502; 
16, -371.55050501355436; 
16, -383.45720655156765; 
16, -380.16196026303805; 
16, -387.00121404381935; 
16, -381.5064710843144; 
16, -380.75574377016164; 
16, -379.6320972640533; 
16, -387.9309216339607; 
16, -376.19432279258035; 
16, -382.43112566298805; 
16, -373.87001285958104; 
16, -380.73026752402075; 
16, -386.49641943816096; 
16, -373.7885099538835; 
16, -383.6901102181291; 
16, -387.49578762822784; 
16, -383.2567255262984; 
16, -381.4578404324129; 
16, -382.79773310839664; 
16, -383.1411517148372; 
16, -391.95251241349615; 
16, -381.0566214264836; 
16, -389.65415628813207; 
16, -383.4057696746895; 
16, -385.7288244132651; 
16, -375.08227339270525; 
16, -382.89676887344103; 
16, -388.6915679081576; 
16, -381.96589168941136; 
16, -378.6349372352706; 
16, -386.1163993861992; 
16, -374.33927024691366; 
16, -383.4303944762796; 
16, -369.66265551990364; 
16, -386.3796206995612; 
