16, -356.29901592598844; 
16, -405.6677962385834; 
16, -365.4822574098423; 
16, -374.2475129303575; 
16, -375.1007064870139; 
16, -392.7652815817337; 
16, -384.0019971700144; 
16, -376.534335718718; 
16, -394.3995527133784; 
16, -384.25843582258995; 
16, -371.85289888525176; 
16, -384.4104628413543; 
16, -375.9176525993744; 
16, -395.4657719663728; 
16, -380.58427204279724; 
16, -396.46280289057904; 
16, -387.0864143601202; 
16, -383.0805066266548; 
16, -396.0336051589393; 
16, -370.92077632114433; 
16, -378.2932593378782; 
16, -378.1943624681153; 
16, -391.85758038451786; 
16, -382.9695324162476; 
16, -374.20047029408124; 
16, -390.44999688546886; 
16, -372.1351367348707; 
16, -390.08632441983355; 
16, -378.5475934326805; 
16, -380.17761249830073; 
16, -378.20710897311983; 
16, -386.1477210337707; 
16, -358.6241740871046; 
16, -374.6292940209314; 
16, -367.9001435634291; 
16, -371.4396888383071; 
16, -386.77193459263435; 
16, -372.34492616148054; 
16, -360.56403116304136; 
16, -372.5558214967423; 
16, -382.1884301661448; 
16, -373.52013929943314; 
16, -391.55697738209346; 
16, -404.4424670350436; 
16, -387.5836082010246; 
16, -402.2769156102768; 
16, -399.24834536285925; 
16, -361.5378377247871; 
16, -375.07915521445466; 
16, -362.0950258465127; 
16, -359.96327007199943; 
16, -382.89132680894545; 
16, -369.18697148474166; 
16, -379.3050120963926; 
16, -374.02332853015105; 
16, -387.7608706956271; 
16, -372.20128145569834; 
16, -373.0641774374344; 
16, -362.40648282827897; 
16, -363.25076195281144; 
16, -370.19673274940214; 
16, -365.8813079730753; 
16, -354.9369604477142; 
16, -384.3844620965938; 
16, -384.4921046713025; 
16, -374.35667604292394; 
16, -370.99871163739954; 
16, -432.49248626058034; 
16, -406.04153288240195; 
16, -420.496485749798; 
16, -357.07267765496726; 
16, -399.5110389723741; 
16, -377.29592463074005; 
16, -375.14873517600427; 
16, -404.577765652728; 
16, -401.0588387924363; 
16, -379.00828087317495; 
16, -400.8141885939185; 
16, -408.8887629675155; 
16, -390.0856638261248; 
16, -375.65731853734906; 
16, -377.7929550020817; 
16, -381.4686217690869; 
16, -364.23488635611284; 
16, -373.7802465429231; 
16, -379.84445453437; 
16, -360.3876988110642; 
16, -367.58486846576125; 
16, -373.35483671915426; 
16, -370.22974034946674; 
16, -356.008664061068; 
16, -360.7362836125685; 
16, -361.229112813402; 
16, -337.2733550883786; 
16, -338.19160222997743; 
16, -419.7029157726065; 
16, -392.5871694027592; 
16, -380.381831029772; 
16, -376.1101814081994; 
16, -356.52417190533015; 
16, -387.70733158518124; 
16, -412.90272311015724; 
16, -405.3766217618977; 
16, -399.8550789240471; 
16, -396.3866886350297; 
16, -413.3197211615625; 
16, -390.4786851257086; 
16, -388.6535131089986; 
16, -386.83917533898784; 
16, -415.05220965151966; 
16, -384.1174874334538; 
16, -390.0784706790291; 
16, -424.48339931141527; 
16, -407.2076905431386; 
16, -413.82377729846485; 
16, -424.9436104030974; 
16, -429.90509065848164; 
16, -385.2539705529198; 
16, -360.52357699842105; 
16, -382.52114860645815; 
16, -383.3641044145188; 
16, -388.44874376928055; 
16, -365.68489505424077; 
16, -392.18811680965155; 
16, -369.0545739448353; 
16, -388.58623844585964; 
16, -397.18197116338706; 
16, -419.0490962221156; 
16, -407.52178843612637; 
16, -403.5765121719887; 
16, -398.45040376735415; 
16, -415.40274382460484; 
16, -395.37079643949255; 
16, -389.6628232919538; 
16, -398.6304978660846; 
16, -379.69295118179434; 
16, -393.3505779306506; 
16, -406.3905008851216; 
16, -384.45153524146735; 
16, -408.80814327953703; 
16, -389.18156854646804; 
16, -397.66320799796813; 
16, -414.1908079038549; 
16, -401.98354049269255; 
16, -368.18253351830936; 
16, -355.2871865357956; 
16, -401.38309394232783; 
16, -368.64436958631995; 
16, -274.188638405416; 
16, -257.3649242199681; 
16, -239.53851580153423; 
16, -221.99119976069778; 
16, -350.3157583562279; 
16, -333.3646807412151; 
16, -389.2232032112661; 
16, -414.41576097106736; 
16, -404.82574701418343; 
16, -404.24810443967726; 
16, -378.41886941897246; 
16, -389.440978608749; 
16, -392.4845375020159; 
16, -397.36150509656727; 
16, -389.75831270653; 
16, -399.5003256479322; 
16, -385.56760459479847; 
16, -403.75368234544294; 
16, -412.35171234759036; 
16, -398.17186496325303; 
16, -399.2097505715501; 
16, -395.72086952309473; 
16, -400.9662509365444; 
16, -397.5170813611767; 
16, -405.7481718136405; 
16, -405.743756028809; 
16, -403.29915134191106; 
16, -392.9187903960701; 
16, -401.1288010256394; 
16, -394.8327648415725; 
16, -385.0794553379528; 
16, -397.5142643913132; 
16, -394.8806922587828; 
16, -386.65157026761153; 
16, -375.9602621248778; 
16, -361.6069779117679; 
16, -400.5992956295959; 
16, -387.30227406964696; 
16, -400.86424380596145; 
16, -395.845308109856; 
16, -401.5922098579176; 
16, -383.1929763551161; 
16, -387.07747103432484; 
16, -386.9671905521973; 
16, -398.6433693621657; 
16, -388.86632409320737; 
16, -386.19545926291903; 
16, -403.4280006839108; 
16, -383.7451979822363; 
16, -400.36998965499515; 
16, -389.95871678229014; 
16, -358.1548739363061; 
16, -327.9132568050409; 
16, -387.7307768819446; 
16, -399.9461517576128; 
16, -400.69893264026905; 
16, -395.20692137598235; 
16, -401.42551803470997; 
16, -393.66972963871376; 
16, -385.9117315216572; 
16, -384.15207757834287; 
16, -391.7591103107843; 
16, -393.91753669107857; 
16, -405.2241007278644; 
16, -383.8307564034767; 
16, -415.2289289774635; 
16, -394.47692191899114; 
16, -393.63941080374934; 
16, -389.54099590395344; 
16, -395.2498950388399; 
16, -397.58424640409066; 
16, -408.433547745517; 
16, -399.4423496969248; 
16, -400.5949828559387; 
16, -386.3783693683654; 
16, -373.2703467140673; 
16, -395.914456860206; 
16, -394.6243957565748; 
16, -386.4664473738085; 
16, -386.9756008711847; 
16, -375.5552218364028; 
16, -301.88060970572405; 
16, -292.15025998314377; 
16, -358.8241031671205; 
16, -376.82731677335687; 
16, -394.5204321772326; 
16, -345.3480030224455; 
16, -323.1455282039242; 
16, -330.934352954966; 
16, -373.52789967981516; 
16, -342.1551095816394; 
16, -307.5650024134229; 
16, -213.310409535683; 
16, -188.39627520911745; 
16, -318.2139741870633; 
16, -205.40073104039766; 
16, -291.8310206690221; 
16, -218.87509961239994; 
16, -293.26484685079777; 
16, -376.27904340229; 
16, -386.9597749240056; 
16, -394.8394184281351; 
16, -387.6530973372719; 
16, -375.7764466928347; 
16, -407.5639855827176; 
16, -360.8232353180065; 
16, -368.7499041904084; 
16, -384.6281145292596; 
16, -386.44329735108477; 
16, -386.60461747730733; 
16, -363.24078060660395; 
16, -393.7454409317288; 
16, -392.31638744425436; 
16, -392.42102286939917; 
16, -393.22503498665174; 
16, -399.09737154662434; 
16, -307.6781713632954; 
16, -354.0927308188402; 
16, -415.5690138248174; 
16, -405.339130188062; 
16, -383.9394293651567; 
16, -360.9300984572619; 
16, -371.05412002140656; 
16, -393.35205039475113; 
16, -392.6213188476686; 
16, -391.73394198319875; 
16, -406.68664078909205; 
16, -386.45147137394815; 
16, -393.446135275517; 
16, -394.9454879217956; 
16, -391.30427195514494; 
16, -382.6654013525258; 
16, -389.88354091318615; 
16, -381.8017356867931; 
16, -369.41467995331914; 
16, -344.8028412435233; 
16, -354.275769731772; 
16, -383.3141163738619; 
16, -381.9301662898215; 
16, -386.7018639744347; 
16, -392.84015971346525; 
16, -399.1536312426033; 
16, -339.75795420180657; 
16, -348.7416604034952; 
16, -402.39925611013314; 
16, -392.7378323854791; 
16, -394.6151310219284; 
16, -367.50423031681566; 
16, -338.23479719243187; 
16, -390.39409245915886; 
16, -394.4931417855696; 
16, -385.4054702845606; 
16, -382.25943757743516; 
16, -385.10918061104894; 
16, -400.7169782287965; 
16, -406.3999983438407; 
16, -392.5658221429476; 
16, -400.6617774084589; 
16, -394.8273254424421; 
16, -395.4342948434205; 
16, -413.16004514630185; 
16, -396.9120724852255; 
16, -396.8327713275503; 
16, -415.9749135428865; 
16, -416.61740454565734; 
16, -380.5016981860681; 
16, -397.8890402560355; 
16, -374.57252620554937; 
16, -306.0912152164383; 
16, -385.33264639182016; 
16, -389.04866461094934; 
16, -401.7040331126191; 
16, -371.08687972875487; 
16, -308.3999808263761; 
16, -396.76771003312024; 
16, -362.7842922734708; 
16, -320.7331387164595; 
16, -354.53717541236256; 
16, -396.07935703163093; 
16, -385.5292567845463; 
16, -391.2048339216126; 
16, -397.60178947038366; 
16, -392.187072512781; 
16, -374.9558366084675; 
16, -349.2813087850227; 
16, -360.56800453983305; 
16, -394.9539633319364; 
16, -382.0362498656759; 
16, -389.8367036106647; 
16, -396.53345777723007; 
16, -366.779204022605; 
16, -394.624756651654; 
16, -396.63973965171317; 
16, -407.44547969067935; 
16, -386.06685504777124; 
16, -333.8527817322756; 
16, -367.5120096094324; 
16, -353.51815697472193; 
16, -345.67825614110916; 
16, -260.35193678044016; 
16, -174.56102393980836; 
16, -244.082192522299; 
16, -293.69960491897655; 
16, -240.22142427857034; 
16, -216.71481265954208; 
16, -229.3930102272716; 
16, -234.77078986889683; 
16, -303.73053181092837; 
16, -304.66478023453965; 
16, -393.33926319825696; 
16, -390.06927797498065; 
16, -355.59487529160106; 
16, -225.55002278264146; 
16, -177.8953728468041; 
16, -379.6868280158087; 
16, -403.01805351499934; 
16, -385.13448811590206; 
16, -390.91374452839955; 
16, -400.1730788403074; 
16, -408.31040246094926; 
16, -390.9334931735939; 
16, -401.40747598555754; 
16, -397.85247353251907; 
16, -393.59564436940127; 
16, -324.11384606471984; 
16, -332.7510627001175; 
16, -385.5938823095057; 
16, -392.58609096173313; 
16, -394.39938514199457; 
16, -385.6993924123235; 
16, -391.20809627880226; 
16, -402.6734839230485; 
16, -390.10420777089894; 
16, -392.46140957903117; 
16, -367.15448423239286; 
16, -338.9184330330463; 
16, -388.8516597672424; 
16, -392.04909757940914; 
16, -391.23883061038214; 
16, -382.1981914303324; 
16, -381.4593856842548; 
16, -398.2262356162246; 
16, -386.17897958974936; 
16, -391.68577417643974; 
16, -400.0782137264614; 
16, -393.58095014392165; 
16, -403.27011913678143; 
16, -391.8759671495354; 
16, -390.546376363578; 
16, -396.4851324732881; 
16, -392.6372927746852; 
16, -396.51042143124505; 
16, -409.52816812929814; 
16, -394.9341723291727; 
16, -384.2265251528588; 
16, -382.3988605150953; 
16, -389.25043820924475; 
16, -377.3733794046275; 
16, -388.84436555669527; 
16, -383.7005164916045; 
16, -406.0856748985825; 
16, -402.2698692463455; 
16, -401.2755125305848; 
16, -383.9887532853172; 
16, -385.9042699098936; 
16, -418.78253794819466; 
16, -366.43080437826575; 
16, -317.2398122306331; 
16, -281.02590796127333; 
16, -268.54099611373385; 
16, -257.57474255535635; 
16, -334.82601079466986; 
16, -102.82780289973016; 
16, -218.9780282464053; 
16, -211.94142568003736; 
16, -163.54465156470542; 
16, -180.67402631929144; 
16, -175.67710096441442; 
16, -179.79667731263908; 
16, -149.62246096134186; 
16, -144.51133233937435; 
16, -108.08920396651956; 
16, -175.25386049191002; 
16, -131.21553345085704; 
16, -92.59588409319986; 
16, -188.25662256070063; 
16, -213.3989546241064; 
16, -107.38775568883284; 
16, -136.12931251901318; 
16, -100.95117463648785; 
16, -138.31008092529373; 
16, -139.7869192121143; 
16, -84.15870085477945; 
16, -83.33720943480148; 
16, -112.48717540310463; 
16, -129.61177959357155; 
16, -84.1103099838947; 
16, -71.65839335936471; 
16, -89.34160027059261; 
16, -206.13454509084113; 
16, -66.12432102434104; 
16, -101.68098837300204; 
16, -173.8649882421014; 
16, -349.8649047379149; 
16, -390.1562649583793; 
16, -403.53827538041514; 
16, -351.060440604575; 
16, -349.50499420432607; 
16, -280.61850252884324; 
16, -347.1022233502299; 
16, -397.15265896890196; 
16, -409.15101156313904; 
16, -391.35224528890103; 
16, -392.6365918923402; 
16, -408.43442267150385; 
16, -398.6521739671298; 
16, -401.6348627428233; 
16, -401.79596262733685; 
16, -415.9030904347601; 
16, -401.30951886158437; 
16, -376.1504963962361; 
16, -406.0996587337286; 
16, -356.0141082017799; 
16, -332.73945409289445; 
16, -408.2289046277583; 
16, -387.41109739613603; 
16, -404.7323752446391; 
16, -399.92322375182994; 
16, -399.20784938544966; 
16, -407.83428546698997; 
16, -407.7369120664662; 
16, -393.46868968510535; 
16, -363.56221816007746; 
16, -272.77236380870454; 
16, -408.0337897944264; 
16, -394.82380981885944; 
16, -391.5912163230241; 
16, -296.02249609844876; 
16, -374.4469624797348; 
16, -405.87257798283827; 
16, -409.01602889149217; 
16, -357.85915504873265; 
16, -230.6977552967728; 
16, -368.75327284939704; 
16, -400.3310669014754; 
16, -366.38990052684676; 
16, -375.2120359376131; 
16, -397.403496833198; 
16, -394.70765850739554; 
16, -398.02082883246476; 
16, -390.9373618310783; 
16, -412.7132274264586; 
16, -407.26240749127464; 
16, -413.9010847567115; 
16, -404.7508034685743; 
16, -392.3277304919611; 
16, -399.5225345417857; 
16, -397.00305421685334; 
16, -409.23968633278855; 
16, -398.8016188562906; 
16, -398.5829410562874; 
16, -404.05027730276925; 
16, -220.00287482925341; 
16, -324.6127788677113; 
16, -394.48487691776245; 
16, -403.21759397065034; 
16, -410.8332606491458; 
16, -386.30331633248716; 
16, -378.23189702196396; 
16, -398.6564692805696; 
16, -396.6915792725049; 
16, -390.0021517916466; 
16, -399.97190242636134; 
16, -397.20699988974957; 
16, -383.943752397754; 
16, -304.4934002622613; 
16, -366.99267617517035; 
16, -295.2591283971851; 
16, -324.02084194571944; 
16, -358.8408297377755; 
16, -279.2297878722893; 
16, -319.65388148088823; 
16, -313.06781890572165; 
16, -369.2858747114078; 
16, -408.5558850908419; 
16, -413.3046433792915; 
16, -409.9430695633637; 
16, -320.8977745407028; 
16, -316.86347652200493; 
16, -396.9112593388709; 
16, -340.9045443679206; 
16, -322.22960576522746; 
16, -404.0302333209838; 
16, -364.61908326792764; 
16, -326.45938033313723; 
16, -360.0516637971741; 
16, -405.29066422674805; 
16, -395.6935414702166; 
16, -398.5903186108626; 
16, -383.2752326434129; 
16, -343.9650681212079; 
16, -304.7965678210312; 
16, -409.9779826651793; 
16, -406.351125273417; 
16, -324.20564428472426; 
16, -246.119236219296; 
16, -361.8496513591672; 
16, -250.99582954772632; 
16, -394.24376582485274; 
16, -352.38878250695416; 
16, -295.1157968072803; 
16, -425.4208077886724; 
16, -394.71721409785096; 
16, -399.17095287903794; 
16, -387.6460877720965; 
16, -401.8493736166856; 
16, -383.64583930486697; 
16, -247.703954232682; 
16, -363.2599236978567; 
16, -336.54630586336134; 
16, -361.7089745334815; 
16, -391.75358394286013; 
16, -385.9075249581656; 
16, -396.74748821617686; 
16, -399.10579688171856; 
16, -387.93812643850106; 
16, -323.6679025416961; 
16, -270.5534048739355; 
16, -396.82674595859135; 
16, -409.9005664414144; 
16, -392.74546740265214; 
16, -390.97269567855983; 
16, -389.9646189195628; 
16, -399.35991852285224; 
16, -388.57747629104415; 
16, -370.26302535441937; 
16, -372.0140822130488; 
16, -350.02195831778226; 
16, -356.7172053104732; 
16, -417.8158121673041; 
16, -416.7223787831608; 
16, -381.21366626862437; 
16, -322.51791633301764; 
16, -286.03089419184835; 
16, -417.17851488740416; 
16, -386.67725252799573; 
16, -400.1599668059498; 
16, -375.52568257183884; 
16, -276.64505660926807; 
16, -397.71929725271184; 
16, -390.798676759674; 
16, -416.04131921447697; 
16, -413.81752696519834; 
16, -363.0520488714101; 
16, -354.9253552285372; 
16, -427.6049093747861; 
16, -420.4557483973913; 
16, -415.9312225464382; 
16, -355.4378665506956; 
16, -414.3084207996726; 
16, -408.08153266474255; 
16, -408.87591569157667; 
16, -417.69844344246667; 
16, -448.1198942977935; 
16, -429.32969174109166; 
16, -403.6592468890012; 
16, -371.6188967418275; 
16, -347.1158688548312; 
16, -354.2295492081612; 
16, -411.1176362003316; 
16, -399.9342763215536; 
16, -408.46475780013134; 
16, -398.3861731599609; 
16, -386.17431622420554; 
16, -409.27742112550186; 
16, -392.9766961655696; 
16, -400.6107080975198; 
16, -401.866002613242; 
16, -315.7690893074032; 
16, -386.7761994062457; 
16, -415.6276407825644; 
16, -407.27186938299565; 
16, -398.7122001585376; 
16, -290.86724085829337; 
16, -283.325271306152; 
16, -409.6045942665078; 
16, -373.68679654650623; 
16, -400.292259944079; 
16, -383.6284247235162; 
16, -385.8574075534707; 
16, -383.7729950819921; 
16, -310.54419295376283; 
16, -389.07322279937216; 
16, -392.5124150655174; 
16, -393.92350931843976; 
16, -395.6148448862368; 
16, -410.7045606247557; 
16, -384.2731512572791; 
16, -396.62028285639826; 
16, -397.92472962182364; 
16, -389.37957149892463; 
16, -383.1099575001863; 
16, -371.42758102112566; 
16, -400.2783631121856; 
16, -383.33090381135116; 
16, -317.6715326672129; 
16, -227.33459634901374; 
16, -282.1078231809661; 
16, -406.32443575386424; 
16, -406.0179970302852; 
16, -398.44121803325834; 
16, -355.64848442716175; 
16, -402.5119785431016; 
16, -381.3806927166297; 
16, -387.11644642293686; 
16, -285.9059497094713; 
16, -401.2114033741236; 
16, -336.0516472986201; 
16, -429.99049271974945; 
16, -391.45606790829333; 
16, -406.9974113556964; 
16, -433.87923196618794; 
16, -406.661599417479; 
16, -391.49717773639713; 
16, -406.76715360424714; 
16, -369.4269266796764; 
16, -397.0939888887224; 
16, -424.92254405940184; 
16, -385.7637860622781; 
16, -347.98549334864947; 
16, -342.8253786303685; 
16, -396.15708307904424; 
16, -411.0839201443596; 
16, -379.8573449139949; 
16, -395.76874179468723; 
16, -386.8097440035199; 
16, -382.1323011055356; 
16, -379.8131007659249; 
16, -331.25533536760486; 
16, -374.73665429171524; 
16, -272.4838863937475; 
16, -344.86401766410563; 
16, -247.58453625786933; 
16, -334.625473604392; 
16, -406.1870785714127; 
16, -401.2163987222302; 
16, -373.1241771620698; 
16, -231.14001300069503; 
16, -289.7561527507205; 
16, -336.7309101447754; 
16, -342.718410707952; 
16, -309.68586738349404; 
16, -234.95518087106757; 
16, -405.15518700832035; 
16, -414.967449086078; 
16, -398.3294214915077; 
16, -403.6264358939079; 
16, -386.24870679411106; 
16, -355.1966917256359; 
16, -362.8954782762157; 
16, -368.18754648888716; 
16, -316.44278968541767; 
16, -374.1858040332154; 
16, -425.80597492775996; 
16, -406.7338898786693; 
16, -393.3683369368373; 
16, -402.12053881186876; 
16, -331.43141184630804; 
16, -360.94969487178605; 
16, -383.44975626148516; 
16, -399.123705837992; 
16, -403.5320911005838; 
16, -397.1909956863383; 
16, -401.65950928331586; 
16, -393.40174442116404; 
16, -273.5425044550793; 
16, -228.29190237697912; 
16, -403.4536042784457; 
16, -286.00992991402745; 
16, -310.50740622909507; 
16, -323.1022999024717; 
16, -426.95899974985514; 
16, -251.9890289133764; 
16, -290.3973179574241; 
16, -394.8775733750663; 
16, -408.0676666686777; 
16, -373.5571783776395; 
16, -264.70781780494144; 
16, -401.3723198121879; 
16, -410.1907380495104; 
16, -383.3347740971949; 
16, -402.49163118063007; 
16, -288.20432829722995; 
16, -358.8172621562844; 
16, -404.6868713820004; 
16, -394.55130798200844; 
16, -396.1790621543187; 
16, -386.25916756584775; 
16, -392.7152105657151; 
16, -317.07806794089265; 
16, -285.4636362158926; 
16, -389.62461774313124; 
16, -293.6267170829233; 
16, -343.4859509887756; 
16, -378.14520290272776; 
16, -375.8751069495338; 
16, -397.7516405135975; 
16, -384.9478650058154; 
16, -391.36847420712; 
16, -384.438516654307; 
16, -399.27086421492277; 
16, -405.3417595397332; 
16, -403.8289405417745; 
16, -409.4221416783985; 
16, -397.6418821545085; 
16, -404.634641472192; 
16, -386.31878269533627; 
16, -411.70554746850394; 
16, -425.46158349269535; 
16, -415.0135632175952; 
16, -419.866986876179; 
16, -409.57195605227025; 
16, -418.8063105716137; 
16, -429.40292206557933; 
16, -406.42772866634186; 
16, -401.1594195396174; 
16, -234.0880669176113; 
16, -266.52503717388026; 
16, -395.20700876944466; 
16, -384.64522157405736; 
16, -388.3979503143928; 
16, -395.7404429381131; 
16, -408.18052524793893; 
16, -376.99047519126907; 
16, -294.14578187611187; 
16, -286.6300206441083; 
16, -380.55892696010415; 
16, -412.8318610066781; 
16, -402.8436337747844; 
16, -412.4787338922033; 
16, -406.3103679381893; 
16, -407.1917195688584; 
16, -419.2732594839763; 
16, -413.1127156523289; 
16, -402.1328259531874; 
16, -418.8218712664093; 
16, -414.2762748065288; 
16, -384.11961540346965; 
16, -427.274140094989; 
16, -413.2936420569895; 
16, -401.177788225119; 
16, -417.5299006103305; 
16, -407.82996473880485; 
16, -403.0060052367626; 
16, -394.8651368676219; 
16, -382.82435255893506; 
16, -334.9637848974089; 
16, -256.36357201094506; 
16, -414.6187495366903; 
16, -409.67228742013685; 
16, -406.76947893586475; 
16, -385.61721458588727; 
16, -404.05057285365183; 
16, -371.66665753512643; 
16, -352.0999883566983; 
16, -397.6405032655457; 
16, -404.2492529452429; 
16, -397.7462681661127; 
16, -393.24457555176923; 
16, -401.7588012717315; 
16, -388.93459076964064; 
16, -386.70121033967007; 
16, -377.3521316826809; 
16, -394.0858241968672; 
16, -400.12217897287337; 
16, -409.4523814015556; 
16, -426.21341124974424; 
16, -407.67765941272955; 
16, -412.56884186755633; 
16, -411.6095794273424; 
16, -405.39906669274205; 
16, -393.13237540831324; 
16, -403.52089135412825; 
16, -419.1250019216677; 
16, -418.88421106379246; 
16, -409.9481315922458; 
16, -389.85611641494324; 
16, -396.5358660579077; 
16, -382.3679778154474; 
16, -394.40306596131995; 
16, -387.74862597265746; 
16, -403.5357262044563; 
16, -385.84892566280905; 
16, -388.95839961158345; 
16, -394.62926372594666; 
16, -387.8543325662613; 
16, -408.9370461704675; 
16, -390.8427884442499; 
16, -404.2575122938724; 
16, -411.22265658073593; 
16, -392.7989549183985; 
16, -382.63716021110304; 
16, -403.8719344151323; 
16, -389.64454658009345; 
16, -396.84399078943534; 
16, -385.3663749580155; 
16, -389.4081930620014; 
16, -386.88851751439506; 
16, -411.49650984967593; 
16, -389.26761441130657; 
16, -258.8580622773152; 
16, -241.51762516854797; 
16, -284.2760409456678; 
16, -367.0361720920773; 
16, -398.0262414752506; 
16, -399.16817979398184; 
16, -375.3572607107344; 
16, -267.68542682303814; 
16, -376.0286536150961; 
16, -268.5647606457933; 
16, -294.3372163869208; 
16, -321.65404836146627; 
16, -289.58655137283495; 
16, -390.1174399003503; 
16, -395.3818955376046; 
16, -401.26694435754325; 
16, -409.1584851957159; 
16, -406.57742112257984; 
16, -395.98575727897696; 
16, -400.29348761274014; 
16, -334.84630233969074; 
16, -279.3029081118293; 
16, -368.18545531935524; 
16, -406.0755510175368; 
16, -401.06452036160044; 
16, -378.9376350172097; 
16, -324.0718784662895; 
16, -400.1327670145547; 
16, -258.9497265886166; 
16, -252.77689351938898; 
16, -226.95732271898305; 
16, -334.5608516585198; 
16, -401.5782943381346; 
16, -402.1456902893842; 
16, -399.6663808863377; 
16, -397.49542422773084; 
16, -380.1024473310681; 
16, -414.1857996500912; 
16, -420.9452351455111; 
16, -418.95989326608833; 
16, -413.75362806476187; 
16, -409.4302041333285; 
16, -402.6949503564392; 
16, -404.78804638108704; 
16, -382.42673016613116; 
16, -391.58622833748814; 
16, -408.63495199393947; 
16, -401.5620437107864; 
16, -396.0304220946855; 
16, -382.14082340791356; 
16, -405.07678421307355; 
16, -315.9570175289409; 
16, -247.75959420209983; 
16, -352.93880191404605; 
16, -255.72398050688207; 
16, -412.3112722490332; 
16, -399.8009446434444; 
16, -266.8202309567132; 
16, -261.5878342516371; 
16, -398.3186511072563; 
16, -386.8221240482526; 
16, -407.43304298009025; 
16, -415.12152990169125; 
16, -395.5061041676672; 
16, -406.8144673841307; 
16, -377.5794310828787; 
16, -387.6930164403748; 
16, -422.1196214617812; 
16, -392.14932330383454; 
16, -390.74201711424394; 
16, -406.83126010670094; 
16, -383.31589452177286; 
16, -418.11415541463066; 
16, -391.72586230759043; 
16, -341.72967261401936; 
16, -352.0525897087646; 
16, -406.0462405990693; 
16, -389.80430413840804; 
16, -384.00561530550476; 
16, -389.7753921067924; 
16, -393.5759767429554; 
16, -392.9996189470403; 
16, -388.04194426204776; 
16, -402.16147639456904; 
16, -318.89399177691666; 
16, -243.5937103802571; 
16, -348.1947871215525; 
16, -407.0951827571844; 
16, -414.08360233163694; 
16, -247.81493268709164; 
16, -269.1302702234825; 
16, -260.22653719229857; 
16, -196.35978475800948; 
16, -249.66208382567856; 
16, -263.2139627657598; 
16, -336.628961188253; 
16, -402.8011870610062; 
16, -414.6473967101774; 
16, -392.09311412490206; 
16, -396.154762729886; 
16, -399.613506852882; 
16, -396.47248006251175; 
16, -390.22901016066317; 
16, -405.86356524482835; 
16, -400.0033162733307; 
16, -393.52653855242534; 
16, -399.5887689793599; 
16, -419.8297153142048; 
16, -414.2402147114626; 
16, -415.37719133117935; 
16, -403.5796785802813; 
16, -399.13673178025056; 
16, -352.93040989444125; 
16, -314.3864331865916; 
16, -215.39553869643714; 
16, -391.06943168264115; 
16, -353.0705218555522; 
16, -388.0774233221309; 
16, -389.1421783166588; 
16, -394.40503360290313; 
16, -408.88835846306756; 
16, -243.97550048679113; 
16, -251.81312586477725; 
16, -400.7324542424758; 
16, -384.8045117247966; 
16, -412.4469006570289; 
16, -324.59775843663374; 
16, -330.48321166215464; 
16, -384.1814061619225; 
16, -394.4055614314857; 
16, -378.4787995495135; 
16, -389.99690565036144; 
16, -391.7189322626218; 
16, -341.6690864159609; 
16, -327.7738497540704; 
16, -335.72244017367484; 
16, -291.83545553154545; 
16, -318.921073984995; 
16, -388.50063798116753; 
16, -403.28800934529863; 
16, -403.8186443342711; 
16, -399.92396659677615; 
16, -344.13984669029014; 
16, -335.4690517744166; 
16, -308.83246751409024; 
16, -212.54650816775393; 
16, -271.9589714067988; 
16, -396.32566091092303; 
16, -386.23977874213597; 
16, -395.09161051450064; 
16, -369.5135815695976; 
16, -239.92982179153478; 
16, -345.740878801269; 
16, -253.73934620752698; 
16, -315.20902266551275; 
16, -250.24425460159546; 
16, -325.2603709931136; 
16, -410.9670237873215; 
16, -378.20758532360196; 
16, -400.2469739236403; 
16, -354.4526962029631; 
16, -292.1458975955029; 
16, -362.9653260561172; 
16, -395.8749930446502; 
16, -384.4068958614371; 
16, -210.10420791461365; 
16, -219.6409654840827; 
16, -271.7784648045781; 
16, -296.6153822284541; 
16, -288.0365436441498; 
16, -330.4888792259153; 
16, -388.26953329343814; 
16, -374.3360232961131; 
16, -363.3213748346898; 
16, -248.39241434034193; 
16, -246.96668276924174; 
16, -194.2723281281069; 
16, -237.075330909458; 
16, -234.94117965578334; 
16, -389.4462731119129; 
16, -265.65889440639876; 
16, -364.0942034876207; 
16, -400.7128442110843; 
16, -408.4316273481236; 
16, -400.2931768876733; 
16, -393.02787006367; 
16, -420.9714009046438; 
16, -182.0708186919801; 
16, -297.8018761345884; 
16, -288.52718582510715; 
16, -302.1237831788603; 
16, -331.3779550779145; 
16, -367.8624799346435; 
16, -362.2320748777129; 
16, -382.1495450946386; 
16, -259.35958708205726; 
16, -265.4799033004674; 
16, -403.5186173064867; 
16, -402.6786462645978; 
16, -404.7275296000298; 
16, -420.81090831034817; 
16, -408.2155042561353; 
16, -395.2330223970348; 
16, -332.8168122781208; 
16, -282.15975701698335; 
16, -287.31682599155465; 
16, -340.203911098768; 
16, -324.57650898286374; 
16, -395.71956353640417; 
16, -385.56775189662585; 
16, -379.35668813216034; 
16, -176.75221029145177; 
16, -267.0942196092219; 
16, -215.39410773070995; 
16, -400.891084117; 
16, -408.64734427060466; 
16, -245.19400906772353; 
16, -283.078848596022; 
16, -261.6178052701871; 
16, -233.5851597576402; 
16, -282.87958520126995; 
16, -421.0317708128132; 
16, -389.85321762866806; 
16, -386.91112661681836; 
16, -400.47659635014134; 
16, -395.6720645268215; 
16, -373.49741400324274; 
16, -405.8850134793902; 
16, -414.62604774092324; 
16, -392.8240019894438; 
16, -400.50178841280285; 
16, -395.27004269638564; 
16, -410.58656817872543; 
16, -391.30771153548267; 
16, -410.25311305653304; 
16, -401.3203565358417; 
16, -402.4104772073915; 
16, -405.3535078896675; 
16, -391.83958735328633; 
16, -396.67037841753336; 
16, -388.5133033780148; 
16, -392.1235408646171; 
16, -384.9783768162015; 
16, -399.98145648435457; 
16, -395.3252069700975; 
16, -392.3658299702802; 
16, -243.600684330042; 
16, -326.76947276393184; 
16, -401.52125417563366; 
16, -394.5419137843419; 
16, -305.73499181249645; 
16, -237.8127720685443; 
16, -240.61613455007318; 
16, -290.36438886332326; 
16, -345.90816540666856; 
16, -239.14335784281138; 
16, -329.9346036816132; 
16, -402.573600153788; 
16, -420.43350369058317; 
16, -417.0524291965994; 
16, -415.9821710414835; 
16, -408.24713389435783; 
16, -398.673520720331; 
16, -422.5333915317897; 
16, -371.0472056766739; 
16, -372.26147330750246; 
16, -404.8504068555194; 
16, -394.2997557895724; 
16, -234.848597208329; 
16, -281.97152656991966; 
16, -388.05658661195775; 
16, -381.72881981317187; 
16, -396.3401486657094; 
16, -412.1806728618103; 
16, -220.93990523932735; 
16, -228.52907355834031; 
16, -402.91673126159003; 
16, -398.55695509386715; 
16, -373.7394766965881; 
16, -290.24415608251; 
16, -226.90189104201272; 
16, -277.8549796383595; 
16, -391.839685919811; 
16, -232.4112255469663; 
16, -302.2494543577777; 
16, -362.93026449205354; 
16, -374.427275213704; 
16, -200.2690933982376; 
16, -330.06780666386476; 
16, -395.5107238832861; 
16, -351.6122523995582; 
16, -197.98269872402307; 
16, -366.55022976733744; 
16, -270.2757993826526; 
16, -239.62835688568885; 
16, -398.73858190886676; 
16, -255.620061998663; 
16, -271.13538454525406; 
16, -294.797803569003; 
16, -197.7234418640146; 
16, -312.8113593084854; 
16, -286.62034643947845; 
16, -207.91239455761388; 
16, -396.98987200891133; 
16, -419.85891900293063; 
16, -401.7180701153702; 
16, -386.23686716216616; 
16, -209.71128456445877; 
16, -199.92553582577966; 
16, -309.5358600268373; 
16, -215.3432569464785; 
16, -202.99816927092616; 
16, -249.27278978493996; 
16, -176.8536586817936; 
16, -222.16743327310542; 
16, -241.11738306225743; 
16, -193.26011484506307; 
16, -313.17376579530537; 
16, -392.2957100374042; 
16, -397.86618844443; 
16, -410.3597016505664; 
16, -414.34266233537346; 
16, -408.96986637747614; 
16, -423.4437998041976; 
16, -412.6573121441761; 
16, -409.2136082893121; 
16, -412.60361210705014; 
16, -404.5859262664453; 
16, -406.75803937390447; 
16, -404.90560569637455; 
16, -414.1082980024512; 
16, -389.85965191497235; 
16, -401.4505571363261; 
16, -397.12668140168535; 
16, -396.5585004478344; 
16, -337.25130383030046; 
16, -229.57303621515166; 
16, -365.1426754408167; 
16, -401.76404036127497; 
16, -401.1511487478274; 
16, -404.5492193455575; 
16, -359.2114420349244; 
16, -320.5089388571214; 
16, -387.19340966898017; 
16, -386.8274836668279; 
16, -306.6610105665168; 
16, -339.2503285338753; 
16, -406.64359876228264; 
16, -189.33836381568108; 
16, -190.79038628563285; 
16, -287.7253732923418; 
16, -303.1884736380307; 
16, -205.8531287475489; 
16, -381.04167886351934; 
16, -365.03266269067535; 
16, -254.4042823727941; 
16, -405.910229131463; 
16, -401.562471416255; 
16, -391.1518287859508; 
16, -392.8498981720186; 
16, -393.0037135463208; 
16, -409.7913439067197; 
16, -359.91931074263994; 
16, -204.07248028577305; 
16, -232.46351280319504; 
16, -228.12135629937984; 
16, -170.94767728226725; 
16, -404.4743529454572; 
16, -403.77860147773754; 
16, -386.87960598501377; 
16, -313.51521621033316; 
16, -353.05461450264556; 
16, -397.90869330218993; 
16, -404.732066598488; 
16, -402.81363233324373; 
16, -417.60338742344175; 
16, -379.86116564652184; 
16, -389.5368390852818; 
16, -390.19684628164396; 
16, -343.9116279387381; 
16, -262.0923578716465; 
16, -401.60930296510924; 
16, -326.7045337383752; 
16, -272.20489044999704; 
16, -373.54007180430926; 
16, -375.80784386512823; 
16, -391.4942936095176; 
16, -418.83192082110327; 
16, -404.1074199517607; 
16, -301.03009645821294; 
16, -280.32278402958764; 
16, -264.53624840814155; 
16, -211.12387312098872; 
16, -238.70038073434262; 
16, -274.9333654375514; 
16, -347.6597849560203; 
16, -402.71505415829597; 
16, -398.52858637378085; 
16, -388.42749383318005; 
16, -385.2538295938866; 
16, -396.66920459724497; 
16, -383.27798872155836; 
16, -387.4405231985729; 
16, -393.54013705119723; 
16, -401.33173840132076; 
16, -411.16842245782027; 
16, -389.50184249388985; 
16, -390.0599768907996; 
16, -284.15660803118953; 
16, -297.3296433031792; 
16, -334.88587065256434; 
16, -318.32535963045666; 
16, -242.54526889324188; 
16, -198.57693151762942; 
16, -340.2895661609364; 
16, -316.55578364717076; 
16, -388.8518280024291; 
16, -397.2812696316978; 
16, -374.7022173390724; 
16, -396.49210467212833; 
16, -411.01432554150233; 
16, -398.3078568110359; 
16, -343.11428074655123; 
16, -268.0224266089499; 
16, -208.27533647388918; 
16, -351.0975603721454; 
16, -401.0101733987103; 
16, -393.27854744315846; 
16, -390.6346722029266; 
16, -412.6337180805276; 
16, -406.7290510373423; 
16, -300.1812348330277; 
16, -256.2816922921338; 
16, -271.55991547740996; 
16, -175.17940671788529; 
16, -336.29135445703287; 
16, -397.8681173043442; 
16, -394.9374004159472; 
16, -393.1983677240787; 
16, -403.82244199857814; 
16, -410.8118260438205; 
16, -382.94761511089746; 
16, -380.28157498926157; 
16, -408.24549634975847; 
16, -395.8390289248782; 
16, -391.9156628626515; 
16, -393.8881318460917; 
16, -406.04429631179664; 
16, -408.2180854033795; 
16, -389.95852961577475; 
16, -396.30087837402243; 
16, -404.8614400749793; 
16, -394.36712506058393; 
16, -407.7984793790383; 
16, -394.27395241556223; 
16, -391.60225591325434; 
16, -333.3708415122237; 
16, -297.7884109861916; 
16, -393.1300073649036; 
16, -401.5692263957462; 
16, -236.89043278002646; 
16, -287.2161570037133; 
16, -387.4838206653949; 
16, -170.93125887343194; 
16, -189.47051860782085; 
16, -216.05702755431412; 
16, -364.1997785742278; 
16, -391.3671986757545; 
16, -408.1987497645314; 
16, -402.9489713013172; 
16, -390.72613182349596; 
16, -403.1986991270678; 
16, -395.77230938500725; 
16, -395.32063270523213; 
16, -383.7370462453109; 
16, -377.17253280238947; 
16, -305.74291564838495; 
16, -304.35551050823415; 
16, -380.7899113360909; 
16, -225.58844432316255; 
16, -324.6201188947307; 
16, -217.1845100435894; 
16, -360.20364623563364; 
16, -382.71188759745564; 
16, -387.8588175608311; 
16, -330.6336981889326; 
16, -367.7143549111788; 
16, -361.12363550200826; 
16, -385.83007766946685; 
16, -378.4897662400035; 
16, -155.51426539523527; 
16, -295.0427161701955; 
16, -350.4017802727758; 
16, -264.3927461503772; 
16, -176.5353322228766; 
16, -298.55903227766976; 
16, -411.39394943480147; 
16, -406.9216909566312; 
16, -395.38365731871454; 
16, -409.3738163438393; 
16, -386.99306376388995; 
16, -251.28523518174188; 
16, -220.9515204419149; 
16, -174.11317768675508; 
16, -306.24174825428054; 
16, -407.4016271006549; 
16, -410.0209732708754; 
16, -198.4147254541167; 
16, -304.4287682956201; 
16, -405.51218906452414; 
16, -406.0699496684829; 
16, -266.26915110542905; 
16, -306.56165496463655; 
16, -404.67722161422716; 
16, -400.5521702921251; 
16, -394.97510202304693; 
16, -411.45812581281643; 
16, -388.5360715254792; 
16, -388.6262706129346; 
16, -394.044543050637; 
16, -398.36231094924733; 
16, -392.87079718947643; 
16, -313.1516523472965; 
16, -220.77073305589147; 
16, -308.62109703337774; 
16, -324.52301640925; 
16, -171.77479147561826; 
16, -344.937307423912; 
16, -398.50796722224914; 
16, -339.2390679761884; 
16, -358.0125732306042; 
16, -407.3755451576435; 
16, -392.17873057711404; 
16, -413.1029671363067; 
16, -385.4443087800755; 
16, -402.9912074076128; 
16, -399.2690922940965; 
16, -386.58574441156816; 
16, -391.1983230850892; 
16, -403.94186222431017; 
16, -385.4910133445519; 
16, -413.83605899388203; 
16, -422.96779270959087; 
16, -400.3112558150315; 
16, -389.70018970186356; 
16, -387.2731516184285; 
16, -406.18040786025813; 
16, -394.5389317459194; 
16, -372.62572210491635; 
16, -390.35640148847597; 
16, -409.3551782936556; 
16, -395.8994641829049; 
16, -391.42406557442155; 
16, -241.43968785053585; 
16, -330.1685755334329; 
16, -392.5880935153691; 
16, -381.8980480299797; 
16, -392.63944150402676; 
16, -398.698252824659; 
16, -401.7610661056242; 
16, -416.3325246684253; 
16, -391.05689457734115; 
16, -390.299817146908; 
16, -377.2791886170162; 
16, -276.6347895117942; 
16, -364.07116396713536; 
16, -302.66008549532853; 
16, -227.75072182429722; 
16, -409.18220820260467; 
16, -410.2334973863326; 
16, -404.70833444275195; 
16, -402.86002708534943; 
16, -397.7680143410107; 
16, -389.61103963368805; 
16, -207.95086670538876; 
16, -264.0858484717901; 
16, -390.3864427151275; 
16, -407.4216466814978; 
16, -377.9407831248827; 
16, -409.77820567029994; 
16, -333.89317692402983; 
16, -395.7221744679264; 
16, -405.78827487200033; 
16, -403.8772478568717; 
16, -393.0109690912068; 
16, -408.517848794756; 
16, -309.7984215483302; 
16, -232.95184951799456; 
16, -377.35113388317404; 
16, -398.39685536001343; 
16, -387.3688989710063; 
16, -311.6982802596758; 
16, -244.8999915093882; 
16, -357.141997640254; 
16, -316.25184584461385; 
16, -344.79306310776155; 
16, -405.3373024312896; 
16, -147.1617264552042; 
16, -342.9417687789537; 
16, -287.5915021485416; 
16, -372.5624367953278; 
16, -411.8582537336042; 
16, -413.54018943500705; 
16, -404.7340203693602; 
16, -400.73779716179706; 
16, -426.9071116173873; 
16, -397.7500454072142; 
16, -368.41973057808354; 
16, -368.31306002265774; 
16, -238.31605306570418; 
16, -267.76635475456715; 
16, -406.44636568787973; 
16, -397.8972146777669; 
16, -391.5276890657842; 
16, -394.1618781746365; 
16, -243.36914620466996; 
16, -206.3012718266109; 
16, -340.95618847361766; 
16, -388.11046144226566; 
16, -405.6219356767833; 
16, -396.7566675239941; 
16, -395.06442591012456; 
16, -396.631654146011; 
16, -386.2684849902289; 
16, -340.6234082583105; 
16, -361.1315471592825; 
16, -397.4026225763373; 
16, -387.34065809007734; 
16, -406.8473938945681; 
16, -389.07794103829656; 
16, -404.1731897331774; 
16, -397.16530130954925; 
16, -408.9136615124298; 
16, -384.88376640330534; 
16, -391.847115410259; 
16, -270.77892941213213; 
16, -272.06078249029815; 
16, -233.35532144922763; 
16, -221.79160664684605; 
16, -267.31101244932506; 
16, -336.3594077555463; 
16, -393.06316956179217; 
16, -416.32241773302667; 
16, -391.48810672876425; 
16, -396.56778814212885; 
16, -406.7738712033024; 
16, -404.0619552372955; 
16, -395.3640439460287; 
16, -317.108635363169; 
16, -338.297608239227; 
16, -220.87252235389315; 
16, -364.68099430575967; 
16, -384.7428273530677; 
16, -388.9784685075283; 
16, -409.4064938123338; 
16, -394.2833868197631; 
16, -402.55768841376994; 
16, -408.58036122692283; 
16, -392.59656013036147; 
16, -394.6553097580327; 
16, -400.00728350365534; 
16, -397.78774498205166; 
16, -391.8781722256681; 
16, -334.48489304003306; 
16, -403.64119171805214; 
16, -379.1315047034295; 
16, -409.78128754056524; 
16, -379.5026917901123; 
16, -381.90585834672675; 
16, -407.4284613352502; 
16, -401.5414230825845; 
16, -387.6208431730047; 
16, -372.54246278177015; 
16, -390.88621026917826; 
16, -385.25582749873865; 
16, -202.34306273330003; 
16, -385.63227765564807; 
16, -399.5513204532908; 
16, -390.1709296924528; 
16, -396.0553818139015; 
16, -385.0979388024425; 
16, -385.506358123268; 
16, -384.2537863596808; 
16, -377.82409051503055; 
16, -391.82487557828426; 
16, -364.81121338997036; 
16, -394.445286890259; 
16, -390.49982173903845; 
16, -390.4655720787123; 
16, -403.0698770293966; 
16, -417.05321739194915; 
16, -386.85636227508076; 
16, -387.0268720514141; 
16, -387.8670896332478; 
16, -385.7747783852974; 
16, -402.3311433282215; 
16, -390.22839930234477; 
16, -387.2766256907489; 
16, -389.9167162576923; 
16, -386.4045661085984; 
16, -402.6166998697445; 
16, -407.30826498172246; 
16, -388.02302603353746; 
16, -392.18417492718436; 
16, -384.04050478653517; 
16, -393.7656330760801; 
16, -380.9667890158016; 
16, -393.89953124313615; 
16, -382.7700931727886; 
16, -402.5781475622207; 
16, -413.4864612536039; 
16, -383.6927031490486; 
16, -398.6384584872285; 
16, -394.3078170251101; 
16, -368.73334450868424; 
16, -393.7192140594125; 
16, -376.74731856619474; 
16, -410.6329042960424; 
16, -397.785305883619; 
16, -398.2654399492312; 
16, -408.54099634243175; 
16, -395.7192749235546; 
16, -391.29824330401607; 
16, -379.2083883547457; 
16, -381.4070528970333; 
16, -381.4372329073958; 
16, -393.1824953893665; 
16, -392.74983544659335; 
16, -392.3994422791293; 
16, -399.12119115295354; 
16, -392.8442011193838; 
16, -398.47795538580976; 
16, -382.9073010639986; 
16, -390.83470099943224; 
16, -389.49219792499207; 
16, -388.4172167999204; 
16, -400.66257895505987; 
16, -385.5787586917868; 
16, -381.04519019275904; 
16, -402.864707293571; 
16, -394.2416979453992; 
16, -393.64360376866534; 
16, -393.16537547146436; 
16, -400.04110980115365; 
16, -385.7534914663993; 
16, -415.10249096911866; 
16, -323.16448404768016; 
16, -231.2239214865258; 
16, -250.8571195671102; 
16, -345.14936467050575; 
16, -391.0857182217296; 
16, -292.0140323935775; 
16, -272.9416073655011; 
16, -411.56342902127653; 
16, -301.74480666569434; 
16, -278.2723850647453; 
16, -288.66414953174535; 
16, -237.89670478738844; 
16, -237.0485819906462; 
16, -226.92467393365223; 
16, -326.01679310109466; 
16, -257.56512609450147; 
16, -289.76908245752566; 
16, -371.03818725049496; 
16, -281.8298714715056; 
16, -389.5170201722067; 
16, -331.1338645494543; 
16, -313.31303599849343; 
16, -317.2182249794714; 
16, -343.9285088053439; 
16, -402.6778856187593; 
16, -403.539736923296; 
16, -381.5608882752713; 
16, -387.2503304935526; 
16, -304.6393322284566; 
16, -230.80959949374665; 
16, -278.17616978334263; 
16, -395.50583591882605; 
16, -406.74996848066803; 
16, -198.23189541127067; 
16, -312.0037771099014; 
16, -401.8222401298117; 
16, -383.78608714882284; 
16, -385.6824352995027; 
16, -393.6613956275396; 
16, -245.65729881438892; 
16, -214.22649215639103; 
16, -223.46750746376347; 
16, -386.2930700831348; 
16, -399.43747075798456; 
16, -419.0472912925761; 
16, -402.6434729526518; 
16, -415.6479664206272; 
16, -393.9976015762659; 
16, -415.58738051948603; 
16, -382.8841660352191; 
16, -389.09670544438995; 
16, -371.2520906839054; 
16, -383.9587083189981; 
16, -378.22308749635704; 
16, -390.3884626304498; 
16, -388.9605712405173; 
16, -402.6489105611108; 
16, -397.36163911793847; 
16, -382.1583439199021; 
16, -386.84968413761817; 
16, -398.2863024318358; 
16, -391.9456771714613; 
16, -408.50045632582624; 
16, -296.9976890181424; 
16, -377.4153836517362; 
16, -379.08816318248864; 
16, -364.590701085981; 
16, -302.23955848685; 
16, -354.1628235356184; 
16, -383.6477245350834; 
16, -382.9572868421674; 
16, -387.61972525017336; 
16, -402.98028327769134; 
16, -392.58739169628825; 
16, -395.5624691923149; 
16, -371.0113078166032; 
16, -397.38867883197963; 
16, -382.06712580972817; 
16, -391.1429294621339; 
16, -387.06267578795087; 
16, -376.3901960485382; 
16, -394.94626058696304; 
16, -390.22589169314597; 
16, -395.2439174182946; 
16, -389.57729315245524; 
16, -393.2290337315062; 
16, -383.8378631195519; 
16, -384.2444841051474; 
16, -393.67739528242964; 
16, -396.8693830783013; 
16, -394.9895002123667; 
16, -401.65063713118434; 
16, -398.11453701683786; 
16, -338.5341736066621; 
16, -294.95999061432667; 
16, -401.68198282655794; 
16, -295.30155082663987; 
16, -209.34025267814286; 
16, -327.64721602923237; 
16, -388.52587604895234; 
16, -396.76524876919575; 
16, -409.3462194870226; 
16, -393.56336743128486; 
16, -407.95023496530484; 
16, -395.0772142986534; 
16, -388.8930362195242; 
16, -412.716818473069; 
16, -324.28413309087045; 
16, -286.0758389837574; 
16, -387.71351034916006; 
16, -320.10855539911427; 
16, -256.7841484718956; 
16, -214.27248060540296; 
16, -298.9680368483532; 
16, -278.67062739946414; 
16, -383.1578408483183; 
16, -390.1739820049843; 
16, -394.61680480244104; 
16, -390.8469540749211; 
16, -339.17676289519295; 
16, -321.8651837527286; 
16, -382.8041996269021; 
16, -321.2445913499687; 
16, -281.1336472532712; 
16, -354.2753384261159; 
16, -369.4118774846429; 
16, -365.8483003426809; 
16, -374.50467630825005; 
16, -392.5735108656809; 
16, -380.73221719579305; 
16, -391.29358691268135; 
16, -411.7046722191153; 
16, -399.39777399471495; 
16, -238.40826069016475; 
16, -298.16989233973436; 
16, -401.75327783694956; 
16, -409.7934076373931; 
16, -376.8372313284781; 
16, -376.6437670137966; 
16, -310.70112960983533; 
16, -306.65901866101194; 
16, -387.94251307321247; 
16, -399.09323635639157; 
16, -395.9738114228239; 
16, -398.07665486773476; 
16, -407.11813280079514; 
16, -337.2083252391312; 
16, -223.69792135444004; 
16, -356.8479921258986; 
16, -391.1043384274235; 
16, -364.71812129206955; 
16, -416.62047787825577; 
16, -401.932583961403; 
16, -387.09786611422896; 
16, -299.04042684531305; 
16, -332.9698945158161; 
16, -283.1156047559343; 
16, -316.02870611066464; 
16, -402.5841771431733; 
16, -398.85832176334225; 
16, -400.8104722216958; 
16, -400.4762862647185; 
16, -405.84780175599735; 
16, -255.42499996337574; 
16, -327.42175782157574; 
16, -322.9570571423974; 
16, -396.5110310938908; 
16, -416.23524312349036; 
16, -383.78436412406154; 
16, -405.9596634603804; 
16, -404.82084291940555; 
16, -386.86740196158644; 
16, -397.4641090044752; 
16, -276.251975673018; 
16, -170.11873977188952; 
16, -381.76563372579403; 
16, -398.6311684316024; 
16, -381.4312812613789; 
16, -392.5208975172136; 
16, -389.05387504934333; 
16, -392.9894122686237; 
16, -376.5465454441728; 
16, -392.5911409856053; 
16, -380.2108551845886; 
16, -369.6402139449492; 
16, -389.34073964576237; 
16, -402.4416812353302; 
16, -377.4052325556986; 
16, -379.24056632618885; 
16, -377.0211045757169; 
16, -403.75996923306957; 
16, -349.77344120352063; 
16, -200.0643415208906; 
16, -323.6422521574423; 
16, -382.1629606549395; 
16, -382.4597986912122; 
16, -398.1216060783481; 
16, -375.2201441510115; 
16, -374.1014105307404; 
16, -396.46745872474276; 
16, -387.9023070426192; 
16, -388.37428401992656; 
16, -397.93560737674125; 
16, -392.6241309242323; 
16, -413.04066229006276; 
16, -376.1422491261037; 
16, -395.44353266444523; 
16, -383.29373424802907; 
16, -381.44718863628805; 
16, -390.6165110208094; 
16, -396.37645331863314; 
16, -390.5267638093792; 
16, -359.6360005615279; 
16, -411.06246044125874; 
16, -394.4611224863911; 
16, -401.705157153192; 
16, -394.5259156082757; 
16, -408.3559670097893; 
16, -388.7142625830602; 
16, -333.31938974175137; 
16, -352.3775753349764; 
16, -379.04888090025634; 
16, -408.42775481403805; 
16, -392.37482970638666; 
16, -411.0317831755383; 
16, -309.4140976065537; 
16, -249.92131691693794; 
16, -197.29799080232624; 
16, -366.560243083979; 
16, -400.65364119259175; 
16, -407.1489388245391; 
16, -411.95063959853724; 
16, -376.95231301966123; 
16, -386.7718500728952; 
16, -402.477440089453; 
16, -404.9688950100681; 
16, -393.23139436077327; 
16, -412.93444563483354; 
16, -401.2567111180397; 
16, -311.09385014674626; 
16, -139.0471826310968; 
16, -404.4979541171342; 
16, -406.2190675883321; 
16, -404.85813852143474; 
16, -374.16665064613335; 
16, -409.8817012613872; 
16, -243.1683982735267; 
16, -407.68228768685367; 
16, -390.5750598037848; 
16, -388.3837359158788; 
16, -395.7856185847195; 
16, -381.7593847309472; 
16, -410.3531276683789; 
16, -398.7884866076056; 
16, -389.9718052063836; 
16, -390.56446365627926; 
16, -407.38740426895674; 
16, -307.7989560699789; 
16, -364.12482456013095; 
16, -409.91475700738374; 
16, -342.3625089719426; 
16, -348.7928664716892; 
16, -393.5824303589761; 
16, -382.774471468525; 
16, -392.4084914047271; 
16, -388.3513901355909; 
16, -262.14510989177506; 
16, -302.4387705915142; 
16, -377.5622128583491; 
16, -388.4108546960633; 
16, -379.47128468740266; 
16, -190.78557671851013; 
16, -310.36722168396227; 
16, -403.6925294531975; 
16, -381.4913300285116; 
16, -388.6519514063839; 
16, -380.3397740890505; 
16, -388.4236911444459; 
16, -400.6385027579963; 
16, -401.62142087041866; 
16, -359.00507641781587; 
16, -302.2491515133297; 
16, -384.65835942781996; 
16, -226.1213576629525; 
16, -274.8330710042501; 
16, -386.52869087911677; 
16, -401.09120102541056; 
16, -389.8921105545014; 
16, -407.4150042667752; 
16, -388.83910115482286; 
16, -391.0927073820494; 
16, -402.2362142645288; 
16, -389.8076155518647; 
16, -407.3915595677681; 
16, -408.5336421870161; 
16, -400.8557763423305; 
16, -409.5511870649643; 
16, -373.5507467149291; 
16, -407.4349071630277; 
16, -394.1685721453978; 
16, -403.3119879186852; 
16, -395.4655772210099; 
16, -352.0421914670151; 
16, -197.55087144928984; 
16, -316.10597144812346; 
16, -391.3849327240605; 
16, -400.80510325939395; 
16, -412.748447046848; 
16, -407.28009819751605; 
16, -396.81812404701486; 
16, -383.17320795462; 
16, -390.946195523371; 
16, -377.4470095974393; 
16, -371.3992132904241; 
16, -382.26890447281767; 
16, -378.86784791457467; 
16, -377.6128758867271; 
16, -376.45788622798864; 
16, -396.2857227845816; 
16, -383.1508916390594; 
16, -391.4025834299391; 
16, -390.7480183119187; 
16, -402.51953890535515; 
16, -404.92760979104787; 
16, -394.14455479278695; 
16, -395.90736289753113; 
16, -406.0447606741218; 
16, -396.3074113924522; 
16, -371.80562158022076; 
16, -390.03881414746866; 
16, -397.69175128347706; 
16, -379.9027882857481; 
16, -320.4358495164197; 
16, -182.82564756541979; 
16, -392.32181587431114; 
16, -389.8295622107107; 
16, -364.6278114190791; 
16, -231.5182567462325; 
16, -364.7802664448973; 
16, -385.2227429714985; 
16, -395.62584639457054; 
16, -400.8735840205336; 
16, -395.60825465712696; 
16, -390.5563313139137; 
16, -392.76251429191325; 
16, -383.00725221517496; 
16, -383.7635543914512; 
16, -399.3443461955758; 
16, -391.6220463899663; 
16, -401.9748068160843; 
16, -345.91496152221225; 
16, -181.4896034388803; 
16, -381.02948116732296; 
16, -247.96895081410185; 
16, -286.09317650215235; 
16, -398.3925294353394; 
16, -385.41111238196027; 
16, -388.70007346512284; 
16, -400.70604075619485; 
16, -398.1124663888477; 
16, -378.28451590577606; 
16, -399.65276043850463; 
16, -413.82145264174324; 
16, -426.1768576874165; 
16, -399.1987684573978; 
16, -384.4366681787651; 
16, -386.931778198923; 
16, -402.27647449600045; 
16, -399.3118128491333; 
16, -357.8453778993571; 
16, -390.27538316487335; 
16, -384.7933663241565; 
16, -394.37430171249434; 
16, -404.1335183776682; 
16, -386.85556467075367; 
16, -403.51960577000864; 
16, -411.0362378837308; 
16, -387.752301077242; 
16, -404.08998398145195; 
16, -416.394518959336; 
16, -383.39063421310857; 
16, -401.58777074923273; 
16, -347.7805076770019; 
16, -317.36387529736385; 
16, -397.57268524041865; 
16, -397.7973569369642; 
16, -413.7752041744534; 
16, -386.4372064722702; 
16, -398.3993103969842; 
16, -384.4914827434113; 
16, -397.69653288426343; 
16, -397.75191475776955; 
16, -394.3530732321087; 
16, -357.0030500590801; 
16, -379.49534246639814; 
16, -399.48716981487814; 
