6, -364.5381324600112; 
1, -402.62953455445773; 
1, -399.412035917764; 
1, -397.56320873816344; 
2, -387.56633419835975; 
8, -368.5841195927778; 
7, -390.12700585246284; 
1, -387.13796173405945; 
7, -367.47897806664787; 
8, -359.94341088065175; 
8, -365.7758321089332; 
1, -376.4203160362704; 
1, -386.41439604311563; 
1, -379.64881779815096; 
1, -384.69345629972577; 
8, -316.59244223664155; 
8, -371.8369022351926; 
4, -400.58420086302795; 
1, -391.8745107344648; 
5, -382.1714713205065; 
4, -384.06629493177024; 
2, -398.55475980745814; 
2, -384.6466890966767; 
14, -382.82328599485663; 
3, -386.5610263004655; 
8, -370.9280154353637; 
10, -385.17081502492874; 
9, -364.6291097137382; 
2, -378.9802151752501; 
5, -378.8653847248879; 
9, -337.99764310597493; 
9, -360.18954847423447; 
2, -391.2861199939907; 
5, -393.72152227609513; 
3, -401.48505853660026; 
5, -411.29609901730146; 
5, -401.536737394219; 
2, -415.60611300950586; 
9, -379.936011549089; 
9, -391.9594287699165; 
1, -387.08838910181294; 
8, -340.89955666217975; 
9, -336.7920218035197; 
9, -345.65364350998425; 
7, -305.76712107924686; 
1, -384.91674055215844; 
5, -381.8234355393797; 
1, -385.045794737729; 
1, -383.0078144734216; 
1, -388.67760184827785; 
1, -382.3921320825466; 
5, -381.28007211222575; 
5, -375.4572462241813; 
5, -373.8529358048254; 
10, -354.4883850563965; 
7, -378.01264289827304; 
1, -386.1546289416001; 
9, -349.4064799187472; 
9, -310.4954166033858; 
10, -337.5077204268273; 
2, -377.43828225343896; 
2, -383.87792266755787; 
4, -380.009466352054; 
10, -363.8380637262453; 
10, -327.34182122201673; 
1, -391.08805552812555; 
1, -394.7028810377269; 
3, -391.23905926583393; 
10, -349.1661602501663; 
10, -346.5577949344297; 
8, -373.1517934576477; 
10, -307.26021422784834; 
7, -385.0579049047665; 
8, -349.84903861955536; 
2, -387.8294435568023; 
1, -383.49138368069544; 
4, -383.8855763873471; 
5, -391.06439781515655; 
1, -380.48183615717426; 
4, -386.0946359862428; 
8, -347.7594868509441; 
9, -303.311619378921; 
10, -339.23292857141496; 
4, -382.94287098529094; 
2, -390.92515189816186; 
3, -387.09324915155594; 
2, -377.93517988765234; 
4, -380.34362672855787; 
4, -371.63312645572296; 
2, -380.7559676002056; 
2, -385.53547122701275; 
3, -385.3694726429385; 
2, -386.26451291495323; 
2, -378.0122570686726; 
3, -374.3854595804878; 
4, -370.8851349940378; 
4, -377.04613852963666; 
4, -367.49304079943977; 
5, -377.05272241774946; 
2, -371.80838870634034; 
6, -375.32528273309435; 
5, -376.7979156549409; 
4, -386.90557017464744; 
7, -368.72774835424934; 
10, -364.15746524950373; 
5, -377.7305554403574; 
2, -394.7251262554055; 
6, -364.27529114812205; 
6, -362.3814393217617; 
3, -381.3650609063043; 
10, -375.4392113000358; 
10, -312.9862673766329; 
9, -303.6965278026764; 
6, -387.8611045241123; 
2, -392.1229026429646; 
3, -378.2690248080253; 
10, -383.5829916200746; 
16, -399.0967939760085; 
2, -393.97018157735874; 
5, -375.2662758883598; 
2, -375.0940385140857; 
4, -369.243502893376; 
3, -375.2149536353172; 
5, -385.2237852841645; 
5, -372.0382574173418; 
1, -376.4616897781307; 
2, -372.63429250830814; 
5, -376.71747584689; 
2, -380.63843068779533; 
1, -391.6103584800949; 
14, -355.76874403365946; 
10, -341.2091112583803; 
5, -373.21597134449985; 
3, -381.14601049576595; 
10, -320.1159184796197; 
10, -346.0950479526582; 
7, -386.45149083834986; 
5, -391.33539344031306; 
11, -351.6740488465366; 
11, -367.7786766960853; 
11, -363.19175193434785; 
10, -303.77482518534816; 
4, -370.7489251121806; 
2, -392.270112676204; 
1, -387.98455777403433; 
9, -328.15244789409917; 
9, -351.2088046147546; 
2, -386.4422312549941; 
4, -368.86234796349163; 
3, -379.12613379006507; 
3, -373.4752297988889; 
10, -282.8016659679415; 
10, -334.33048753850744; 
1, -394.60593854651233; 
10, -378.1637074559476; 
10, -301.4310082150405; 
7, -393.329894309878; 
12, -364.99608009684744; 
2, -393.8985199273593; 
2, -381.95187113815336; 
6, -370.4857894699453; 
3, -366.6438897913249; 
2, -395.7494886356144; 
1, -380.79093613958685; 
3, -372.78314156962733; 
2, -374.785948358076; 
3, -388.4409743767246; 
10, -368.3094865432795; 
7, -384.9598271150244; 
3, -366.81911268522526; 
6, -368.4954478735017; 
7, -391.559483400255; 
3, -380.3496259315434; 
6, -366.29884410704835; 
1, -383.5815327838791; 
6, -375.1570787023229; 
5, -371.4117846100271; 
4, -373.81045511298; 
4, -381.05119954004476; 
4, -372.59933757412364; 
2, -375.17011051987356; 
7, -366.2101669686672; 
5, -380.3274396309571; 
2, -362.43778732110513; 
2, -372.5250899667444; 
11, -277.8908678911248; 
8, -292.4475959781121; 
3, -370.15481214823376; 
5, -368.8783088518976; 
3, -369.3817440076382; 
3, -377.4543062515877; 
6, -362.13198584047495; 
8, -399.6285925708653; 
4, -401.16422978253104; 
6, -389.47845541665447; 
9, -374.9715472537064; 
3, -377.558023077494; 
1, -377.4964714079688; 
4, -364.83898634574143; 
3, -360.8132407000667; 
2, -375.3536948006804; 
2, -379.7613279950019; 
1, -369.68023396181525; 
4, -366.51459345234616; 
4, -369.3909872847289; 
5, -364.34404896441265; 
5, -369.25345822732197; 
2, -374.4478132941731; 
6, -362.7753261150501; 
10, -350.36469955771463; 
4, -387.6233424751845; 
6, -389.6232655391068; 
1, -390.8592049380386; 
3, -396.8252643399901; 
4, -396.06450061338546; 
3, -384.31456222412817; 
3, -371.3389288424514; 
2, -394.49422016333847; 
12, -392.2192886885168; 
10, -375.5027075474791; 
10, -337.78157842233486; 
9, -288.46727494959487; 
10, -255.08357012859778; 
13, -197.3449022712448; 
9, -141.93962892827403; 
10, -121.88176259626925; 
10, -77.07766280269425; 
10, -97.9337909520109; 
10, -100.56055855414888; 
11, -171.82645699501154; 
11, -114.6570645391912; 
8, -309.84779651628924; 
1, -394.0854210239777; 
11, -366.6149212893506; 
3, -397.22051574543; 
10, -334.4270723212103; 
11, -312.67952958043315; 
10, -286.3887571715168; 
11, -366.6645943587355; 
10, -324.55850038383505; 
10, -393.2337562450557; 
6, -395.9729251512472; 
4, -375.3416622585064; 
1, -401.4723528242612; 
3, -371.317287047219; 
11, -297.8312144796946; 
12, -362.2030604432657; 
2, -394.3812264728622; 
1, -390.62795365968486; 
2, -376.32933479730855; 
8, -359.6945660820493; 
1, -402.0792172730289; 
9, -371.6408319578186; 
11, -283.7708748549194; 
10, -290.3624583140627; 
12, -280.6492909902008; 
1, -385.37684681938845; 
5, -391.0003427331394; 
2, -378.25036675992305; 
2, -380.58292728764354; 
8, -384.1366832400672; 
12, -367.24212338043435; 
11, -260.6947466879501; 
10, -248.54983126757725; 
11, -302.48884906515013; 
3, -386.28942597568675; 
5, -388.6030908624816; 
6, -370.0019868569216; 
2, -389.8047347712127; 
1, -375.0410938289715; 
3, -384.5623465240933; 
6, -357.06871616010903; 
2, -373.7811076331127; 
6, -372.1596542681218; 
5, -373.7191672536428; 
4, -393.9226297053101; 
3, -372.54234029223153; 
2, -364.58301133355417; 
3, -371.8501628678205; 
4, -373.27801253779035; 
5, -364.43886245378235; 
2, -368.09338295747875; 
1, -395.24332383990986; 
3, -369.7522942231153; 
5, -366.06575317456736; 
10, -265.65459339277004; 
4, -382.69841603971145; 
2, -382.03330597290187; 
4, -394.05825707741315; 
6, -370.0983159939351; 
3, -375.9637779890036; 
5, -381.10807115916396; 
3, -371.214881930704; 
4, -364.6188471040805; 
1, -382.72091318022285; 
2, -372.8530194012128; 
2, -367.5931536737917; 
4, -379.53753902712197; 
1, -397.0161505042779; 
10, -310.55882283287065; 
10, -353.012081435867; 
1, -398.39271837007254; 
10, -304.8553164202749; 
10, -336.60936292009137; 
1, -407.1899627998064; 
6, -390.9222575167223; 
10, -400.3557721806865; 
5, -390.5489824207325; 
11, -392.528406286845; 
11, -329.82783519331133; 
7, -396.29507328700856; 
4, -394.43894680784433; 
11, -372.9370102261164; 
3, -391.05755554669304; 
2, -387.05948663708114; 
10, -335.78248725312005; 
10, -287.05757179451757; 
10, -278.0329453208542; 
2, -383.7541409903206; 
6, -382.87382834465825; 
1, -368.5424454191234; 
2, -367.98124725992966; 
1, -378.1498027918133; 
3, -375.83093125176674; 
3, -386.14923401111446; 
5, -375.5414517089084; 
2, -381.8237440783414; 
11, -363.3554202271189; 
12, -343.0374986151728; 
10, -356.8923155048251; 
1, -392.8241761666868; 
9, -402.78280734451255; 
11, -281.3393216340046; 
10, -207.9130493746925; 
10, -338.86980302735174; 
1, -395.86073408935044; 
10, -323.7982093672035; 
11, -313.2707820514479; 
1, -389.40609838825185; 
2, -396.0071627735015; 
2, -379.2394605173613; 
2, -389.3530751900398; 
6, -368.62941728271835; 
3, -371.95042073339573; 
2, -380.2187334651244; 
2, -384.1428913770651; 
2, -373.8918578502489; 
8, -357.2160949433455; 
2, -391.38450330967316; 
5, -364.6553775801149; 
2, -361.69010926553165; 
5, -373.0356013646524; 
1, -392.68859782561776; 
3, -378.1595872241305; 
4, -380.7469579207245; 
12, -272.8473556518147; 
12, -283.09674033813644; 
1, -386.4271330178308; 
6, -365.30526730732527; 
3, -382.1415778599621; 
4, -373.193206244614; 
6, -364.8438333569793; 
3, -392.6224419286882; 
2, -375.59976757568074; 
5, -362.2949936618388; 
4, -359.6448945545126; 
2, -395.9505876028561; 
6, -390.1792755132192; 
11, -326.6235574016755; 
3, -387.55444827707834; 
2, -398.9197167235834; 
12, -320.6403854281234; 
1, -393.88158535875846; 
1, -404.7645825041109; 
2, -397.2369843683846; 
4, -388.4489512175205; 
14, -377.4090814468509; 
2, -388.4097141219245; 
2, -394.01417622258305; 
4, -395.9799365051731; 
5, -397.5773743716418; 
12, -227.39646444571554; 
10, -373.6693801190413; 
9, -400.3749742403161; 
2, -392.2483625966124; 
2, -397.9449113732553; 
11, -379.515153443499; 
4, -379.44186133434414; 
2, -369.16128081135685; 
2, -388.1464492060768; 
11, -245.48952150071273; 
16, -343.388585344539; 
7, -382.4006755515293; 
15, -251.4312333978014; 
10, -341.9073881273507; 
2, -394.0423722046835; 
5, -378.9346285635256; 
2, -391.4365574143594; 
1, -393.76552823529346; 
5, -369.3947624868015; 
4, -379.9276901021949; 
1, -369.23768582646153; 
10, -331.76302036456764; 
10, -240.81795353774214; 
10, -216.76104617567034; 
8, -379.8470945870795; 
6, -388.4305151096196; 
4, -386.2088199831196; 
3, -383.38998469593935; 
5, -373.6428413754329; 
2, -386.36111321512726; 
1, -379.2285078938585; 
3, -379.4774711690552; 
3, -389.62849439002457; 
2, -369.14337526162853; 
1, -375.18937411159277; 
3, -377.710323360865; 
4, -379.96370692548226; 
4, -378.88614636991406; 
4, -365.62764026311925; 
12, -370.4761538145249; 
5, -366.90814397559734; 
1, -380.53074501568335; 
2, -386.6129365230736; 
11, -380.3203130377806; 
12, -374.80729706326383; 
11, -334.137733383046; 
11, -328.38172214574297; 
2, -379.33550046023447; 
3, -371.51972806823323; 
1, -376.29523902994697; 
7, -375.818913300056; 
11, -233.75082027117605; 
6, -357.89276244957; 
7, -341.565389078256; 
10, -306.4898019544198; 
3, -373.89578938271734; 
1, -390.3318003882887; 
2, -386.0860355285404; 
7, -367.3839306461159; 
12, -385.1972875611682; 
11, -311.7449952691677; 
4, -387.86580355800106; 
5, -376.8267165165453; 
2, -384.6053138145071; 
1, -400.70825761396554; 
10, -337.57358094753; 
10, -303.8390521738329; 
12, -259.69653768095304; 
10, -365.71165816360735; 
2, -392.3246468374273; 
4, -387.4846018545213; 
10, -332.2942660514964; 
10, -232.69987441124977; 
14, -194.53804604811012; 
14, -332.6961339531408; 
2, -386.6398117435165; 
6, -364.31046649618656; 
3, -380.7263824073889; 
12, -339.7997182637919; 
12, -239.8241844836739; 
13, -322.5453157775628; 
12, -336.1119865703513; 
12, -244.6117251169635; 
11, -365.29034250904806; 
14, -342.96047963862657; 
11, -218.79674085689476; 
1, -377.63352811324876; 
2, -371.4179415717372; 
1, -377.07776023983024; 
2, -371.91009103579563; 
11, -329.83322448428953; 
12, -261.1720614385267; 
1, -391.5116306754644; 
1, -385.3729228822631; 
3, -355.78569901612354; 
4, -371.0462799248344; 
5, -356.0124454086181; 
3, -362.94369737961097; 
2, -385.39692989282776; 
2, -372.71982632557047; 
9, -355.4972218774201; 
6, -375.8699041288055; 
12, -266.6181633671513; 
9, -329.48755494263605; 
3, -388.97482502204366; 
3, -385.93520343332784; 
2, -388.1444582238619; 
2, -366.38810707550147; 
2, -380.9315019463538; 
4, -386.4944699307671; 
11, -361.5736370596278; 
2, -373.0736957800691; 
10, -250.61680615582736; 
10, -334.11030392098473; 
3, -387.93220123506035; 
2, -386.9019083842577; 
10, -281.533844011341; 
11, -309.57662631751737; 
2, -406.30614289452205; 
11, -390.36136631446425; 
2, -386.5702212364122; 
4, -362.81458077783464; 
4, -389.12378597422503; 
3, -374.1699790865241; 
4, -388.2864623526402; 
11, -323.1685039445874; 
11, -326.9317181997176; 
13, -315.5614602919377; 
11, -287.42343796556816; 
3, -381.07812840433326; 
14, -237.27564194984734; 
11, -351.37159634180716; 
12, -346.36282324654167; 
4, -405.0138725670986; 
3, -400.32236281523365; 
7, -366.906135817786; 
2, -385.70821030670777; 
3, -387.1987739930919; 
9, -378.74828977513243; 
11, -344.0884788092808; 
11, -211.47507593795308; 
10, -238.11420726994402; 
5, -362.3430448062427; 
15, -355.9012986708549; 
2, -373.90779958711937; 
4, -377.7361226415087; 
12, -372.62591225045617; 
2, -380.9996583832544; 
12, -309.51247719529783; 
10, -320.80557183298515; 
4, -383.96228473697556; 
4, -370.4473591904389; 
3, -379.0556559272227; 
7, -356.9062010626076; 
6, -359.2125503399293; 
2, -369.5102215029183; 
4, -363.15735829254845; 
3, -378.3807711022382; 
1, -384.6169180270808; 
3, -387.5934817373927; 
4, -380.0176071638998; 
1, -396.3308822729741; 
1, -387.52173319109716; 
4, -397.5528188452299; 
2, -379.1116846843506; 
9, -391.90656223369297; 
2, -401.2622092962265; 
4, -398.3144458976167; 
7, -389.6080171361682; 
4, -388.2649473279307; 
1, -394.4101633084356; 
2, -391.55773138816585; 
6, -364.57540100984625; 
6, -365.289442547044; 
3, -368.6251222413848; 
1, -382.33360753013403; 
9, -321.7187752480386; 
11, -259.16538427054184; 
10, -309.53942916420056; 
10, -337.819678678934; 
10, -405.7556375763088; 
2, -395.25981743604643; 
1, -395.7291904553131; 
3, -387.756576116808; 
4, -399.220393949392; 
11, -384.6363279709185; 
3, -387.8270766438218; 
2, -399.29095111362403; 
11, -309.8392268749885; 
12, -304.5020064227574; 
3, -387.21990810520947; 
2, -386.3299840366817; 
3, -401.93551514597493; 
1, -386.14728458295576; 
2, -394.0496107939398; 
1, -396.25907327630557; 
10, -352.53942531417124; 
8, -345.7101330275764; 
11, -398.79611290362664; 
12, -320.09688877663575; 
12, -301.62142737032264; 
2, -395.2807699168334; 
10, -375.40625428719795; 
11, -342.0735651286086; 
2, -387.29088468363625; 
2, -393.22419949184405; 
4, -375.21227385581005; 
11, -262.3879758073599; 
12, -366.6873233008082; 
9, -353.2941171727143; 
2, -384.49368597677676; 
7, -394.9789612086315; 
2, -401.6871025500295; 
2, -384.6167059346044; 
5, -393.8318511019752; 
2, -405.2617485121009; 
4, -396.3679161486507; 
12, -390.48706521917484; 
10, -391.2169594517618; 
4, -395.16029399773106; 
9, -361.1563060624467; 
9, -350.4192090477154; 
6, -388.7912052340689; 
12, -398.7733685920248; 
10, -288.33913351010415; 
12, -325.2889188789122; 
11, -393.06326779088704; 
2, -399.7733917013393; 
2, -392.70110582280904; 
2, -403.2205072022334; 
7, -389.77966656614444; 
1, -390.20306079497095; 
2, -384.94113487767754; 
12, -324.36624223116087; 
12, -364.03177135047736; 
11, -260.4468979352969; 
13, -351.3874368368415; 
11, -319.3495190932881; 
11, -276.7599232759676; 
4, -390.64476108021336; 
3, -370.82862954746815; 
11, -296.2611068399565; 
11, -292.4800638627494; 
12, -254.0531527189887; 
2, -384.8808779096871; 
2, -379.0242298422381; 
4, -392.27563207474304; 
1, -394.9493400173087; 
10, -218.53222764533712; 
10, -325.7665134565905; 
3, -383.4609004675294; 
2, -385.13888932717964; 
1, -381.8962656551739; 
2, -391.2268030511914; 
5, -383.02676079943194; 
4, -394.5253181416192; 
4, -375.96483505383367; 
3, -391.00324921292486; 
3, -401.3525570355123; 
9, -344.17063101008534; 
10, -372.6069053939427; 
1, -394.8242605183332; 
3, -386.82857294005225; 
2, -378.76317056120024; 
3, -393.3518636848021; 
10, -357.565492385329; 
11, -313.91153894297895; 
3, -395.8551539008913; 
9, -324.31228872886277; 
11, -253.44385770586086; 
11, -278.51736890588654; 
12, -277.13068537716754; 
3, -380.44665452395566; 
2, -371.37316834324156; 
6, -378.068898235244; 
2, -390.7534177968919; 
2, -392.14775291323895; 
1, -393.7027473828639; 
2, -387.9310245847155; 
11, -289.2249713410565; 
13, -296.48890619786107; 
12, -335.8933151990059; 
10, -308.0867026860942; 
12, -295.69729823080706; 
13, -295.5808592905523; 
10, -235.38522730293334; 
12, -253.4453311371035; 
13, -385.39689517594525; 
11, -288.7489984022686; 
12, -311.9561040866829; 
4, -375.65172768739285; 
1, -385.05464530258905; 
11, -305.8988909703621; 
12, -239.38352620831574; 
2, -375.247449248418; 
7, -376.72178766314755; 
4, -375.7070032748452; 
3, -379.02020516700577; 
6, -368.33476834977046; 
5, -372.3606791886268; 
6, -383.9437506122631; 
1, -378.18569880625; 
2, -381.02945608610753; 
2, -393.91685385932215; 
10, -321.04338585661026; 
13, -233.26972193966503; 
3, -389.493748180219; 
6, -385.8588595552137; 
2, -388.5792982085841; 
7, -359.8603848753846; 
6, -382.7003645468503; 
13, -366.5670607815555; 
9, -332.69623639274505; 
2, -382.5471951185609; 
4, -377.2192149114562; 
3, -376.9743573697051; 
13, -244.6584292234329; 
12, -363.0639942329144; 
12, -327.40764901504735; 
13, -353.72073449220625; 
2, -395.0399398517329; 
2, -397.1547185544623; 
8, -370.7987814587541; 
3, -385.05430830147816; 
3, -389.2565369217191; 
1, -395.33853047544835; 
2, -391.16227131389314; 
4, -386.81404316966655; 
1, -388.8613727695192; 
4, -386.2268270140048; 
1, -396.0059335320839; 
4, -381.6786590834381; 
1, -390.82073814910837; 
2, -383.42435095325345; 
1, -385.5483488437021; 
2, -379.72025019529974; 
1, -397.53634860378224; 
3, -390.3850762062357; 
3, -379.5893851002329; 
2, -378.129721347359; 
2, -376.89123087230837; 
3, -382.8806918117916; 
1, -386.9500381805701; 
3, -376.4001036960399; 
11, -343.161237742519; 
11, -383.85264378925785; 
8, -383.5692263438832; 
11, -384.61316115257796; 
10, -323.0724298636778; 
12, -349.48003325931495; 
10, -324.9433969454258; 
11, -352.3186083584442; 
12, -366.48205566965044; 
3, -394.6085197678767; 
12, -395.53790680563543; 
3, -384.97232102800626; 
11, -388.3580251004896; 
2, -380.53105292411055; 
2, -373.85332328715594; 
1, -388.78972668386996; 
3, -370.6438953251927; 
3, -387.2466084326152; 
1, -393.7120858297567; 
11, -344.3897933924454; 
12, -281.10525735578267; 
12, -355.8140375543153; 
2, -396.65230986778624; 
2, -393.2786425957456; 
1, -387.3578075852711; 
3, -387.0299589406932; 
1, -384.4837204485084; 
3, -385.5813817423186; 
1, -378.6311701342929; 
11, -357.3657478679088; 
11, -248.16583830595482; 
1, -394.20516757963924; 
6, -398.8609912506072; 
11, -305.5437515233061; 
12, -225.8642694533337; 
9, -353.70079411991173; 
3, -395.569416357961; 
10, -381.68914095917717; 
1, -394.25472540734336; 
3, -397.7380136176944; 
11, -376.2072610660689; 
12, -225.24743846582714; 
9, -355.01605731155723; 
2, -383.7940926682204; 
5, -384.20419122016756; 
12, -259.07140766998054; 
10, -269.1678944355808; 
4, -386.0476062359521; 
2, -395.8239247748861; 
3, -388.5204547236208; 
2, -382.48614654224366; 
1, -393.3859530383488; 
5, -389.68285566277336; 
7, -383.1249712683493; 
14, -323.3422721659881; 
12, -224.93118326878175; 
1, -390.2270174380974; 
13, -345.47619688126724; 
12, -289.60924815933686; 
12, -206.54141418944346; 
5, -393.3852030141861; 
7, -388.99945523845963; 
4, -396.29038329818286; 
3, -383.91918478230946; 
10, -380.9801294237259; 
11, -356.0298074299935; 
11, -261.3319853466237; 
9, -345.07173743488966; 
12, -223.0952770851436; 
12, -266.64030173415085; 
6, -380.8192190764821; 
1, -397.8416485551279; 
5, -389.22069710836513; 
2, -385.8871499794186; 
4, -374.2681083868374; 
3, -386.3365578673547; 
6, -390.7092812763294; 
7, -383.9866408142261; 
11, -265.7890171291656; 
10, -304.31907091027824; 
7, -376.47331981838215; 
15, -384.8403205865179; 
12, -305.38479163032025; 
11, -323.7620646530413; 
10, -287.47174155327957; 
12, -266.92570366349537; 
4, -400.84681311633904; 
2, -393.553165905294; 
13, -350.50231496756896; 
1, -397.01702059450326; 
3, -385.2958125952282; 
1, -393.7876366284909; 
3, -391.18355690152384; 
3, -392.76260972977616; 
12, -350.15753549174406; 
2, -392.44419801118784; 
11, -221.43169389961986; 
10, -302.53988286596723; 
11, -309.9017828658689; 
6, -375.8082114053541; 
4, -381.78156164160464; 
2, -389.61316063295817; 
3, -378.5945006759139; 
11, -382.6558965998702; 
13, -283.13088429835625; 
2, -391.0696892068954; 
2, -389.6618189427536; 
2, -392.5011618414428; 
1, -396.99417321465444; 
1, -396.38609424297465; 
2, -383.13892666541506; 
4, -389.37637677503517; 
2, -374.0667507640319; 
11, -331.8164525818429; 
11, -196.32171293598367; 
11, -280.1312509254785; 
11, -276.68433300749166; 
11, -234.11023732379545; 
2, -395.8497132185148; 
3, -393.7449034684687; 
4, -372.78070827870397; 
4, -373.3429140194785; 
4, -368.9133058032021; 
8, -369.27176145045087; 
4, -393.17995100613916; 
5, -387.8685143602197; 
7, -365.8938582484843; 
13, -245.18873107474064; 
4, -380.4927444649511; 
2, -385.9149187352741; 
2, -380.4123226822121; 
11, -354.74399747059215; 
11, -358.38969931419706; 
12, -257.18409786815755; 
12, -250.8372323141084; 
4, -371.0408046131488; 
4, -369.70902988815214; 
5, -375.40892171673477; 
4, -386.61850439885166; 
1, -393.06909702607663; 
3, -372.1078843183932; 
1, -378.43411769653903; 
1, -384.1363774968777; 
2, -385.2121285229805; 
2, -393.10089249454904; 
6, -373.54174138972303; 
4, -373.23930810019374; 
1, -381.6560027349042; 
6, -373.75292863091454; 
4, -366.97327300481265; 
1, -391.1838364339783; 
4, -388.31242951290915; 
2, -377.0400646770722; 
5, -360.94362062838627; 
6, -382.5531482741353; 
1, -387.79396514379187; 
3, -382.5681965605472; 
4, -371.3558906924445; 
4, -391.5682212158572; 
1, -380.23640442837495; 
5, -374.63815752987284; 
10, -345.7580518765026; 
12, -316.01423545199214; 
2, -398.2883369898191; 
9, -381.5609176501748; 
5, -395.7268093660823; 
10, -273.0669211592758; 
11, -309.6590056171408; 
12, -254.36180399323348; 
10, -280.6226305172313; 
10, -295.3965160236694; 
12, -183.90867051749956; 
10, -384.17450459394604; 
3, -391.5189135260298; 
1, -397.9416642821161; 
3, -386.6601051039179; 
1, -402.5447287839488; 
2, -386.5922429471975; 
6, -387.73998031485826; 
2, -388.3845698743826; 
3, -389.4441988634062; 
3, -375.77764896239387; 
2, -392.143670251593; 
12, -373.8730835332535; 
2, -397.45764931547455; 
6, -381.82305940811057; 
10, -329.19853655435145; 
14, -229.80055534048006; 
7, -389.1422767965123; 
6, -374.11528312053997; 
6, -379.8696932080202; 
12, -237.0658977998537; 
14, -226.6274508057977; 
4, -389.64530500152614; 
4, -386.24742119788425; 
4, -380.1943620481761; 
2, -377.3094969538506; 
3, -372.0413390729809; 
2, -378.726870795188; 
3, -363.9036880925414; 
4, -375.67219622421544; 
3, -380.33383897470776; 
3, -388.0362956987228; 
6, -376.0523353710887; 
4, -371.0453053932288; 
5, -359.95358668244444; 
8, -344.5661444924772; 
11, -313.17877819307614; 
6, -375.633995869779; 
11, -240.52176314406097; 
12, -211.005029937136; 
2, -390.09552279062336; 
2, -375.16332040558336; 
2, -399.26566251856275; 
10, -255.97183470305754; 
12, -262.7607912531239; 
3, -391.06266262958525; 
3, -382.2039115692605; 
6, -380.8499401351437; 
13, -324.27785092644626; 
11, -183.1521275601117; 
11, -167.36009519791696; 
12, -139.81852293561678; 
11, -141.93055430112872; 
11, -308.84084774390794; 
12, -296.29742467805045; 
11, -182.49849834654015; 
11, -275.18257835519034; 
4, -383.4200358973467; 
4, -380.70692166208755; 
2, -397.2121972479508; 
12, -329.69060569879366; 
11, -237.70322831021622; 
13, -311.0026700234739; 
6, -377.8178626500303; 
5, -395.29685370932566; 
9, -372.4413361658808; 
3, -384.53574919042876; 
6, -379.75471259688493; 
9, -393.5076560640591; 
12, -375.7769205001532; 
3, -391.12843013880774; 
8, -387.7621344088693; 
5, -383.276454547653; 
8, -367.2640432944754; 
5, -357.68349268927705; 
3, -372.3140833119978; 
10, -360.7093583777896; 
2, -383.5047355918214; 
11, -357.5270498446771; 
11, -289.10023881553207; 
13, -248.9905432171072; 
14, -192.5409766541561; 
12, -187.64965372387087; 
1, -383.8648426164873; 
1, -380.2826879445929; 
4, -375.339411549794; 
3, -378.16345826379256; 
3, -366.0291296663345; 
3, -374.38213194918353; 
5, -373.8147169984877; 
6, -372.77448502986226; 
1, -378.3781995328609; 
6, -372.3963491972536; 
2, -376.34767417638795; 
5, -371.252778461203; 
5, -377.62744043633575; 
4, -365.8519769833656; 
2, -389.1149316788651; 
5, -363.14497062395094; 
4, -375.325788716611; 
5, -363.6232317822869; 
3, -405.7662019499112; 
4, -398.97056977520697; 
3, -400.90991500619566; 
3, -405.6528433865751; 
1, -410.8970719235949; 
4, -406.43316410062835; 
7, -373.41637063003145; 
2, -367.26291065994883; 
5, -377.7940283077187; 
4, -375.4345077096368; 
12, -383.0274178091786; 
6, -389.3746653222479; 
4, -383.2954943102668; 
3, -365.0552135250764; 
4, -379.00686086626956; 
2, -390.589909948525; 
7, -378.5730436213198; 
5, -374.72544473974267; 
4, -369.18666298041353; 
3, -369.7498043992091; 
3, -363.4820626262226; 
10, -332.6303249010234; 
5, -367.85057120525744; 
2, -370.5456325096311; 
11, -214.75830657652114; 
11, -291.92276584130013; 
8, -366.58689699386014; 
4, -370.4261179624591; 
5, -369.4221867508022; 
9, -373.32834852166707; 
1, -378.3205905419891; 
4, -361.74635339080123; 
7, -360.70210322982166; 
1, -380.6168538206839; 
3, -362.99091826344375; 
1, -380.7899419371388; 
4, -360.6505984762334; 
4, -364.19570959714474; 
7, -375.7174987112521; 
4, -387.7524110300583; 
8, -379.7834054203122; 
4, -402.2748784000287; 
3, -396.05101098673185; 
2, -406.3649795736419; 
5, -389.4299298681435; 
12, -388.07656742678955; 
14, -343.35348233929835; 
5, -377.6512487891014; 
14, -386.4176678574877; 
3, -388.42793706367956; 
5, -365.95275039906846; 
2, -370.30701295717154; 
1, -376.1429245269974; 
12, -305.31209283025237; 
11, -201.01836178218946; 
13, -198.74275771994144; 
10, -325.8172782312031; 
4, -380.0587404075195; 
3, -382.01046713616233; 
2, -389.86451744975056; 
2, -388.56158305879217; 
3, -371.3609614375746; 
4, -379.276831431489; 
4, -362.2811465371051; 
13, -356.50527371745557; 
2, -375.10398050415097; 
3, -367.2945012678392; 
6, -361.946303531935; 
7, -392.2332084510126; 
1, -378.95931376551744; 
3, -371.0123027683003; 
4, -370.81674734293483; 
4, -376.4131789712119; 
10, -381.2437813456636; 
12, -260.6783952716505; 
15, -351.86345035315026; 
13, -363.8978045611875; 
4, -389.8200452350429; 
4, -376.17404894396896; 
3, -372.20645217993297; 
4, -368.6798260170617; 
4, -369.94577683968237; 
2, -387.4870737296296; 
2, -375.42332660837565; 
3, -359.6916964041884; 
5, -374.4533017837093; 
3, -382.0608306499198; 
3, -383.9531732623582; 
3, -387.5418630083441; 
10, -374.29160420270637; 
6, -364.4358408804983; 
4, -370.8179791618604; 
16, -266.59638639743207; 
11, -229.9686056447099; 
4, -379.1802394425613; 
5, -379.5933289058157; 
4, -365.92168124986347; 
4, -372.6580510615604; 
9, -310.15170804416994; 
11, -231.60509782959707; 
2, -372.75011493935017; 
8, -366.9449660676182; 
1, -374.4487044410198; 
4, -371.0512713667122; 
3, -401.1713818355347; 
3, -384.85422180144815; 
4, -364.8253680324415; 
3, -382.8529997688602; 
6, -360.5765709601692; 
6, -365.3418241154286; 
3, -374.9652901252848; 
4, -372.0243667673785; 
5, -373.32986528391484; 
3, -375.09855888655875; 
5, -368.84634703438496; 
3, -381.1339559513144; 
2, -384.96548328292556; 
7, -377.45102750882506; 
4, -398.0955399752711; 
4, -403.74326960311737; 
5, -398.395440326829; 
12, -369.63720730907517; 
3, -396.4559492781991; 
4, -380.5629317507264; 
1, -395.3623444546247; 
3, -386.7107026230078; 
6, -383.23389944341034; 
4, -370.690310062957; 
4, -379.4398581068381; 
3, -384.774984373129; 
11, -333.87342209910275; 
10, -320.71497240976896; 
1, -398.4438270169776; 
1, -393.1668582459679; 
3, -388.8857846793253; 
3, -391.2831387082697; 
11, -248.2369450549595; 
14, -193.63838853267953; 
16, -342.7559075104655; 
3, -398.16148770885775; 
4, -382.61410137452185; 
10, -332.7704445995041; 
6, -359.45988350047264; 
8, -378.1849514058558; 
3, -366.4907082528225; 
3, -372.67979341367027; 
1, -400.173613409861; 
4, -404.9941764753312; 
5, -378.8696436199825; 
2, -371.7270489735529; 
11, -338.8765663227532; 
14, -298.9453208615887; 
12, -360.8134401230491; 
1, -379.0536043944885; 
4, -373.9563482751837; 
9, -346.83642478776164; 
12, -178.95427148399176; 
10, -324.9332901358721; 
4, -381.26535213022726; 
4, -374.91581849887734; 
3, -376.8979782174574; 
3, -368.2908404566115; 
8, -365.3675455005141; 
2, -372.7495046250988; 
2, -367.89709231915185; 
4, -380.0135473787086; 
4, -378.99558796925703; 
4, -363.12193275388563; 
4, -387.492142772011; 
3, -384.90875430591404; 
2, -390.24189419235336; 
2, -395.9222088358947; 
6, -389.07251810701564; 
11, -310.80808677035384; 
11, -229.20050880126655; 
9, -380.3978021557559; 
12, -387.12158584519057; 
3, -396.67050526017556; 
2, -392.7600919774268; 
11, -351.02954531041905; 
11, -319.28300511365524; 
9, -320.0014863111428; 
2, -385.1320995533024; 
11, -258.6664142535301; 
12, -234.25663676758995; 
4, -389.2252836311236; 
10, -278.0714947829838; 
12, -239.45054839306977; 
11, -206.1248187920428; 
1, -393.40893074369524; 
2, -390.7482845992781; 
3, -370.0259328374523; 
2, -368.40094928542385; 
13, -368.2198443695088; 
4, -365.8486941708834; 
2, -373.75853636849206; 
3, -371.31087165809004; 
4, -373.31088715657825; 
3, -378.1919048036798; 
5, -378.4768338230788; 
3, -387.74942485103384; 
4, -395.7895066335914; 
4, -369.0953233735636; 
9, -371.68037259881385; 
4, -375.01426380942576; 
3, -367.36377573246136; 
3, -392.58747305104043; 
3, -371.47518916078843; 
5, -367.02195595606463; 
5, -372.51424935628893; 
3, -386.5408615656779; 
4, -373.6618135824101; 
11, -378.839496705099; 
4, -374.2936380082974; 
3, -372.06965345930075; 
5, -373.5367782629328; 
4, -371.46956099249655; 
5, -366.936483703088; 
14, -387.9212043596199; 
11, -341.85605166165624; 
12, -354.4193779579946; 
3, -368.9684514432447; 
3, -360.99491616658634; 
2, -366.02474297134904; 
3, -374.89604219351895; 
2, -377.96031406510156; 
2, -380.78169598738896; 
2, -385.1464597293525; 
2, -369.2581230857759; 
3, -378.40623725240584; 
2, -392.071177052625; 
2, -391.14420195441926; 
12, -282.5505568222725; 
14, -232.91943020641338; 
5, -385.3436427213019; 
2, -383.37217653368134; 
3, -387.0828474923619; 
1, -388.7436380832223; 
11, -300.36036801087903; 
13, -338.8546824489604; 
4, -363.8309142572107; 
2, -369.7509556764271; 
5, -366.55311095062643; 
7, -369.0629326986964; 
3, -387.61751814739546; 
2, -390.2637623315677; 
1, -391.8286587590119; 
6, -361.9699707927648; 
3, -377.6722419161815; 
2, -372.76630722667323; 
6, -381.2919952032389; 
3, -364.9240826309542; 
2, -374.2065484368359; 
2, -380.9191582298954; 
4, -374.08298028894933; 
6, -364.59646339534083; 
11, -347.2221887902706; 
2, -371.8161467635073; 
5, -367.73220441892045; 
3, -369.9335147739039; 
2, -370.6381525103934; 
2, -388.00469232571777; 
3, -382.3737340060761; 
2, -377.742337554344; 
3, -388.19278307736386; 
2, -395.5323249340872; 
10, -259.5622543997015; 
10, -240.57683262461796; 
10, -264.2311054423917; 
9, -255.72945795487612; 
14, -266.5649523717002; 
11, -180.10571893723682; 
11, -314.65623166493606; 
11, -219.16107600845862; 
8, -309.95357807166874; 
12, -262.0153996198205; 
11, -217.8882662045071; 
16, -316.7028481927118; 
3, -384.9007076648995; 
3, -379.33366953610675; 
4, -387.73577599512646; 
4, -374.948749273608; 
5, -375.80933319899486; 
4, -388.17102083557984; 
3, -381.05519157397794; 
10, -370.80350492638536; 
11, -346.5690443838248; 
12, -319.0834804640035; 
10, -324.2408034260734; 
12, -347.88165669172304; 
14, -383.4169830501778; 
11, -232.29290837666485; 
13, -314.679227003071; 
11, -267.1949263344868; 
13, -204.84516298497329; 
2, -373.56183586036786; 
3, -360.307623395056; 
3, -368.9063094558078; 
1, -372.1596563467756; 
4, -384.18858445988735; 
2, -364.7134094265639; 
11, -372.8786322871456; 
13, -198.4010233557783; 
13, -309.8022986462456; 
12, -256.4044549422688; 
15, -269.9445558338193; 
14, -232.82410111592617; 
5, -359.58801992604276; 
12, -317.0342847899883; 
11, -222.2262604101561; 
2, -375.24121907615336; 
1, -383.7685567208682; 
12, -375.45162175933365; 
1, -383.8446496815304; 
1, -393.25498814921593; 
2, -393.6511811761302; 
13, -250.90928700281074; 
11, -291.2013984839432; 
4, -403.29702347918646; 
1, -388.985888103256; 
3, -390.30265022889944; 
2, -388.565473819559; 
12, -301.37880848546047; 
13, -239.22078032721765; 
14, -250.61976228642743; 
10, -383.95640820561675; 
8, -398.05248199380003; 
10, -347.51348243595567; 
12, -199.687110185856; 
10, -234.3009528858238; 
11, -294.4232551656314; 
2, -393.5976724695647; 
1, -398.1750521690119; 
3, -375.7580290681217; 
3, -381.90501339617185; 
3, -386.9474029520061; 
1, -405.9472494528163; 
3, -389.7507425326621; 
4, -405.46684796659974; 
4, -387.2850307401386; 
4, -372.3885572834988; 
2, -375.72310492320685; 
4, -363.47339504235424; 
3, -372.85396780248266; 
4, -372.4657212255988; 
4, -370.72840456169797; 
4, -368.5821325685247; 
2, -383.81960585317574; 
13, -343.73199396848213; 
11, -362.7164397450397; 
8, -368.83542343147565; 
5, -359.0917927842238; 
2, -377.6199018356274; 
8, -375.59688958973857; 
4, -375.3699850094272; 
4, -366.75165120582096; 
3, -367.1587167363614; 
3, -360.014157565136; 
5, -359.6002263315604; 
2, -377.4700086233206; 
3, -374.2071293592453; 
7, -357.13602282095235; 
2, -377.8919802152668; 
4, -364.1281586235855; 
6, -385.5309211978456; 
4, -367.8687466151896; 
5, -377.3372276331065; 
5, -379.4596559200436; 
5, -375.4253998307977; 
8, -391.5188553823391; 
10, -366.4366266800207; 
4, -386.16579711576924; 
3, -374.15304903057404; 
4, -363.99742241122294; 
4, -380.59877720981603; 
2, -377.7334319431102; 
4, -377.36311662755907; 
6, -365.2501518140198; 
4, -370.663004272501; 
4, -369.71987079363316; 
2, -377.98787328985054; 
2, -387.4823066291865; 
3, -370.5249767336063; 
4, -370.8639830154134; 
11, -227.45312945573824; 
12, -284.9719839543104; 
2, -364.96389328467194; 
4, -366.28366634470876; 
10, -372.37452817551093; 
3, -377.31616048899014; 
3, -375.4190708498936; 
5, -377.88172948150896; 
3, -360.6373673635535; 
5, -381.58697676321026; 
5, -363.21984484186396; 
8, -357.6972779176431; 
6, -361.8327759918757; 
2, -371.347548283753; 
2, -385.43258477561176; 
4, -366.32209230668377; 
5, -372.24822325468995; 
3, -371.9818798196502; 
9, -363.3014906606404; 
3, -378.94134792569093; 
2, -360.17724992416333; 
2, -378.68718692625407; 
3, -367.2476766615873; 
5, -362.31489938125014; 
2, -375.0091853402555; 
2, -364.1131015858846; 
12, -326.39846658473834; 
10, -274.6007596362615; 
3, -366.38240553683136; 
6, -372.20189425791614; 
3, -368.85792461631354; 
2, -369.0081277238205; 
3, -373.8711891360581; 
5, -367.68416401348077; 
3, -408.37219144089613; 
7, -381.66331236378755; 
7, -378.2670792359859; 
7, -377.53771408984903; 
13, -356.86752435023664; 
1, -382.72098412248306; 
3, -364.9145352190826; 
5, -360.5837542794179; 
2, -377.0073252558941; 
3, -369.3767024879344; 
2, -378.7865029622335; 
5, -367.68285875197034; 
3, -359.0869285741355; 
9, -373.8916374994442; 
3, -372.2599707925692; 
3, -372.4439247229602; 
5, -372.1006525947014; 
2, -375.2777655168902; 
3, -384.7624922133982; 
2, -366.8518698225962; 
5, -355.8005231519928; 
2, -378.1913528747391; 
3, -371.66430505062453; 
1, -372.279890902224; 
14, -331.670030865469; 
2, -365.6540117166005; 
2, -374.75001175154466; 
2, -377.7431815455202; 
1, -373.25464155885857; 
1, -392.29734129528515; 
11, -374.9931540597463; 
3, -391.4698295649141; 
4, -391.8150287832832; 
7, -375.9081230991287; 
6, -392.6617976962589; 
4, -368.0239025426563; 
5, -371.96951381035615; 
3, -368.9622357946355; 
11, -365.7108753101202; 
2, -372.5262144781882; 
1, -381.44182253384497; 
2, -368.1612512108404; 
1, -377.0177323744865; 
2, -379.93251744809095; 
14, -382.4945784887532; 
7, -373.48418365907855; 
10, -359.93366921076085; 
5, -385.0275041962741; 
6, -393.7137778279139; 
2, -383.1725299458485; 
5, -384.3452224882785; 
3, -386.311006517848; 
6, -381.63015890156385; 
5, -384.9445735348854; 
4, -371.33854405302554; 
4, -373.09047843841836; 
3, -364.1883092826465; 
3, -373.81429342355113; 
3, -371.689466046053; 
5, -371.23506893904414; 
1, -379.6129370313138; 
12, -386.4377802821109; 
1, -387.78397148358636; 
13, -363.575010676519; 
12, -377.02510725858156; 
1, -390.6262266060803; 
3, -370.38866999570746; 
10, -367.98913885687944; 
4, -355.23938599799294; 
5, -378.01310866524; 
4, -370.7428787962999; 
3, -384.6597684515873; 
4, -379.83596513571683; 
5, -375.56108520622365; 
4, -370.54690169531386; 
14, -342.98278159915935; 
8, -361.1533523007529; 
4, -374.2101101083681; 
4, -375.9595840409165; 
11, -225.49392388551496; 
11, -295.00372730602976; 
3, -371.0762276377063; 
6, -379.4295604642248; 
3, -377.4917338534724; 
7, -385.63743304356467; 
6, -359.6694746223511; 
3, -374.5829132011859; 
3, -366.2545132833766; 
3, -379.1620507379994; 
7, -362.59933736466337; 
4, -378.3090348946862; 
4, -368.3160088317236; 
5, -380.7098838266684; 
7, -370.09007229679264; 
4, -373.14769022283144; 
2, -373.24909540847875; 
6, -381.53401602443773; 
3, -383.0365532769356; 
7, -383.55845546664204; 
3, -379.68897726386786; 
3, -379.3569619124755; 
5, -386.18735926039517; 
4, -378.9833730455721; 
6, -375.4875468995888; 
4, -379.15563133498654; 
12, -372.42550410248805; 
5, -374.2689709911356; 
1, -384.5422153312247; 
5, -366.2352808545111; 
3, -375.5507394471206; 
6, -388.2530798953958; 
6, -370.71741972176824; 
4, -376.9463380688103; 
5, -383.8045669842977; 
10, -375.82798455574084; 
5, -354.62002799194306; 
11, -365.7621327480301; 
5, -362.5404571511317; 
3, -364.98372868518345; 
2, -373.79988647357095; 
13, -322.32001142553054; 
13, -291.6931597670773; 
5, -368.11071140971035; 
7, -380.3085185503587; 
4, -366.85874922107905; 
1, -386.96001474629156; 
7, -369.9456510003656; 
3, -368.2414817943936; 
3, -375.5862325466005; 
4, -373.06038507120684; 
4, -362.87970245443285; 
4, -362.9511542088585; 
4, -378.69534130964894; 
3, -374.11202624591533; 
3, -370.79512332123704; 
4, -363.38009325100575; 
5, -374.0784371624468; 
4, -379.402604474104; 
3, -383.57945359684527; 
6, -379.6484345145291; 
4, -391.7870189092355; 
11, -371.037447060924; 
4, -389.44980698567815; 
3, -389.56682882574387; 
3, -373.6068665572675; 
4, -368.68717823084444; 
3, -380.66581287642475; 
4, -377.5906878737733; 
4, -364.7032775172265; 
5, -370.5741921927547; 
6, -370.89473038050346; 
2, -371.1699392704759; 
5, -366.4764966868097; 
14, -250.8906802025158; 
12, -257.3903902146267; 
5, -368.78645028348546; 
5, -386.69409601110965; 
3, -357.24111701361835; 
4, -375.42913248366676; 
9, -360.9571576418821; 
5, -357.4189600790851; 
8, -367.24073133885395; 
3, -367.5551507687196; 
5, -364.7079861970851; 
4, -364.2966599162901; 
4, -371.57059299654793; 
4, -377.34126028744504; 
2, -366.7660347513156; 
12, -230.71924456674606; 
10, -344.3025264311582; 
5, -397.4817298534326; 
3, -384.78060184337664; 
12, -210.27412460115738; 
12, -238.76408625079785; 
11, -363.044348553638; 
11, -241.88898640777916; 
10, -365.06154576840345; 
2, -377.6158117763698; 
2, -373.8525954026263; 
4, -362.55806453502737; 
4, -369.6150193037465; 
6, -374.29811254749075; 
2, -377.7139825876802; 
5, -371.3022241098806; 
5, -357.5471419424284; 
5, -372.4709932465339; 
11, -294.3256740120705; 
13, -315.0656229890883; 
5, -365.2121026413515; 
16, -377.618664065958; 
2, -383.5383955235593; 
5, -375.15118056570645; 
2, -382.5396814184496; 
4, -373.7175510323141; 
7, -393.01584101014305; 
4, -381.683524146094; 
6, -358.1168955063913; 
4, -359.4549639382167; 
3, -371.0311942137778; 
5, -381.4133892295649; 
4, -373.2971334727481; 
4, -361.27047233108897; 
3, -375.90263692475855; 
4, -354.9924587040441; 
7, -348.1022178477142; 
3, -370.1361418593442; 
7, -364.77500426757615; 
6, -358.1120065562427; 
5, -358.13019577693194; 
2, -370.5740850077709; 
4, -367.39370062947273; 
2, -362.1971586982254; 
3, -362.03079841367435; 
2, -365.7776761803543; 
2, -364.10764188156463; 
1, -372.99961779266596; 
4, -354.4039228440961; 
4, -366.0770455271704; 
2, -367.8049293140648; 
9, -364.54290733870585; 
2, -380.1798795736395; 
4, -368.00028447422665; 
4, -361.2257892048219; 
3, -378.84538364910986; 
2, -373.4217664868338; 
9, -371.02928147802595; 
13, -338.7756787870312; 
3, -366.4110117247328; 
3, -370.3922520142514; 
8, -379.14003679913003; 
5, -385.42460015707184; 
10, -356.8548507177038; 
12, -360.99986727081705; 
2, -371.2592092801351; 
3, -357.151568119647; 
5, -363.63389964029193; 
4, -365.03201883635484; 
3, -391.3675599914277; 
6, -364.44332430826034; 
2, -363.1756519121118; 
1, -367.4049839632353; 
8, -356.6452951611718; 
3, -367.4479968851665; 
8, -374.78138005710207; 
3, -379.0723776950035; 
13, -355.8018842349993; 
11, -205.859077383182; 
10, -351.40892367600463; 
2, -381.59930739947595; 
6, -363.6601760762278; 
5, -367.949859825545; 
6, -356.77838196302764; 
1, -373.2466408137698; 
6, -365.59135042328853; 
5, -368.9869930781424; 
3, -369.126388503355; 
14, -358.3798542676959; 
11, -362.6350089201005; 
4, -354.8490688353777; 
6, -350.28570356429555; 
10, -373.56577592983376; 
3, -357.04842470481526; 
3, -371.1590847953921; 
6, -372.42958338174503; 
6, -374.9095450071618; 
7, -367.4554779374739; 
8, -368.40520765655674; 
4, -368.7580572827719; 
5, -359.48261221835855; 
6, -375.0457564222161; 
5, -365.6576019284548; 
12, -372.3386397076538; 
4, -374.020662662806; 
1, -381.1259512536926; 
3, -371.2519321788568; 
4, -375.28325203678105; 
11, -344.96546552481595; 
3, -375.13191961613484; 
7, -357.65776156133506; 
5, -353.167412629351; 
2, -371.2733996931929; 
12, -281.0094184742775; 
10, -329.521467352286; 
2, -379.0062808805378; 
4, -362.7061822784599; 
4, -386.89373736199923; 
3, -372.4163926304318; 
4, -366.1907095364295; 
6, -359.7675012863474; 
3, -360.14265472849365; 
4, -369.58335723821074; 
8, -365.29348131944425; 
8, -359.6008447809145; 
4, -375.9416386843659; 
2, -363.6094092981657; 
6, -369.74238882330246; 
3, -368.09064312593546; 
8, -359.5126586573897; 
12, -246.4802049068967; 
12, -308.1618866401259; 
12, -366.91459906834643; 
13, -199.93746271461714; 
13, -259.18560001219157; 
13, -338.14029589132406; 
10, -252.14019813202322; 
12, -241.65930865239352; 
14, -276.24579883692786; 
12, -204.00482756574638; 
11, -314.3256133585237; 
11, -308.5288501761388; 
11, -357.33336154394783; 
2, -374.1798044097377; 
11, -359.5422901203856; 
12, -228.731140734395; 
13, -363.20061667542905; 
8, -384.3508790602209; 
1, -382.55635138368234; 
12, -311.23545321344864; 
10, -304.14974767388776; 
5, -374.0058932338143; 
6, -376.5591363532003; 
3, -374.3895235789241; 
2, -384.424692347995; 
2, -387.83481396501884; 
7, -361.7208255698206; 
13, -382.21182518685237; 
4, -392.86344600946177; 
8, -382.8870247785235; 
4, -388.22702547651716; 
11, -350.0833313165931; 
12, -282.31597473844886; 
9, -368.15437138511334; 
12, -265.2289328901097; 
15, -348.5693376682466; 
11, -366.78180827677716; 
14, -227.99783582624514; 
10, -351.1567401087377; 
14, -357.1854596117046; 
11, -340.7734254874522; 
15, -206.4570030644536; 
7, -385.29783089342527; 
12, -267.3871735861758; 
14, -243.70204280701; 
13, -247.19626857014373; 
4, -379.1642358978279; 
3, -400.9018321809126; 
15, -409.1985517280409; 
3, -407.1560588411521; 
16, -313.02336522738915; 
12, -220.24575819459278; 
11, -295.3247736361809; 
11, -294.02882795082405; 
12, -222.15963380783796; 
11, -301.8518871359993; 
11, -255.62103430577554; 
11, -359.00571809033863; 
10, -384.02751146710943; 
13, -196.00032557942905; 
14, -294.1985493521206; 
8, -385.1497686044313; 
8, -393.82589095598087; 
2, -382.0448647317244; 
4, -414.3671156273922; 
12, -353.107228929759; 
13, -231.76014752022456; 
14, -306.662139333901; 
11, -213.8501355962362; 
10, -243.3684867672855; 
13, -253.62776264862623; 
11, -248.77607898775022; 
14, -253.2988323078025; 
11, -261.32051173842046; 
11, -254.75983315566555; 
10, -309.49163175432477; 
11, -312.0976232405519; 
11, -374.0583756136475; 
7, -347.3114575954387; 
11, -303.42085995466914; 
11, -318.2180833274033; 
11, -311.7020485136891; 
16, -290.38142450293526; 
11, -268.1178064548876; 
13, -299.55622900277376; 
14, -240.6255313506117; 
15, -241.76089932199102; 
11, -201.39054432697594; 
15, -241.07504164241254; 
15, -204.36492030369118; 
14, -217.41027164564002; 
15, -159.44888799032196; 
12, -211.63300677703228; 
15, -198.56508254236542; 
14, -155.84884246170986; 
7, -358.24758389010094; 
14, -359.3326578439446; 
13, -238.008769772714; 
14, -326.4951437051641; 
15, -328.4890184107935; 
13, -337.6580947309267; 
12, -123.82252637157217; 
9, -349.27316314016934; 
2, -380.6918510599062; 
2, -391.427988426527; 
4, -403.3635555006331; 
5, -358.86840043007396; 
2, -392.202453050646; 
7, -380.3563751169713; 
13, -379.2388741277391; 
1, -370.93356102192774; 
13, -334.08174731757026; 
15, -223.96718593908008; 
15, -216.71080907678697; 
15, -191.02346056734677; 
14, -100.95432046870701; 
15, -104.57830843795091; 
15, -87.02125047962181; 
13, -180.27803962561302; 
13, -248.23080273973756; 
8, -283.25001349067315; 
7, -370.8345974549884; 
7, -367.8432310388889; 
2, -381.3311363856774; 
1, -379.88000076357275; 
1, -395.00841971777845; 
1, -382.2245497745462; 
3, -382.5680044386536; 
2, -388.75148525310215; 
1, -383.72428254853; 
4, -391.32250955863856; 
1, -390.6231050314382; 
11, -301.39802784635685; 
12, -192.63034837518353; 
13, -296.69673674344085; 
12, -271.3242204847047; 
10, -198.5283570602769; 
12, -245.78998088289518; 
13, -247.08016983396374; 
12, -321.5097124610329; 
16, -243.80305792798754; 
11, -192.09557840030175; 
11, -286.34589342656545; 
11, -306.7855866944883; 
16, -194.22605017840397; 
1, -405.78241218277253; 
11, -324.98180349287577; 
12, -215.5603233850561; 
11, -170.07205528230406; 
14, -294.2298718771199; 
9, -341.59166927007027; 
11, -204.02633834898006; 
12, -336.08619978639763; 
11, -335.43323962867726; 
1, -404.3211009579245; 
2, -403.042311684927; 
1, -405.25473470427096; 
8, -384.35605631396174; 
15, -292.2983886147849; 
11, -250.94595285586547; 
2, -388.8177898898721; 
10, -253.91979797719978; 
14, -341.01658860070165; 
13, -280.7621649429202; 
16, -298.94554130907636; 
10, -261.6480431413511; 
12, -159.62752791773528; 
12, -339.51896440947894; 
11, -192.7311048648553; 
14, -248.8660592524102; 
13, -323.7216126109706; 
12, -351.49221755890176; 
13, -208.3853702620836; 
2, -399.6841719816439; 
7, -380.64632441685535; 
16, -334.5157876065932; 
13, -257.7716781189665; 
11, -267.2731085268315; 
13, -305.2625375876669; 
10, -358.46372302272357; 
4, -388.0147190738935; 
8, -389.68806312512606; 
7, -395.2394545408897; 
14, -296.1992571131559; 
14, -237.56859528028872; 
11, -202.7905389298685; 
3, -398.89956204860937; 
7, -396.973086344311; 
13, -326.5504614667734; 
13, -178.73294898902532; 
8, -356.05466430506203; 
12, -369.0643962926697; 
2, -384.8575456099352; 
1, -386.8854206323158; 
1, -401.3454903776292; 
1, -386.40194417571183; 
3, -387.1430289695272; 
1, -392.1522611823166; 
1, -369.3454283135943; 
3, -381.26294788869563; 
1, -383.4568968351232; 
2, -389.00926335994154; 
1, -384.1275938519975; 
3, -377.84383417945355; 
1, -379.67479566531256; 
2, -390.98964597459417; 
1, -385.6268335370114; 
15, -331.85997405892704; 
13, -227.01309448922984; 
11, -381.8680036093574; 
7, -386.0401020500576; 
4, -389.9838088628603; 
3, -404.98190632334445; 
16, -318.77527393528726; 
14, -205.1793073056033; 
13, -247.4898441559635; 
13, -231.91125704732258; 
9, -344.66295915679075; 
1, -397.7513881131308; 
7, -365.78090858168434; 
14, -189.88256976101547; 
12, -329.9185631230939; 
3, -374.5986158211017; 
4, -385.319837036659; 
1, -388.99204649799503; 
2, -380.9947662190534; 
8, -372.13554145768285; 
12, -380.8636279144557; 
11, -395.39015642623417; 
11, -380.94157231005374; 
12, -381.6083245542832; 
11, -345.55672305996995; 
12, -358.5457768714987; 
12, -180.53862226870842; 
13, -315.983786388766; 
13, -331.61094112088904; 
16, -220.92690024978947; 
11, -249.42922267061658; 
11, -334.84062135755084; 
11, -339.1943752533989; 
13, -165.96257341781165; 
14, -195.90764262899756; 
13, -217.4903278046986; 
4, -392.38689707557205; 
3, -382.8787625816185; 
13, -370.81843844393734; 
13, -303.50981633900665; 
11, -307.2840183796361; 
11, -388.82914487528615; 
10, -319.3181281510042; 
14, -200.5448927776888; 
12, -314.55668042821344; 
12, -210.03119311493356; 
9, -372.9302255786024; 
13, -245.8665690093767; 
14, -169.92926236090716; 
11, -319.3677169128787; 
10, -278.59363955515437; 
14, -284.8988117920235; 
13, -353.34376941469964; 
4, -400.56400142412167; 
13, -309.2469676173059; 
12, -213.73216435557697; 
5, -407.9260520390235; 
4, -387.30140177474823; 
2, -390.09277081442997; 
3, -390.72073532803915; 
11, -306.1690654682461; 
12, -295.3771760292584; 
10, -313.99533955345396; 
10, -326.8609666962875; 
13, -323.95712147897575; 
14, -181.08774628909305; 
13, -289.77756137633696; 
12, -285.57120900484733; 
14, -359.7310553865973; 
3, -393.9324392178096; 
11, -250.2970216301037; 
14, -344.78329740534537; 
12, -350.9079011505237; 
14, -202.18388556467835; 
10, -313.7388067780994; 
7, -353.7310867240885; 
3, -383.33187113376334; 
13, -330.6250759380637; 
10, -309.74791568599176; 
16, -309.3717109708814; 
