3, -283.935979915779; 
5, -258.6514090042318; 
7, -225.36825648339743; 
5, -235.06039241377584; 
6, -147.89096995610544; 
8, -139.91954299013378; 
6, -210.51785276547866; 
5, -246.08946599186947; 
8, -172.71271784482246; 
5, -169.9323730156243; 
6, -162.90942857987557; 
10, -148.95940208114598; 
6, -169.7242866690126; 
6, -239.95137744211752; 
14, -157.67874502008; 
8, -215.10896518205618; 
8, -237.66659462292682; 
8, -155.01624125275612; 
5, -169.81788394616297; 
8, -185.0514479486692; 
10, -177.2264765824616; 
8, -167.27623920945916; 
9, -170.18003535098342; 
9, -158.10420870670532; 
10, -134.02815670269592; 
5, -169.99022845623585; 
7, -202.42448278579104; 
9, -164.5847775647744; 
9, -165.88271964238083; 
5, -224.75255753624515; 
7, -214.40331816782873; 
5, -187.5068813288117; 
10, -147.3167550380822; 
5, -181.5085253228408; 
5, -200.48819268405532; 
8, -165.5945971262363; 
10, -149.9333201166437; 
9, -190.95431763320175; 
8, -185.2628989760915; 
5, -195.8846486802604; 
5, -155.50720439601355; 
8, -174.2620311795372; 
8, -157.4143340981136; 
8, -207.75752949080743; 
10, -146.58874453040153; 
9, -147.6860140599074; 
4, -212.90067538494986; 
8, -152.53510337430635; 
10, -227.99081492721234; 
10, -173.5899915455866; 
9, -184.5893205064076; 
10, -171.84588135659578; 
7, -203.853230867624; 
6, -203.68941276123223; 
8, -183.43544271042265; 
16, -145.23452088424165; 
9, -143.75070794866951; 
6, -194.99634745878575; 
8, -160.1164663979398; 
6, -174.55058426748838; 
8, -176.70021540448943; 
6, -193.64590868025698; 
9, -120.05058143089082; 
12, -150.1104809449098; 
9, -184.88216887427552; 
6, -181.89267224865216; 
10, -201.4002145802624; 
10, -180.38293246900503; 
12, -148.69821027318721; 
13, -150.4845304551036; 
9, -146.0645265816147; 
10, -141.19026778472653; 
10, -163.26620487630134; 
11, -179.79938084061723; 
9, -144.9218321261542; 
8, -164.56735541819035; 
8, -183.74887085395494; 
10, -153.65519032378324; 
5, -161.01304617000096; 
8, -127.75146503134783; 
10, -170.1540444296861; 
8, -168.5826249702659; 
10, -126.18676190291626; 
10, -116.2589765627381; 
11, -165.64531714944314; 
10, -145.21723661094984; 
8, -461.05649397148227; 
9, -499.87935424635907; 
8, -491.6670931123772; 
8, -446.62996253573874; 
1, -413.8987796903966; 
1, -426.3632920543969; 
8, -425.82103955450293; 
8, -464.48140239912755; 
9, -440.5318655178671; 
12, -429.5795776433297; 
10, -442.7828835317923; 
10, -455.3052869082421; 
10, -451.86266902556963; 
11, -435.23070546581584; 
11, -422.88262537354603; 
9, -451.2307519401329; 
7, -413.55775448979693; 
8, -447.2524960438859; 
9, -422.0392920239792; 
10, -414.30981233816783; 
10, -428.8066900464946; 
9, -437.65211022393123; 
8, -431.36373929170804; 
4, -426.5832250180465; 
9, -426.5642266939831; 
9, -310.3145811137183; 
8, -270.9565174388663; 
6, -300.0872595235378; 
8, -318.91232649346784; 
9, -458.86964096860174; 
11, -453.84350360396274; 
5, -435.8717782271524; 
10, -443.3200199236053; 
10, -429.23552324081174; 
10, -435.6200861268735; 
8, -429.2337604044915; 
10, -412.653067492447; 
11, -428.2093109419002; 
8, -437.172675746664; 
9, -432.6874644867348; 
10, -418.5511298825695; 
8, -420.92678176853224; 
9, -404.9540783506236; 
4, -415.7733179159186; 
4, -403.5874461263593; 
8, -413.419770162378; 
7, -403.8566316193901; 
8, -410.7556817571458; 
11, -412.74812430739985; 
6, -393.94300104884314; 
8, -417.0153467653363; 
1, -412.9419801502663; 
5, -391.5410857522802; 
4, -421.9549512085214; 
3, -412.55168943797617; 
4, -401.1587199525093; 
8, -395.89348636254726; 
1, -399.6498623446241; 
9, -388.09644487841433; 
1, -387.2262324547919; 
10, -416.0720647786293; 
5, -402.2723279780621; 
1, -412.39348991854786; 
5, -403.3939643186095; 
5, -410.4499059730297; 
6, -382.7441704317389; 
7, -401.0572197636866; 
7, -389.1108865528222; 
1, -413.57762045889103; 
10, -375.14137769473746; 
8, -386.50127691356465; 
10, -383.0326706621272; 
4, -394.22122350821155; 
1, -403.29234718677617; 
4, -420.09072581237706; 
1, -417.9233353303789; 
4, -407.82512441255676; 
1, -409.61662505602; 
8, -404.7554420436063; 
1, -398.33858942558436; 
1, -389.5627612136086; 
1, -400.64592777887447; 
6, -404.4099994016724; 
10, -412.6593332719858; 
1, -389.5702917071758; 
1, -385.05677922185714; 
1, -384.35264173191536; 
1, -402.34760175877454; 
1, -400.9749116691164; 
1, -393.19860211668856; 
10, -400.6538715310817; 
1, -407.2749731960939; 
5, -395.1209668713709; 
1, -364.7371810723271; 
1, -398.5279944534268; 
11, -379.08531103700807; 
1, -395.88392438099254; 
1, -379.9337846390554; 
1, -384.3184652585478; 
1, -402.8334529794374; 
1, -396.56815561070107; 
10, -371.77349079483247; 
1, -380.33531237645366; 
1, -381.76018840039615; 
6, -390.6497140378997; 
1, -388.93779131591145; 
7, -368.59628400923975; 
11, -384.0255521760482; 
1, -414.47261394579255; 
10, -414.78104668106243; 
4, -407.11727399390657; 
1, -412.3206273178366; 
9, -392.06843606320035; 
8, -393.77517050677125; 
12, -397.5404189401306; 
7, -406.96441007802787; 
11, -388.9983546549993; 
9, -402.11147022210207; 
7, -399.1173899347705; 
1, -393.90220848053286; 
5, -397.05923691685894; 
11, -399.0106808604105; 
11, -393.4970057133469; 
1, -400.96434811681684; 
14, -396.6311548612721; 
14, -396.69939156742475; 
9, -397.1805533802253; 
8, -385.9091820831818; 
1, -391.53433074268105; 
5, -404.275452510934; 
5, -398.18690268634236; 
1, -400.26571551513916; 
1, -407.59065194994037; 
5, -409.19635520665906; 
8, -389.7354908025445; 
5, -386.5019086803368; 
4, -395.6224214142567; 
5, -389.3653799185704; 
7, -399.1906545375823; 
2, -393.4060925357335; 
9, -390.12268857048184; 
10, -386.3786887382448; 
11, -394.83521051991556; 
5, -396.10098884109175; 
6, -386.445590756397; 
1, -378.72438158400473; 
11, -360.82769278719206; 
9, -362.6692888473917; 
1, -382.95317080528184; 
10, -369.7136969317653; 
11, -361.951749980959; 
1, -388.9366083102068; 
1, -384.1604711952241; 
1, -375.37433333198715; 
8, -362.1938112425414; 
9, -360.6085771724611; 
1, -382.28914576656825; 
1, -371.5610710319015; 
1, -388.2161240135465; 
1, -383.09719477828185; 
1, -385.10145285801264; 
5, -397.0362975979515; 
7, -382.8998634835589; 
6, -371.7737580832036; 
5, -387.5955127622874; 
2, -385.422055074494; 
5, -392.90237986725697; 
11, -406.0091133479291; 
4, -394.5871650442132; 
6, -386.73186291036836; 
1, -386.37621157438844; 
1, -395.04717099131085; 
1, -377.072221805327; 
1, -377.50548911152873; 
12, -382.4343681345199; 
1, -371.50666730881494; 
10, -379.09387504842016; 
1, -375.5400399011414; 
1, -377.45807178277755; 
1, -372.00481237882923; 
6, -387.63180434305104; 
1, -382.13734833925264; 
7, -378.8027188258711; 
6, -391.57122045401775; 
11, -357.5594730539742; 
11, -364.22961633020896; 
1, -381.26592389910365; 
4, -396.91232991473225; 
10, -389.31581653814646; 
2, -385.6247928826633; 
1, -401.39827365911333; 
7, -405.6084637751337; 
1, -394.10729533288395; 
3, -390.9701672532974; 
1, -385.4438912397163; 
6, -388.49485184290097; 
1, -390.36664831354574; 
1, -390.0514379712986; 
2, -394.9755309404718; 
2, -382.2616221487988; 
1, -383.11188062344445; 
10, -361.5582615537278; 
10, -356.14117509598145; 
12, -393.23517783684656; 
11, -372.9384450024809; 
11, -397.8796351545898; 
4, -387.64109881041804; 
5, -385.33125027589267; 
6, -375.7553473033913; 
9, -415.93561864926596; 
3, -419.11865645436046; 
1, -385.06125448479725; 
3, -387.58985999373544; 
5, -401.55996836298436; 
1, -383.0179366818775; 
1, -382.8842617881892; 
1, -377.5941796654661; 
2, -387.6786299937812; 
11, -391.52731616512756; 
2, -394.5464595897647; 
1, -388.8764740655606; 
8, -375.6513635767915; 
9, -368.29241996347264; 
5, -369.8225490345212; 
10, -378.0684426858061; 
6, -370.63173638859007; 
10, -377.4552515645919; 
12, -344.26460867871356; 
9, -382.9543474990496; 
6, -379.2695155183319; 
8, -390.35766897567373; 
1, -385.88929034533794; 
4, -379.9376356831199; 
7, -383.3012090957491; 
7, -381.0098512114346; 
7, -372.33519934662036; 
1, -398.59097037681204; 
9, -378.07067980934517; 
6, -396.5312357021903; 
4, -396.3077759558946; 
12, -395.7329109283455; 
1, -379.1294206826715; 
1, -370.0368436179706; 
1, -379.4229309972143; 
4, -387.36785413097823; 
6, -386.09034946413885; 
11, -365.1539255425887; 
5, -386.46686743693135; 
11, -380.022242960913; 
1, -396.73896632847027; 
10, -371.2411165248632; 
12, -375.3134252725431; 
7, -366.1323143418995; 
10, -359.0977776798827; 
10, -339.08736703096656; 
12, -355.8707671307202; 
10, -364.4169683639775; 
2, -387.69966106493666; 
6, -377.09380993685045; 
7, -369.1540962782892; 
11, -359.29754454603244; 
9, -386.06689464974625; 
6, -368.64058560969715; 
8, -362.98335812377627; 
10, -382.68874288546795; 
6, -376.63570757891284; 
1, -391.1619681653683; 
1, -386.6522479484847; 
4, -388.64742650539847; 
6, -375.3230536515475; 
1, -374.5824251403392; 
1, -379.78343330923235; 
16, -385.1314767683216; 
1, -368.0272619915195; 
1, -371.66596081192256; 
1, -381.44602310369373; 
12, -371.61858589341864; 
12, -357.19664263972663; 
12, -358.00098963142955; 
10, -364.53433967233286; 
10, -351.4994034040428; 
1, -374.1486166167306; 
1, -377.9661795338325; 
7, -387.9792627283023; 
1, -389.2439839030267; 
2, -368.8852081944642; 
2, -377.9509058932599; 
6, -378.32705983525375; 
6, -377.77741812739987; 
12, -367.31412070139777; 
10, -339.2698871823959; 
5, -370.03885982526117; 
12, -361.55792940355605; 
10, -369.8595961635874; 
10, -369.9177362109185; 
1, -385.5863351862354; 
2, -394.469937973161; 
6, -384.3441620498779; 
9, -369.1495837291877; 
2, -367.85851352557074; 
1, -389.82670664336183; 
9, -390.128346226702; 
1, -384.7697631934716; 
1, -381.86079431750113; 
1, -371.66185477824183; 
1, -366.91722432602546; 
6, -376.279021657625; 
11, -352.9030656370451; 
10, -374.2745714308112; 
7, -380.52395723955124; 
10, -361.8581759626977; 
1, -374.3832287051482; 
1, -379.73888475832064; 
9, -380.9316674735164; 
6, -375.6694900538423; 
1, -387.471134456282; 
2, -393.13743419235107; 
6, -380.41060299935634; 
1, -370.259667292994; 
12, -363.98565890992177; 
10, -384.0918317172618; 
8, -370.68747045623604; 
1, -375.866062592424; 
2, -391.64907200683956; 
5, -376.01273545849836; 
5, -390.79190643067705; 
3, -377.7587174164655; 
1, -392.05323963964474; 
6, -395.3672672175162; 
6, -406.14253958230256; 
5, -388.0359731549688; 
6, -387.5772642228112; 
1, -376.76922633397044; 
1, -391.4251852626621; 
1, -370.23989873184473; 
1, -382.7908210075693; 
1, -380.59404847348924; 
3, -384.7114647674025; 
1, -375.9995905068354; 
1, -379.47785886676866; 
1, -385.28912316751666; 
6, -371.0726136007579; 
9, -372.5973197889398; 
4, -365.8740009533358; 
1, -374.97216999539523; 
1, -376.83095460853656; 
1, -373.5203647254384; 
1, -386.69991473978735; 
1, -374.43017463292927; 
1, -373.8811405733577; 
1, -376.96472292605904; 
9, -384.89486363332253; 
1, -371.26348807738395; 
2, -372.3626224573236; 
2, -370.612723468279; 
1, -392.8094814593205; 
1, -374.7196322798263; 
11, -390.67896445817314; 
9, -366.2148546365497; 
1, -374.36159527336713; 
11, -368.0634652340668; 
8, -377.4330897194159; 
12, -365.0815575226443; 
10, -369.20846134540625; 
10, -356.33476945364964; 
11, -357.1091427622014; 
1, -375.5474759214849; 
1, -363.99198051253916; 
11, -375.9960025367909; 
10, -367.31560058367904; 
10, -372.3234107369499; 
12, -394.7594913132489; 
7, -395.96349905303214; 
6, -385.8666011003079; 
6, -386.8209795934672; 
10, -391.1601524515427; 
7, -386.3358773580985; 
10, -385.4857174101635; 
12, -367.9512791330926; 
4, -366.7799476170039; 
1, -364.40269958632416; 
2, -381.7520613067318; 
10, -360.2197048821836; 
10, -354.7773739505792; 
10, -380.12681283737766; 
13, -345.5477164009644; 
10, -336.284471523657; 
7, -366.54096404180746; 
7, -386.71920684401994; 
8, -376.36896601266926; 
4, -379.0376181837637; 
2, -381.3313116648642; 
7, -380.6565519445576; 
1, -369.1744793720136; 
5, -382.78369987013866; 
2, -386.12999631886487; 
1, -404.4420550035138; 
6, -389.77184573587147; 
1, -388.91662131922203; 
9, -387.96354184969096; 
12, -364.32042836694745; 
1, -366.58826668263646; 
12, -349.34381627093535; 
10, -321.82880414964166; 
6, -369.22769323617104; 
5, -363.06699303444475; 
1, -366.1899290360452; 
1, -383.5839962331229; 
6, -372.7996601210616; 
6, -391.1698624463461; 
5, -391.2991417379817; 
1, -376.7370585463359; 
1, -363.5830856921384; 
1, -367.9393044587923; 
6, -368.4177453314769; 
14, -362.94988768396433; 
12, -356.93905694939895; 
10, -319.17285553511465; 
11, -325.6133084233152; 
1, -392.92953434589435; 
1, -379.0085037239478; 
1, -377.24035944472416; 
2, -382.09461987769464; 
2, -369.1138543141424; 
1, -373.2271772225795; 
6, -365.1047262022912; 
4, -364.07085676764837; 
1, -378.37761101932847; 
11, -367.8712240329187; 
2, -379.4731470484403; 
2, -380.1803211183287; 
2, -368.64319315570174; 
12, -366.8866073459212; 
12, -374.97731555087375; 
8, -377.0461155338562; 
1, -365.9768754041579; 
1, -367.17066327802604; 
10, -351.9443591409072; 
11, -335.4619267079979; 
1, -381.4948785111774; 
11, -353.2886276767822; 
1, -377.66907432032167; 
5, -371.19114527414786; 
1, -368.86504620313644; 
14, -348.0260785894934; 
1, -366.3930343561515; 
1, -378.46091927873204; 
4, -368.92952105632867; 
8, -386.49836809161934; 
1, -374.45776472086436; 
2, -380.231426872866; 
1, -379.8790234848566; 
1, -377.1107680844143; 
8, -376.0117923268117; 
1, -380.29302982086665; 
2, -370.95772987636155; 
3, -372.96897500089835; 
7, -378.9235429255641; 
1, -380.47370655680425; 
1, -376.43294307176257; 
10, -345.06606553081656; 
2, -390.0579733513878; 
5, -371.8350817891187; 
8, -383.47371495477273; 
6, -379.47250096529024; 
11, -373.73115861217957; 
10, -361.79182240966475; 
7, -368.55694484736887; 
3, -380.702863816492; 
1, -380.6384583397885; 
1, -374.36509132775245; 
10, -357.6943572339951; 
1, -387.3429043581418; 
10, -360.5912192114047; 
6, -368.30087566256407; 
7, -376.222441490856; 
11, -356.0050058675406; 
11, -309.7995703314082; 
10, -362.98113666457357; 
2, -378.38519823690876; 
1, -386.59951210339204; 
10, -378.58650793111883; 
11, -333.0309987087967; 
9, -355.1459987114358; 
1, -391.38786717524636; 
11, -368.3692502529302; 
11, -343.7499261092744; 
13, -333.06575701077236; 
10, -366.69980164870503; 
11, -345.5501722765039; 
12, -344.2471606921754; 
14, -321.94895871548215; 
13, -301.4759527229762; 
11, -332.85285570513224; 
14, -334.920381615666; 
11, -385.49620592960855; 
11, -302.9656445879955; 
12, -355.62835100336815; 
6, -368.30937269257265; 
1, -370.2886691535532; 
1, -367.90902659480344; 
1, -374.3154490663728; 
1, -370.0547089658503; 
1, -395.33477045269683; 
3, -395.78271635694546; 
7, -385.28333997144364; 
11, -358.2504230373597; 
14, -285.35741361114196; 
11, -237.91288155462826; 
4, -385.1931092666928; 
6, -369.92030968377367; 
3, -371.4174366830557; 
1, -371.4552204676147; 
2, -364.04641346185235; 
2, -375.2348581588012; 
1, -361.2856214540079; 
2, -373.7346290423302; 
1, -363.40374651856837; 
11, -376.07504372263793; 
8, -375.29370836910675; 
9, -377.9909063313971; 
7, -371.2796601150185; 
8, -369.1608797823719; 
5, -379.33638898830395; 
5, -387.1609970635618; 
8, -391.17097678320715; 
6, -391.20805036035017; 
2, -376.7110160730954; 
2, -387.0435234468023; 
2, -384.034215143678; 
3, -382.77349193402915; 
2, -385.66825652431; 
3, -390.4720164689352; 
6, -384.0348594698007; 
8, -360.8285455266596; 
1, -364.662868846528; 
13, -362.02813499994227; 
1, -363.1468905863876; 
1, -371.3170613494294; 
1, -365.78926126501756; 
5, -386.7772551375674; 
1, -380.47174818010535; 
2, -388.8332254999841; 
1, -384.03808554518037; 
1, -374.7677172066178; 
3, -383.84555181485484; 
6, -383.59221321114455; 
10, -382.4527450908208; 
7, -388.86838253209135; 
1, -388.1803978380922; 
4, -385.1911373451003; 
1, -387.92642287365743; 
1, -395.27955889803707; 
1, -391.63559594826074; 
2, -384.7978965823131; 
1, -365.9931789441325; 
2, -378.95973661806784; 
1, -372.10352808370953; 
1, -370.5409535043873; 
10, -397.6566581882653; 
6, -396.3983614433673; 
11, -378.0865597501397; 
11, -370.28702167468145; 
3, -367.8409071189817; 
11, -376.0442201763508; 
1, -375.2194694671489; 
7, -389.70779796649003; 
7, -393.5670609700901; 
4, -388.2263106892933; 
1, -389.05755804054206; 
3, -383.0583424255892; 
3, -385.0939388187253; 
1, -382.87578515723; 
1, -393.0528724937176; 
11, -383.13573772314703; 
4, -383.6983058631595; 
11, -369.468382355466; 
12, -365.14235124443076; 
12, -373.4401935991482; 
4, -369.0623207259632; 
9, -376.4567417553044; 
10, -360.69107804758823; 
11, -367.9671848665457; 
13, -358.6085505395313; 
11, -363.23717022902565; 
12, -353.59381493306137; 
12, -346.73810253242846; 
11, -365.94686334682046; 
2, -373.95506217423826; 
1, -376.31000128528103; 
1, -369.44215586665086; 
1, -369.32077719678637; 
1, -374.09105600893963; 
8, -376.9485894689278; 
6, -367.94188134057913; 
11, -311.8775679837272; 
13, -325.58638677262934; 
12, -358.4518912209023; 
2, -378.02466389440815; 
2, -368.0526709606929; 
10, -371.1000499216316; 
12, -380.4155847291113; 
2, -380.758073428995; 
13, -328.4068074322131; 
12, -376.7611405553762; 
5, -371.7321396578918; 
5, -381.84376323138713; 
5, -389.29730342823314; 
13, -397.1610780011106; 
9, -392.1399080178235; 
11, -346.3139112663339; 
11, -382.28163135171053; 
6, -388.68222370086005; 
3, -398.3491267497884; 
7, -375.1642036594567; 
2, -394.94118769362103; 
5, -399.10991485242266; 
6, -377.902910509496; 
2, -385.59751980833244; 
4, -379.7836178964935; 
2, -385.8389646014548; 
13, -366.80964573065285; 
9, -351.57580209570006; 
11, -355.33859221308376; 
11, -369.9720973537478; 
14, -375.04846317577176; 
9, -338.7708060555451; 
10, -303.2245457136596; 
10, -354.46069785175496; 
5, -383.6649785003392; 
6, -392.92626196250785; 
2, -397.5820250901743; 
1, -387.04251545859734; 
7, -383.7905620172969; 
1, -386.50080018065637; 
1, -384.60354100423865; 
10, -331.647642952099; 
10, -367.9280599996564; 
1, -389.3362252654624; 
8, -392.3657554127276; 
4, -382.6574395140051; 
11, -331.47476380184526; 
10, -365.6919798469171; 
6, -387.8970023159636; 
5, -390.57764155085897; 
6, -387.7441650449764; 
1, -392.4250252203783; 
6, -390.64628155180253; 
9, -371.55325063935015; 
12, -297.6086491549504; 
1, -389.67425865650875; 
12, -354.45557727396954; 
10, -348.1373781648581; 
12, -380.815680462867; 
1, -380.8350967357401; 
1, -384.0506965791574; 
2, -383.9285424469854; 
11, -306.24596447497606; 
11, -363.11506647535134; 
1, -389.0549231468467; 
1, -385.63364193734014; 
3, -395.6339731463813; 
6, -392.59509767667623; 
5, -398.6963094883249; 
9, -335.98862423497485; 
11, -307.4979269806063; 
13, -351.45146439177915; 
12, -340.62591921241255; 
12, -350.45401092391694; 
12, -328.18336194672156; 
12, -350.17891549452906; 
13, -339.88352569623385; 
12, -352.82943307986716; 
12, -349.2178878749255; 
12, -327.1489149807603; 
12, -309.2973861169303; 
12, -286.64374658325687; 
12, -272.96693104540464; 
12, -320.68233290017815; 
12, -292.8839451345848; 
12, -306.52028636296745; 
6, -370.41256183350924; 
6, -388.1147972010076; 
1, -389.14274400874274; 
11, -339.4568345468142; 
12, -344.9600289018708; 
11, -308.502770226507; 
10, -339.441166291479; 
2, -398.12844124244293; 
2, -400.1142477672547; 
1, -391.67055660282495; 
13, -392.364192398265; 
12, -319.54353491246; 
1, -425.83027149399277; 
6, -444.6406271396554; 
6, -447.1885142119718; 
6, -432.7056384468451; 
11, -428.82837343309075; 
4, -421.21086837205803; 
1, -410.445695380331; 
7, -392.53575240733335; 
10, -368.91717181756394; 
10, -351.99779588833917; 
4, -374.3161646212102; 
11, -356.1371116984519; 
11, -317.7244192332146; 
12, -354.41097655612975; 
9, -362.13892859220505; 
13, -320.2850187558215; 
10, -252.99002965335967; 
10, -280.85962925455533; 
10, -365.4926983625628; 
5, -378.562613301503; 
8, -382.45791442360496; 
5, -378.9172484212322; 
11, -360.8676107303472; 
10, -317.4196551172063; 
8, -386.7850391858956; 
7, -383.3195727817365; 
1, -389.4215836742078; 
8, -375.3934242487885; 
6, -382.13809740461875; 
7, -394.72736081079347; 
4, -399.2952605979517; 
3, -419.2367433827603; 
4, -404.0718152766349; 
3, -392.4381168340915; 
5, -388.561834378168; 
5, -406.67845695489086; 
7, -396.0479606213048; 
2, -390.95276839932194; 
10, -393.44674713449785; 
11, -383.4919660318992; 
9, -393.6888644019491; 
7, -379.8985325231333; 
11, -367.633658337465; 
13, -359.7750447522267; 
10, -354.29883380106185; 
13, -370.79322512896033; 
11, -356.4750407784595; 
8, -363.7753505811561; 
11, -344.8224913123995; 
10, -357.0941010931274; 
12, -345.3918590708636; 
7, -361.2658702702611; 
12, -345.75919209519634; 
8, -375.54700188792776; 
13, -384.1549221940804; 
6, -377.66860998253105; 
12, -334.7855163665372; 
14, -355.60298150533345; 
10, -354.2234517339384; 
8, -356.27199890767224; 
6, -369.00245580030605; 
9, -333.22843608260155; 
13, -311.673855260422; 
9, -313.1137616027845; 
9, -305.2682733964175; 
5, -372.8336821224657; 
1, -387.5249684372102; 
10, -343.14048879488837; 
9, -329.86585207586177; 
9, -353.9028791714227; 
11, -351.6764975253027; 
10, -322.4472741991631; 
11, -290.60421992396004; 
12, -288.4387780840043; 
10, -291.2555713018519; 
12, -315.9896275063511; 
5, -366.25044847954996; 
8, -374.27887084765825; 
7, -376.595353811339; 
6, -378.7263342998922; 
5, -383.7498819938628; 
12, -387.0871313386597; 
3, -374.9018085337011; 
5, -368.9002579743974; 
2, -376.6576810651459; 
1, -371.4989901406807; 
9, -366.2150535410037; 
7, -385.20505431335187; 
7, -385.31908486195607; 
13, -321.2337910620845; 
1, -384.489490571199; 
6, -381.78901364962803; 
10, -334.2155298818834; 
13, -351.98438497277675; 
5, -380.13336933765095; 
8, -371.4248214570107; 
5, -368.26219486858463; 
1, -377.05619029980153; 
4, -377.67009886103915; 
12, -391.0679737760802; 
7, -372.76764966978226; 
7, -387.3958793571219; 
5, -371.14496842504013; 
2, -380.86520892346743; 
3, -365.74149281310383; 
5, -370.2507636730443; 
2, -384.221030235698; 
7, -365.70584828493884; 
16, -391.31956699467264; 
2, -387.22924866504036; 
4, -391.5632467971882; 
5, -380.3685362493852; 
7, -390.187855638098; 
1, -385.0015311445459; 
3, -375.6698779822909; 
7, -375.2811856792541; 
6, -382.2176459117327; 
3, -378.50615734315943; 
3, -378.9192292105872; 
1, -397.10868271114305; 
6, -384.994187779841; 
15, -369.6562682275544; 
12, -291.1479177043075; 
6, -389.674956168863; 
7, -376.37496575317346; 
5, -394.08114309463417; 
4, -395.78987126320135; 
4, -389.9236840522499; 
4, -382.697855740902; 
5, -385.31803170673084; 
3, -388.2321633301326; 
3, -387.51541190827265; 
3, -390.3710079648881; 
2, -385.7379584191367; 
2, -379.55698550050147; 
8, -376.25541637965944; 
10, -306.97425216133706; 
4, -390.54568961064797; 
8, -380.25453152303817; 
1, -393.41156509163557; 
1, -396.6449708395521; 
7, -389.4517315400881; 
5, -376.77751023869496; 
1, -386.7232563546859; 
1, -385.3154518584488; 
1, -398.11711738148006; 
4, -393.8104162508389; 
8, -382.5590989354532; 
1, -392.6533550894237; 
5, -394.27234811359085; 
2, -384.30542729527224; 
2, -388.60856231243815; 
2, -381.0935954997549; 
1, -390.6926974176313; 
2, -387.9123279777705; 
3, -380.36313254234847; 
1, -384.0079582776525; 
1, -387.8326939678518; 
11, -351.3538410170004; 
12, -292.1126817132463; 
12, -302.8229776061489; 
13, -305.7984394590603; 
3, -385.9215946312761; 
3, -380.83045765419956; 
11, -320.04988216079073; 
12, -280.1343084567343; 
10, -354.2704035154893; 
3, -398.32644197222544; 
10, -379.54097965883557; 
12, -287.30465191119583; 
10, -337.0737411683658; 
6, -393.47122300154297; 
9, -376.0251370620099; 
14, -254.90691611421062; 
10, -327.7577286406304; 
7, -374.9380510741612; 
13, -359.0585814753431; 
13, -364.29439355659997; 
11, -340.8422816497041; 
12, -348.7697140824748; 
11, -349.5913991299458; 
13, -238.602623029612; 
13, -333.3034421966877; 
4, -390.0962946279906; 
1, -395.3213816409698; 
3, -408.42011768597877; 
3, -396.44020925072255; 
12, -386.1857982571237; 
3, -409.64177689445205; 
8, -397.26606613461627; 
13, -326.66883275611326; 
11, -305.5458759209723; 
12, -290.8499008078943; 
11, -257.74012547021266; 
11, -268.4080930563505; 
10, -215.7565610242891; 
13, -188.10087252547964; 
13, -201.81869456073036; 
13, -237.1515115071088; 
12, -273.87445611838484; 
12, -215.14075090258848; 
10, -254.40952059417032; 
14, -183.06537180749; 
14, -229.76881655835314; 
11, -195.38296024309238; 
14, -275.31235562846996; 
15, -170.71951348881703; 
14, -164.12255113432184; 
11, -270.04982053663116; 
12, -160.7947759021772; 
10, -209.05198616848793; 
14, -225.69751943444135; 
10, -206.41968414769508; 
14, -180.1275485312799; 
11, -300.525888335309; 
11, -281.2404369111173; 
10, -318.26154743978987; 
13, -329.05559924495174; 
15, -331.221758108004; 
12, -297.5698825510335; 
10, -314.5848052203655; 
8, -246.94654557551257; 
14, -176.19602695049252; 
10, -180.54012591892388; 
16, -221.3383789662039; 
16, -201.4576366787078; 
14, -152.07148420321755; 
14, -199.62905668234453; 
12, -228.83854518464068; 
15, -170.86141542170662; 
12, -192.27639863884542; 
11, -156.65141635783948; 
11, -171.9593482001219; 
12, -189.29597782815108; 
14, -172.33735513099236; 
14, -186.09769878454972; 
9, -168.79317908949452; 
12, -182.6062299576588; 
14, -189.0393343641772; 
12, -173.4390601433115; 
13, -183.7204989324673; 
15, -168.7489033053862; 
10, -229.60845863068243; 
15, -176.9896733526257; 
10, -173.0867675479385; 
8, -126.42099826002959; 
14, -195.06233278813306; 
14, -156.13723415485583; 
14, -123.40020698471926; 
14, -182.97830602771137; 
16, -164.8262798411888; 
14, -153.55024721828522; 
14, -185.7255606109975; 
5, -386.2408803564613; 
1, -385.17270480724983; 
2, -391.0055972044356; 
6, -376.29083020199323; 
15, -379.73187211726326; 
4, -377.7244826381793; 
3, -387.4583943019388; 
8, -380.04420876747463; 
3, -369.0132028341759; 
1, -378.7010655416525; 
7, -367.1844652526779; 
3, -373.70510981604457; 
9, -386.97733894141857; 
7, -374.3861224876018; 
3, -383.359267526248; 
4, -370.8971306932508; 
6, -388.84851673588855; 
6, -370.8348561981111; 
2, -378.7025666127447; 
7, -376.93216406705324; 
5, -386.3891914524138; 
7, -375.28087649680674; 
6, -381.3715485816356; 
2, -380.1202157193911; 
2, -379.5586755478289; 
8, -379.16801289562136; 
4, -367.15473329427186; 
4, -377.4110035755439; 
1, -387.6373401785386; 
8, -370.73426373914117; 
1, -387.9457977330894; 
3, -389.94776797201484; 
6, -381.64438163128216; 
13, -371.925713425735; 
11, -336.50991721102037; 
3, -378.85647337604314; 
2, -368.453651093645; 
6, -380.0913463222678; 
3, -384.42143343470525; 
7, -364.37262179056415; 
2, -377.0844856490148; 
1, -391.6448333419394; 
7, -378.00837442238117; 
13, -374.9724288920406; 
6, -369.5526247359812; 
1, -377.15551500732545; 
3, -386.7661126360181; 
3, -388.03767122438876; 
1, -371.19715549243847; 
10, -372.5548614085419; 
1, -378.03867376758717; 
4, -375.0526581687154; 
2, -387.9921309562051; 
1, -391.4629507017671; 
7, -378.7654188115266; 
2, -381.3044261686737; 
1, -392.716925969813; 
2, -379.8405962557881; 
11, -285.30444475944387; 
11, -280.3304871911532; 
9, -393.23572663066443; 
4, -373.7176873527351; 
4, -388.806697844062; 
2, -378.30334653449245; 
2, -381.4880218920298; 
1, -386.1862039495609; 
5, -386.39449161320226; 
1, -376.96962162753334; 
2, -390.13462651509326; 
3, -375.31289340840885; 
5, -399.846702173003; 
8, -365.0053816466825; 
11, -292.7623596008634; 
11, -344.9376628524042; 
9, -379.99903709971113; 
13, -281.2718596155755; 
14, -275.9954305352294; 
10, -287.1267234298866; 
13, -368.1205026760581; 
11, -364.0993465951178; 
13, -308.0723030594527; 
7, -365.9381245492259; 
13, -370.61809479485964; 
11, -260.86586244462524; 
10, -337.5023281745962; 
11, -304.1122511724243; 
1, -390.0685955536901; 
3, -402.30635869241087; 
1, -386.611889538588; 
11, -376.6017101696343; 
7, -365.6658475291915; 
11, -324.6806249021902; 
10, -264.2351789018139; 
11, -379.73320072324714; 
14, -380.1363517381251; 
11, -265.8587420154945; 
12, -324.2906971631455; 
9, -367.50944126420654; 
11, -253.0701972116367; 
13, -269.3873072346905; 
11, -305.3825802327483; 
14, -260.04055492498446; 
11, -351.2105250642053; 
1, -383.3990758327418; 
11, -347.05681232444476; 
13, -255.2644721539109; 
10, -300.67053959786426; 
16, -354.3000582223176; 
1, -388.0498346166569; 
10, -298.3710848737974; 
13, -257.08241849264596; 
6, -380.33360253681894; 
2, -398.88858426286606; 
2, -377.34010603738716; 
4, -389.58786724106176; 
1, -407.8030888031353; 
1, -393.09989997936646; 
3, -398.7496038022218; 
5, -408.18803181196563; 
8, -391.3517545221839; 
1, -397.5644349080394; 
2, -380.23212523089023; 
4, -389.40815755713265; 
11, -337.79676014086; 
14, -263.76254169421736; 
10, -303.6945675261668; 
7, -379.69188925041817; 
1, -394.0808596680872; 
14, -346.7245532568777; 
8, -385.0042109754868; 
12, -282.91077001410304; 
9, -311.6596088165534; 
6, -378.8416665053228; 
1, -383.9383302279748; 
1, -398.88139781710925; 
1, -389.21730091579957; 
9, -360.0841216580011; 
11, -319.20279572549043; 
10, -288.3612995502772; 
1, -391.769232203078; 
2, -382.6170031155925; 
11, -373.85924058553064; 
12, -281.9826869214885; 
9, -362.3391699510976; 
10, -304.0288542499766; 
11, -276.6929186594207; 
3, -385.35525697359117; 
14, -310.5911372784176; 
11, -239.1913435824099; 
13, -269.7818725654506; 
12, -298.28378376277396; 
11, -303.98204015771626; 
3, -382.80866578547284; 
13, -363.61941262625623; 
5, -377.4877940938459; 
3, -381.9610805894481; 
2, -391.5378107733559; 
2, -380.9576093023061; 
2, -381.12333981104894; 
3, -386.2184254730237; 
1, -392.40946920140414; 
2, -394.75018560967874; 
1, -418.601425758854; 
11, -425.8441369525972; 
12, -434.95027575222775; 
12, -426.91955479746684; 
10, -415.9388399796444; 
11, -398.01353826909326; 
5, -409.6388267056318; 
10, -409.57178669946734; 
4, -432.67648663034197; 
1, -405.0376540606376; 
1, -413.91127634135773; 
3, -408.93597252015024; 
1, -396.7582959969295; 
1, -398.568346602784; 
1, -380.26057265372947; 
4, -408.4207804350299; 
3, -374.34414663456846; 
2, -376.35309116507415; 
1, -384.6077755164588; 
12, -313.68638630374335; 
9, -344.1859518866986; 
16, -376.86349754728144; 
5, -381.0167394289165; 
7, -382.6240133084939; 
1, -384.06837101251585; 
7, -372.1332641975023; 
10, -336.1279216941912; 
12, -259.65936913271435; 
11, -376.5373873276403; 
11, -390.9196222673636; 
13, -364.52503056044225; 
11, -332.1886797522311; 
11, -384.1629600164597; 
6, -363.7095380279352; 
12, -269.3638978304225; 
13, -264.2234675399959; 
12, -276.2523675437551; 
9, -359.1328163848375; 
1, -393.3215347643127; 
2, -381.38123334071133; 
4, -413.4636862932239; 
2, -393.82827784429537; 
3, -381.4469078783295; 
4, -433.97079005936394; 
8, -416.3705931441509; 
3, -418.34007078479044; 
7, -393.74692547821905; 
1, -396.00028806587216; 
1, -402.8702354102279; 
1, -388.11739046376897; 
1, -384.9465810592519; 
3, -382.2117971307598; 
1, -386.94295748788863; 
2, -383.8847342868685; 
1, -404.2822297362145; 
11, -389.10913113405695; 
1, -406.6382145968382; 
11, -377.27265511616133; 
1, -385.15763456217246; 
9, -401.82327219936997; 
7, -399.47089912893716; 
2, -390.2495171621558; 
1, -392.57173203583807; 
2, -382.70209022192284; 
3, -385.8602909013862; 
2, -392.6047192000551; 
1, -402.6249112171354; 
2, -386.5813909047283; 
2, -391.7952104808646; 
12, -348.2708149572136; 
13, -353.0077955365414; 
12, -293.87122745241504; 
13, -366.1145503586158; 
8, -367.8672818254563; 
1, -391.38629286631476; 
10, -377.9015644240426; 
1, -383.8436727998196; 
1, -384.18876075022854; 
2, -374.544581394759; 
1, -388.0091009324533; 
8, -377.6304313575383; 
1, -382.38193172583124; 
1, -384.7892631429713; 
2, -389.23493360949215; 
1, -388.3710320883547; 
2, -389.0662096631131; 
2, -386.7769619554165; 
3, -383.4945401621517; 
8, -375.3223060951568; 
13, -393.6861723760958; 
11, -384.97751150856493; 
12, -366.96098208473995; 
11, -383.10115411988227; 
3, -393.5044562354451; 
1, -395.21383881167276; 
1, -377.6730745412642; 
2, -391.532594456512; 
4, -376.58060755068436; 
6, -379.95582712750183; 
2, -390.90210992487846; 
2, -387.7330108679598; 
1, -383.6593014218379; 
1, -386.5941642795806; 
3, -382.3882098790491; 
1, -386.7915590243065; 
6, -380.1395846339874; 
8, -379.2813284379081; 
6, -369.88226906128693; 
10, -308.02840985683724; 
2, -388.077919863048; 
2, -379.35758159460966; 
2, -386.52084107126575; 
1, -374.5713732212316; 
3, -375.5410045078024; 
2, -377.0773787762155; 
1, -382.09564587683417; 
7, -383.8370488596265; 
13, -301.33653177751694; 
10, -305.2638069232926; 
1, -380.6871013150085; 
3, -380.509117861744; 
2, -393.1792862411239; 
4, -374.94657321221894; 
3, -374.1433491432108; 
6, -376.63634718960384; 
1, -387.13914444181137; 
1, -384.4018507282017; 
2, -389.9849588754005; 
6, -379.29799832962453; 
3, -388.08899583364837; 
2, -382.57277234096546; 
5, -383.23799011000665; 
2, -389.20449193683453; 
5, -377.4362531196675; 
10, -381.95523566380143; 
5, -380.9830920310924; 
5, -378.0108073807205; 
2, -379.4706296841614; 
6, -374.99245844589313; 
8, -386.9538505116943; 
8, -376.99626510130474; 
1, -388.24350872059586; 
2, -384.0118964606081; 
11, -390.32644473447; 
3, -381.55529668333475; 
7, -378.3490339946002; 
9, -384.46025820833165; 
1, -387.14651306025917; 
1, -385.69141330895945; 
6, -372.10779969528085; 
1, -389.26868260273477; 
1, -388.3026616612333; 
11, -362.2987190532731; 
10, -255.20541054848582; 
3, -387.5496821945417; 
6, -366.24940920446534; 
12, -384.2848632306559; 
4, -387.1742927581654; 
1, -382.31702817732; 
13, -342.73702164634597; 
11, -342.2639360371977; 
3, -373.25853637990076; 
3, -376.94770958821755; 
14, -378.07968236278975; 
12, -333.2493858424132; 
12, -354.3266794521478; 
12, -365.6080592129729; 
3, -382.2615662282333; 
4, -379.13152094418183; 
16, -393.23647561192047; 
1, -389.73872668796685; 
4, -380.46666135219857; 
11, -362.6077226846246; 
1, -388.50170475861523; 
9, -381.05490244115936; 
12, -374.45790497609414; 
3, -385.43968731199857; 
1, -383.6803304310888; 
6, -386.91787072940497; 
1, -382.8709605016047; 
5, -366.42594064050354; 
13, -248.96950125141302; 
10, -343.0144464483019; 
6, -375.6855962985428; 
3, -380.3656673952937; 
2, -383.8055865353672; 
5, -373.9870539069525; 
2, -382.62698043184355; 
7, -389.7309944491717; 
13, -278.7424821240129; 
12, -316.79290424491046; 
2, -384.9865873720264; 
2, -390.3670944473706; 
2, -383.1939389654435; 
1, -381.8874754990684; 
4, -371.0131232502754; 
2, -366.9538805637276; 
1, -386.2859601251548; 
6, -373.31244126160163; 
2, -382.1922934248578; 
5, -374.15013793774415; 
5, -368.0531153283664; 
2, -388.11757373902947; 
2, -391.27664302894846; 
12, -384.0623809286626; 
2, -392.67731438181363; 
10, -382.8534892042517; 
1, -391.5459300618386; 
1, -384.31566846207716; 
6, -386.4525290232268; 
8, -376.9431934056338; 
1, -390.0785714844242; 
3, -383.9448216240853; 
2, -383.2708717355272; 
1, -386.36550639604684; 
5, -373.8513739188202; 
5, -382.1181001245277; 
5, -372.0010818783194; 
1, -392.05109653400723; 
12, -349.77181888453197; 
13, -230.67517185391625; 
9, -372.97534977295436; 
1, -384.06382880418096; 
6, -388.44707242341246; 
1, -384.83944713766687; 
1, -395.75645610690117; 
8, -386.09671106981114; 
2, -379.74882400466595; 
3, -386.2598310430767; 
2, -394.55383393506054; 
8, -378.7032875274308; 
1, -388.3571600896539; 
2, -383.8343562455848; 
6, -385.8651683884673; 
4, -387.82453987642657; 
1, -389.54701565403957; 
2, -374.869803196867; 
2, -376.8167848458979; 
10, -328.7845781581709; 
13, -355.3322289979551; 
8, -379.17346216889564; 
2, -396.3411375875585; 
2, -387.6418757488718; 
4, -386.84883631474804; 
3, -385.34472770558205; 
4, -385.50384210341144; 
2, -385.62933829566464; 
2, -397.7574731997447; 
2, -388.1951189567335; 
1, -383.96598824253306; 
2, -387.50174418173265; 
3, -376.3254579047207; 
1, -390.0897519693244; 
2, -391.0182069836883; 
1, -390.6455786952283; 
1, -388.1078837362584; 
2, -380.80182969698217; 
4, -385.37312428629957; 
9, -383.7056170316646; 
2, -383.97549318533856; 
4, -382.9562202137895; 
11, -333.087253165897; 
12, -300.40026174345985; 
9, -291.62628301256336; 
1, -383.5546830923995; 
6, -375.2489890542347; 
1, -386.8484870339744; 
1, -391.10899508884177; 
3, -383.31314234121237; 
2, -381.43251089390833; 
2, -385.2719049147563; 
2, -388.36501236690674; 
9, -317.5083643870894; 
10, -392.398067530361; 
10, -359.0367981145391; 
10, -295.852403770783; 
13, -328.6042094328441; 
10, -337.43118507333566; 
12, -316.71741822198965; 
9, -330.69111523090396; 
11, -266.7176108205458; 
6, -365.8929343292257; 
1, -381.8917022255482; 
10, -328.797089222935; 
11, -265.5271071526222; 
1, -377.4420669719111; 
12, -337.6448325350648; 
12, -270.13017389702145; 
11, -328.45980278553907; 
3, -389.6067234517541; 
8, -380.1758869145997; 
2, -379.0937257645419; 
4, -390.9819446261972; 
2, -382.5108249562327; 
1, -393.4987390775932; 
2, -383.4951718004886; 
9, -345.04214278934523; 
11, -379.44452670717146; 
1, -400.07833184837364; 
11, -388.4221860857215; 
11, -385.84232959814835; 
11, -391.64555969729554; 
13, -379.4253963351948; 
1, -385.3296646971721; 
12, -364.5970860705711; 
12, -367.60409270972013; 
13, -345.63952697836794; 
12, -373.55333826551214; 
11, -344.66842914849985; 
12, -343.6592178849969; 
12, -349.9855579142459; 
12, -356.13898157072254; 
11, -332.2351153731579; 
13, -323.8600754827494; 
13, -334.3045719191432; 
13, -311.45179152546916; 
13, -313.24114981875755; 
12, -351.7303778482601; 
13, -320.56206489307806; 
13, -306.3520809157053; 
12, -307.8589007172268; 
12, -295.47864526417106; 
13, -268.27665695152245; 
13, -265.41472255566623; 
12, -298.5633059887914; 
14, -295.6539625786245; 
12, -280.72318730445113; 
12, -295.5206290925853; 
12, -274.94625030388124; 
12, -283.0111999224173; 
12, -295.5201152685331; 
11, -359.76994968077634; 
1, -383.6982151516713; 
3, -368.31504064425826; 
1, -373.3153805785114; 
11, -372.5734125926392; 
2, -382.85478022147436; 
4, -373.8496023202315; 
8, -366.50510723062325; 
7, -369.7649591466179; 
5, -377.2464278044645; 
6, -381.91542099323124; 
8, -371.9545495369239; 
2, -378.93196172465105; 
7, -380.160539300181; 
3, -378.3543080223026; 
7, -384.8356878529303; 
2, -380.96154158294667; 
13, -253.94331282994244; 
13, -346.0193353513023; 
2, -376.08665111719165; 
4, -359.58761032752227; 
8, -372.9161498515168; 
3, -378.7960544965463; 
12, -272.5623750356026; 
11, -316.19966900220606; 
2, -378.2407945742598; 
12, -322.2487057072576; 
13, -214.54107084858697; 
3, -378.9354590715375; 
1, -382.97224973724224; 
2, -373.38010905194096; 
3, -365.4317682562396; 
7, -392.30540205317084; 
7, -380.6161036751; 
2, -377.1440146268578; 
1, -389.2574628436705; 
2, -374.7868420088198; 
3, -369.76333048776723; 
8, -378.1086118693929; 
6, -379.7589119201293; 
3, -380.8621834773803; 
1, -396.9149479562184; 
3, -383.3221271656221; 
10, -377.0973875459749; 
7, -375.26668410294224; 
4, -359.39159229176585; 
2, -380.5968309168238; 
6, -382.46583116496913; 
7, -375.6407780322479; 
7, -370.5781377154635; 
7, -371.9802660745336; 
8, -373.7180686760694; 
13, -300.8645969496574; 
11, -228.95094646851066; 
13, -339.8807707731612; 
1, -384.91356288001407; 
7, -383.66109724587295; 
13, -304.47701100760605; 
12, -359.80157090257853; 
3, -374.03408498782665; 
2, -376.73534581565764; 
9, -384.5715280396398; 
2, -380.6610650373623; 
1, -389.77870947518386; 
5, -373.6632712648716; 
2, -377.88116192503367; 
1, -386.01857808965724; 
6, -365.9663240222726; 
7, -355.09425002883654; 
8, -358.084969118936; 
5, -365.0317486921558; 
5, -376.43413681257516; 
4, -374.85381429758854; 
5, -366.75182304286864; 
5, -371.67053206893615; 
3, -385.557413811679; 
11, -235.1916109439917; 
9, -359.2578440576326; 
2, -369.68062042747624; 
10, -363.8825784046203; 
13, -369.0524344415171; 
7, -373.2251819104422; 
7, -381.4045637201052; 
2, -380.1377154132351; 
7, -367.5634853265947; 
3, -374.5046921700705; 
3, -375.8717644456774; 
3, -376.05285926978104; 
5, -371.61187085695565; 
11, -305.96209782967344; 
12, -278.4207880400354; 
3, -379.6931818097364; 
5, -370.9755459771259; 
2, -381.82982456847094; 
2, -362.0531107239658; 
7, -363.55067223182414; 
4, -371.61081409896724; 
1, -375.37297831708565; 
1, -376.6248351415852; 
11, -366.6284911171533; 
12, -371.66094714787323; 
1, -382.523493369692; 
6, -373.09692393708974; 
8, -369.70444120350294; 
8, -357.4092027388979; 
6, -369.6612526520621; 
2, -381.81176514027175; 
3, -374.18578237690963; 
2, -383.38339786452707; 
1, -387.3101532449946; 
9, -385.9776980102761; 
1, -382.75813016679604; 
1, -388.792393211741; 
1, -386.50905457301997; 
7, -382.94481212680694; 
1, -402.82617644558195; 
3, -384.38349817856215; 
1, -381.7529392412398; 
1, -397.839412306319; 
1, -387.8229889598442; 
10, -250.23678134998772; 
12, -282.9490477158688; 
1, -386.00637374119833; 
3, -383.93823602842167; 
2, -401.24710519972723; 
2, -386.0476796339499; 
6, -382.55474201543257; 
1, -384.557247810415; 
6, -382.0825444908114; 
1, -385.17835266701877; 
4, -385.77957899239846; 
1, -382.1245643630391; 
4, -379.1672396204667; 
5, -382.3888752453495; 
3, -389.8920914523769; 
2, -383.6636736164801; 
2, -385.95443121367134; 
3, -398.9071922204457; 
3, -391.2131038425723; 
1, -402.38937617244665; 
2, -377.234469087678; 
4, -401.31323471316136; 
6, -380.74118568736594; 
3, -385.1037624301389; 
4, -374.0985343263019; 
6, -383.80434658634476; 
5, -377.95040425041225; 
1, -384.2887133966433; 
3, -394.58489958383143; 
1, -398.2065130107803; 
1, -410.02992842381354; 
1, -399.9024474850157; 
1, -411.56153680197895; 
3, -426.04719678428955; 
3, -391.6465016109869; 
2, -383.7581563881831; 
2, -384.7088478181977; 
1, -385.5264744478045; 
4, -381.67614614753984; 
2, -382.2924417681061; 
3, -392.6025941618718; 
5, -391.55848865013104; 
2, -389.0462418238167; 
1, -399.6130873626098; 
1, -385.29344465141185; 
5, -375.4509316004114; 
3, -386.4398496093927; 
4, -382.04930452641565; 
11, -386.40617186622694; 
12, -355.18980196944904; 
13, -340.62026679865085; 
3, -390.3291365780169; 
11, -335.2941521841567; 
14, -375.16282877966296; 
2, -393.3092570923036; 
2, -401.0042401672108; 
1, -384.21443892631214; 
5, -370.914214931312; 
2, -384.3637333424995; 
1, -385.13205513963476; 
12, -372.40272134158295; 
13, -255.31754349533003; 
10, -342.447032911703; 
2, -385.0914029425476; 
1, -386.41695231583435; 
3, -389.4238995957421; 
2, -392.84940407879185; 
3, -393.97516921465285; 
4, -381.039866013336; 
3, -391.9298843793804; 
4, -381.41427960060537; 
8, -368.42688158352394; 
7, -384.3432941159699; 
1, -380.76598214462865; 
1, -390.01983012922574; 
7, -386.06580028671306; 
5, -388.6500302805798; 
2, -382.29606841271743; 
6, -367.96114352648146; 
3, -381.9809813860338; 
6, -365.89722897217143; 
3, -379.12572057626676; 
10, -368.5960179105168; 
2, -381.0639790125424; 
1, -388.9852198890876; 
7, -379.83389684325084; 
5, -371.7746382255573; 
11, -367.5778916304698; 
12, -357.99453834444284; 
14, -355.1286250205012; 
15, -377.768749044626; 
11, -367.5511642534984; 
12, -338.0982701255707; 
9, -368.09440424956847; 
10, -351.69721237232443; 
12, -346.9214110681787; 
11, -361.38033701875247; 
12, -355.14122092025355; 
12, -367.9553948389366; 
12, -335.76062667707447; 
11, -347.3416174737504; 
12, -338.4399396509398; 
12, -361.70641425123904; 
15, -343.8028152320767; 
13, -346.905402236036; 
12, -322.57834622613154; 
12, -337.2979211565107; 
12, -340.63611440570094; 
12, -366.28003704024013; 
7, -367.5768364125397; 
2, -376.9778925195569; 
7, -371.8052594016772; 
1, -381.85178698797245; 
2, -376.4771185843274; 
3, -382.96054052724503; 
3, -371.1853019334376; 
11, -379.1852211880032; 
4, -380.39321563509293; 
2, -385.49684661987703; 
7, -388.4062834273791; 
6, -374.4830856960034; 
6, -364.58387603994925; 
1, -378.11537349864375; 
1, -384.789568186854; 
1, -376.8382569261594; 
5, -378.24181554617826; 
1, -382.30072964483406; 
4, -378.94268816383556; 
5, -384.3294008196099; 
1, -383.71023361897096; 
2, -381.15447079972364; 
4, -375.1178149598418; 
1, -378.65725900942925; 
1, -397.24596624588594; 
2, -407.2212797302054; 
5, -402.5515310667688; 
2, -397.5779021952767; 
1, -387.4719241540879; 
5, -380.6101190207992; 
2, -397.0147340944968; 
7, -368.04285817826167; 
6, -372.55897330259904; 
2, -377.45871492265724; 
5, -368.6799384964397; 
1, -379.0246847900562; 
3, -369.99545298411977; 
5, -381.1777286709985; 
1, -390.98066614195704; 
3, -374.9075331997592; 
11, -366.33276368759107; 
2, -387.7841300445143; 
7, -385.0824679119978; 
1, -379.16767178464215; 
1, -385.7631038365653; 
2, -380.68720685713924; 
7, -376.69444824615493; 
6, -387.760219964548; 
6, -373.3776781830238; 
1, -386.17447208752856; 
6, -380.7899348034989; 
1, -384.86870264820755; 
3, -383.0661085310858; 
1, -381.5142310585361; 
4, -385.7869814687874; 
7, -378.3927032145439; 
7, -361.4973560058279; 
11, -304.8912452433724; 
13, -257.5164010488661; 
12, -281.055423830403; 
12, -378.86343781778123; 
14, -346.72035501222126; 
2, -378.11453904304653; 
8, -364.1975143637974; 
9, -374.28723655827343; 
1, -380.1041964155156; 
4, -370.09095262223855; 
8, -354.7965766011039; 
1, -381.68315704201814; 
2, -391.9653076940449; 
1, -384.2774817929603; 
6, -375.0435487295035; 
2, -380.0869150025537; 
2, -385.77778005052824; 
4, -375.3761262635235; 
1, -388.7144723930396; 
4, -378.0453797329683; 
2, -382.40364362020046; 
6, -370.8242653021589; 
10, -370.9698796021985; 
3, -373.70347545237746; 
7, -376.35122576425783; 
7, -371.21090316888876; 
9, -363.769997097319; 
12, -369.48235635028686; 
4, -386.82409075275064; 
2, -389.8733176597161; 
1, -378.08204240887426; 
7, -388.43884505005553; 
13, -360.8438227009028; 
2, -372.5057649712544; 
3, -387.57981305615976; 
2, -381.0211496759439; 
3, -390.65441731980536; 
2, -375.1329912961228; 
2, -378.8281986255897; 
1, -389.4662447303999; 
3, -379.56266836461145; 
1, -382.6293621833902; 
8, -380.43819493765477; 
2, -374.13603189750575; 
1, -384.73469167156145; 
3, -377.15001545473933; 
4, -376.3357088249177; 
1, -376.22932492545806; 
6, -371.62855735910125; 
10, -380.7484285874525; 
5, -382.01350259641185; 
5, -388.0582828564802; 
4, -376.38799193524756; 
1, -385.97579110309016; 
7, -376.03379579121247; 
6, -357.3553891669726; 
3, -388.44680425024126; 
2, -378.258806864731; 
1, -380.97043146705255; 
7, -379.4155043953797; 
8, -382.40109728684183; 
5, -368.2316177939065; 
2, -378.0654704029439; 
2, -383.9622116939863; 
5, -373.3960340298945; 
9, -368.8772512000287; 
8, -374.57939071394503; 
1, -388.6586618506117; 
13, -282.7171491619665; 
13, -202.60980620165356; 
13, -302.035915836459; 
3, -383.68172406905796; 
3, -386.786227679695; 
4, -371.64813981880434; 
1, -377.57029091822915; 
5, -362.13264993496705; 
16, -372.13648628268857; 
5, -379.29873687285; 
7, -372.38066784630064; 
4, -374.63377871061675; 
1, -373.7900911263423; 
2, -386.471685302211; 
4, -373.28559196856804; 
1, -379.2325903394958; 
4, -387.51223744184244; 
1, -382.1836934427265; 
9, -366.3210070990026; 
14, -384.64969050278887; 
11, -379.2498380220495; 
11, -380.69763986894395; 
12, -369.06182086176705; 
8, -331.40990224375855; 
9, -380.0615958124399; 
13, -381.69025976909325; 
1, -380.9507656195201; 
9, -382.86483834835235; 
12, -377.9263603610452; 
1, -388.2769951005466; 
12, -353.7544026969699; 
12, -347.22484573640395; 
1, -380.75388249894604; 
1, -390.927480548271; 
9, -376.7249714159407; 
1, -381.13037660962436; 
6, -383.42484008835163; 
4, -372.50905186275486; 
7, -376.91462742642034; 
2, -381.1512129730545; 
4, -382.6447470631683; 
2, -381.84343977773096; 
6, -380.92616670031566; 
6, -382.36602150299586; 
7, -373.82662399928086; 
8, -374.3111428398406; 
8, -369.0644109789282; 
8, -371.20338723342866; 
1, -380.9542358230101; 
5, -400.1616930695018; 
3, -393.18471966602374; 
4, -387.8745149031747; 
5, -409.67253015900496; 
4, -418.23510293243453; 
5, -419.95550774561707; 
11, -385.58355476660654; 
5, -382.0427290550433; 
4, -389.8291148795979; 
5, -393.8434163389029; 
1, -386.68716159905307; 
1, -389.70158002653625; 
1, -385.71518912829924; 
12, -369.6084386789007; 
7, -379.79823357239366; 
1, -386.0396324072499; 
4, -382.3609890048392; 
3, -378.5409174048109; 
3, -384.6725760746049; 
3, -385.95700657216366; 
6, -377.93067735026125; 
2, -375.76679422613233; 
4, -378.1761480809655; 
1, -377.44687282969244; 
2, -380.49011332180817; 
1, -386.5704199366737; 
3, -379.71748813288286; 
1, -384.18500724295154; 
1, -384.52027127100155; 
1, -389.3110032255063; 
2, -378.72675902035553; 
3, -381.58170761424117; 
13, -314.5571838512551; 
11, -307.9878810759401; 
3, -369.1070468235994; 
10, -370.3926396020688; 
11, -329.6274457256077; 
10, -354.4114875573432; 
8, -376.1224521867698; 
4, -377.19053892069496; 
3, -387.27043429017067; 
5, -370.62669238087256; 
12, -284.222751299385; 
11, -289.8440352899488; 
7, -381.5235492110951; 
14, -252.0657596711535; 
13, -368.8755058195675; 
11, -345.0847354021389; 
2, -379.99730797391385; 
4, -384.2730703098932; 
10, -337.6767147905193; 
12, -335.6720714739058; 
1, -384.50168362958357; 
12, -297.0851827595616; 
12, -278.1931424618233; 
5, -385.0104693812318; 
3, -390.0864841332659; 
15, -343.83409298956394; 
10, -294.77287790959235; 
1, -383.3813701168401; 
3, -386.59118984953966; 
3, -403.8714842017507; 
4, -389.097607883974; 
1, -390.85374161973596; 
2, -389.2774849169655; 
1, -386.5174452562351; 
4, -382.95229774317704; 
1, -385.52776923705824; 
2, -378.31218017835636; 
1, -381.39412629790604; 
5, -380.23230477876496; 
13, -325.8339345320128; 
