1, -747.2193961063223; 
1, -769.9149973936991; 
1, -767.4005397176479; 
1, -783.1406539058253; 
1, -766.198969325028; 
2, -755.5414319740348; 
2, -768.9883933469146; 
1, -752.1111847863976; 
1, -763.6876698193119; 
1, -788.4614045690205; 
2, -768.4155339754434; 
2, -759.2785096946645; 
9, -768.0646580495795; 
2, -762.2960137821356; 
2, -758.9790387585581; 
2, -778.4045301708684; 
2, -765.5025776578477; 
1, -755.6096384820521; 
1, -758.7521354872988; 
2, -755.8114367143226; 
2, -745.4333462263949; 
1, -778.1942076952182; 
1, -758.4116860367649; 
1, -761.2108714624628; 
2, -747.6759713841166; 
2, -778.2646040194231; 
1, -739.6658121704277; 
2, -739.8167492432476; 
2, -720.4283695968916; 
2, -742.5287648574049; 
2, -748.3888414403118; 
2, -732.0700506146786; 
2, -759.3440566595891; 
2, -732.2764806778287; 
2, -751.4404588525067; 
2, -732.6709831853805; 
2, -781.3877191407373; 
2, -768.8793949232531; 
4, -764.1087843201931; 
1, -756.5343479089424; 
2, -775.371971526165; 
1, -755.7931657806621; 
3, -743.9240497511564; 
2, -749.2262348926597; 
9, -772.8866339076412; 
1, -750.3820215332162; 
9, -759.6389324502452; 
1, -763.4393908627826; 
1, -767.3781477063167; 
9, -755.3846558907244; 
1, -781.6151197323852; 
8, -745.2114958694074; 
9, -726.0935171928577; 
9, -780.0529443345149; 
1, -780.289008930391; 
1, -786.3857838905897; 
1, -772.8677260618642; 
1, -759.0911919514328; 
5, -779.0265683260295; 
1, -780.6011984679644; 
4, -755.7143586276943; 
4, -773.1939028356792; 
3, -783.9603107739313; 
10, -752.6549469737292; 
10, -751.1790255301385; 
3, -757.7908131683362; 
1, -800.5139137023507; 
3, -776.1830284398457; 
2, -757.1959741581304; 
1, -751.6670577656041; 
1, -777.9758096349542; 
3, -749.7773810776926; 
1, -774.4847892876642; 
1, -776.680217215755; 
2, -757.713740930114; 
9, -743.8174782646165; 
9, -775.3006552508887; 
3, -780.3734267750915; 
2, -785.7299933208633; 
9, -744.6117845788249; 
1, -744.7507215626028; 
2, -760.1947127767344; 
6, -751.431669338097; 
1, -781.3461939165718; 
1, -765.9077911376589; 
3, -743.851300776616; 
2, -783.1908885907615; 
2, -782.1029973287223; 
2, -769.3438594104955; 
2, -757.7295379574207; 
1, -790.9336158850056; 
3, -789.2490616603609; 
2, -763.3408808079985; 
2, -743.3549816346349; 
2, -758.9638014620432; 
3, -755.3401714733482; 
3, -759.727832871271; 
3, -773.31139160163; 
2, -763.5365436049469; 
1, -759.1405105868762; 
1, -763.5556874929898; 
2, -754.1316575301462; 
3, -768.1910514863266; 
1, -762.5843865384813; 
2, -766.4769701437181; 
3, -763.9977316218428; 
1, -777.5180422246922; 
3, -767.3018705600989; 
1, -799.4232171550539; 
3, -783.7201125686406; 
3, -796.681789076305; 
2, -778.1359560074488; 
2, -778.893932148334; 
2, -775.9475239060121; 
2, -779.6125204098789; 
2, -762.2600642186153; 
3, -757.8995812707872; 
2, -749.0077630663873; 
5, -760.8200996623636; 
5, -766.7310815482342; 
2, -753.0389556110458; 
3, -767.1096041395358; 
3, -771.7020380497124; 
3, -735.9362668201793; 
3, -765.4646946803841; 
3, -746.4822274850885; 
3, -755.6911696374591; 
3, -765.9755513954442; 
3, -758.8714183845732; 
3, -752.8832334555045; 
3, -754.7293520927342; 
3, -750.1552677479631; 
3, -758.9964822905458; 
3, -750.7440883379313; 
1, -770.3772614750487; 
1, -793.4770528856607; 
3, -765.1482112405793; 
5, -771.3445362193597; 
2, -789.2495642300782; 
3, -769.2945879236795; 
3, -783.4557447908155; 
2, -762.6513652175199; 
3, -765.2217293065332; 
3, -760.4549361458194; 
2, -752.9561079854175; 
2, -773.8452345813566; 
2, -794.2236389747268; 
10, -769.458953421592; 
12, -802.8845436136035; 
12, -733.9181137790583; 
2, -744.099460950616; 
3, -772.4163176885486; 
11, -712.6155310456234; 
8, -788.8540334965219; 
11, -776.4897590359906; 
5, -769.2666436697764; 
6, -775.1654710403091; 
1, -775.5449363449588; 
4, -776.395864419057; 
5, -737.7409649437031; 
2, -758.4032226009003; 
6, -762.0226634917344; 
3, -767.5352389743202; 
10, -762.6859711412399; 
3, -749.5772848581983; 
2, -747.1343366152141; 
1, -766.0055439247226; 
1, -766.0793416052766; 
1, -752.6893493200769; 
1, -767.6549827831041; 
3, -746.473746042393; 
3, -736.723947998762; 
11, -732.5316836360143; 
3, -743.096910533437; 
11, -746.6609901145566; 
8, -755.1859557658609; 
2, -760.294967418653; 
6, -767.1567811286077; 
10, -806.9123341023806; 
12, -762.1233155568189; 
8, -756.6436197236762; 
6, -754.8792389870505; 
1, -776.8041105314333; 
6, -770.6240851241164; 
10, -781.1385986410896; 
1, -758.8677206190769; 
5, -769.0110976475116; 
11, -751.158389183518; 
10, -768.1586159456056; 
1, -760.9701737313007; 
2, -775.2868927317322; 
10, -756.1280314790201; 
3, -765.6693655411073; 
3, -759.0667006114381; 
10, -757.1945638527977; 
9, -741.3330978289305; 
10, -737.8868307694793; 
3, -746.7552002673328; 
10, -758.0159028669586; 
9, -751.0494318638812; 
10, -715.6402840457449; 
11, -734.9847711750481; 
11, -747.037648866768; 
7, -742.8846284323954; 
11, -749.8559023939888; 
12, -744.677195193246; 
1, -763.8708371125977; 
12, -771.3974972918513; 
11, -734.6386333281989; 
10, -755.6305484492914; 
11, -721.5499277403287; 
11, -742.3633227923419; 
12, -783.1050799307122; 
10, -710.5761725529446; 
10, -723.7457658236381; 
9, -724.9636253233766; 
10, -684.7587258501444; 
10, -663.9728313589003; 
10, -659.179979067907; 
10, -689.7565596444765; 
12, -696.1806807746761; 
9, -694.5654883605603; 
10, -698.9624032842403; 
10, -701.425555557711; 
10, -691.699931008683; 
10, -654.3410419495485; 
12, -684.019203494885; 
10, -669.6050410697062; 
4, -792.3027493836416; 
6, -791.6954483732115; 
12, -783.4251216062694; 
11, -771.1524634326342; 
12, -735.1224843210366; 
11, -749.4361402588547; 
10, -724.085604480526; 
11, -769.364082287997; 
10, -767.9118747370958; 
10, -758.5950515949226; 
11, -745.9294300906186; 
10, -737.9043430798338; 
11, -730.1899610149267; 
11, -701.6800380234781; 
9, -716.4731290756899; 
3, -776.0297059506993; 
10, -781.8245791987865; 
4, -771.4183266474574; 
3, -797.1766602502903; 
10, -765.2057856839965; 
6, -763.2076552413637; 
3, -787.3928257271764; 
2, -781.0877663053107; 
4, -775.000125371298; 
3, -774.0186744687962; 
4, -770.490566511231; 
2, -772.6976439944701; 
3, -770.9119437447225; 
5, -760.4931631461077; 
7, -783.7060024398088; 
5, -775.812611676025; 
1, -793.7692741589271; 
1, -772.6798058032873; 
1, -776.6797619045828; 
3, -762.5810383665666; 
3, -774.8388474741951; 
4, -759.2372000353062; 
3, -754.7925829727319; 
7, -748.2874216924538; 
5, -755.3840478943894; 
9, -764.8231938376266; 
4, -784.4558208589442; 
4, -780.5428436947113; 
10, -740.2266029288003; 
2, -763.901677464979; 
1, -769.6501845854509; 
1, -765.3955934668775; 
11, -750.5795745540527; 
2, -766.9239457143703; 
7, -754.9070117834781; 
6, -769.145347117621; 
1, -776.131971447845; 
2, -762.1572336582176; 
6, -754.7024971433857; 
2, -778.1212246762007; 
4, -778.5900844752614; 
6, -752.3391975714185; 
7, -762.2040672622388; 
6, -756.5549563714594; 
6, -767.9051919635094; 
2, -780.8404317822715; 
2, -764.1366019711131; 
6, -764.6023880052962; 
2, -763.2412682301074; 
1, -766.574396246986; 
1, -767.8559285609808; 
1, -763.4889094936661; 
1, -762.6912249203015; 
5, -759.4291997055116; 
1, -771.694530506793; 
5, -750.5061815213412; 
5, -747.057296574756; 
2, -762.5376377352804; 
2, -770.0682533302752; 
2, -779.1601254249981; 
2, -764.3823195305013; 
2, -762.2995643249596; 
4, -771.832102223183; 
10, -761.4447187162004; 
1, -779.512341468333; 
2, -783.663367465022; 
4, -748.0932748960622; 
2, -784.4287149756856; 
4, -754.6985918309947; 
3, -754.5658921520808; 
5, -751.0704311896407; 
12, -699.2825755954254; 
4, -772.6647529955662; 
2, -763.3994252282137; 
6, -743.6718909811461; 
12, -729.3453164632956; 
11, -700.3951514824876; 
4, -766.584649022232; 
12, -744.715044979006; 
2, -753.7038136943011; 
7, -756.7271052876895; 
3, -765.4641837628733; 
2, -763.2829143111012; 
1, -777.2025925357593; 
2, -761.210823575093; 
2, -753.7607060726441; 
1, -771.2682445584796; 
1, -763.9231731532782; 
5, -750.1753878226154; 
3, -760.3460049339919; 
2, -758.964671046444; 
2, -759.1251049910497; 
10, -759.687047832238; 
10, -767.2918511928583; 
4, -727.9813681752421; 
2, -775.258673990058; 
2, -755.2827604676713; 
9, -759.9759528432041; 
2, -766.9348309388733; 
2, -755.04168267973; 
2, -768.3295093661873; 
11, -740.3599218611489; 
4, -758.8026450712932; 
6, -750.8930055772653; 
2, -772.1835687349667; 
10, -770.2371191694401; 
1, -758.2013318454847; 
2, -760.4957583585056; 
6, -757.183767485898; 
1, -787.9920223022928; 
1, -766.8774224496447; 
13, -757.8630309279542; 
4, -765.8662717356347; 
6, -730.9298572778935; 
9, -767.0492438790388; 
8, -764.4952216027305; 
3, -749.5608701868332; 
3, -750.5176654393435; 
12, -751.9916708580568; 
12, -901.3511998074828; 
6, -823.326596250583; 
2, -819.4286741589312; 
7, -798.3804690074176; 
3, -811.3932486863923; 
3, -799.3225518867839; 
2, -779.7987666995614; 
3, -800.079523063323; 
7, -741.8664361372357; 
8, -759.1978523487342; 
11, -736.1768416010891; 
4, -769.3560551267583; 
4, -759.7866362442146; 
2, -780.6003876325558; 
2, -776.3115528483177; 
2, -776.1253565358347; 
7, -768.9437240249827; 
1, -776.615587002656; 
2, -747.6059668240487; 
5, -750.6120674813865; 
2, -756.2438440503902; 
7, -767.9207191377645; 
5, -761.0086015547276; 
2, -779.9050161028863; 
2, -781.0974043955794; 
2, -775.2379244128242; 
1, -767.3454890928115; 
1, -777.628735194332; 
1, -760.3540214875247; 
3, -778.7283900519833; 
1, -758.283443709428; 
6, -776.6327353927772; 
4, -764.5973667470971; 
2, -761.9410502274986; 
1, -769.2844372342806; 
10, -776.726080909255; 
8, -754.3749055893277; 
2, -755.5886655856739; 
7, -752.6008387439651; 
2, -753.0732077405555; 
12, -754.921363669564; 
4, -748.6498955737916; 
5, -756.3883211667999; 
3, -741.989958703809; 
3, -754.0517721998622; 
6, -752.4057739116251; 
8, -755.9211477738572; 
11, -737.8538956528064; 
10, -759.43947632669; 
2, -759.1083337883465; 
8, -749.7408013315871; 
1, -760.747364062292; 
5, -748.2539318699855; 
12, -764.5863253068528; 
7, -756.5515167294652; 
3, -768.3674796678242; 
6, -748.2811566132586; 
7, -765.5338184138527; 
14, -784.9629678793717; 
3, -750.4006380075589; 
9, -762.5322151664877; 
1, -749.2888833591715; 
2, -764.0767444656813; 
11, -763.4792558390764; 
15, -735.7666810149094; 
1, -762.3903421988944; 
1, -765.161331070296; 
1, -771.0481730062165; 
1, -771.3092446515802; 
1, -761.509428767371; 
2, -774.5819213361829; 
5, -754.1311685994733; 
5, -748.1215006666607; 
9, -736.8009935535374; 
4, -750.2588134681573; 
4, -769.6320362035767; 
3, -753.4582982665743; 
1, -755.7090848432854; 
1, -772.5039712117868; 
5, -776.8017355853226; 
6, -742.9987072946387; 
3, -755.2019819147536; 
4, -750.6474756679381; 
10, -753.1822207795922; 
3, -762.8050621523289; 
10, -750.9195852230187; 
11, -734.2601865127217; 
11, -671.3221864437219; 
1, -764.5069132811623; 
1, -785.9511222300935; 
15, -753.124581229873; 
8, -767.5476829846739; 
6, -744.2086757890647; 
5, -773.4190507824533; 
2, -754.5016749720671; 
9, -751.0544090725016; 
1, -776.0350998165668; 
11, -753.0627398465294; 
11, -761.4943550656899; 
2, -761.9179676407948; 
2, -754.1796307017212; 
10, -756.3473624235485; 
1, -756.7307018247084; 
2, -753.99564195727; 
2, -751.4807297726511; 
5, -757.3199512074352; 
3, -752.4302172239404; 
5, -756.2728720816667; 
6, -745.8133156772819; 
11, -679.6942076248233; 
14, -763.6727751208819; 
2, -759.7876890608459; 
1, -763.501908992941; 
9, -738.8659047056572; 
3, -730.2070452361368; 
2, -779.6239668040653; 
1, -757.8566304242704; 
2, -774.1076382581377; 
12, -753.1344764249516; 
11, -747.7919879237888; 
1, -775.0424216351239; 
4, -745.9548127059243; 
12, -767.2777031849255; 
11, -703.6133504149038; 
12, -742.8560358926188; 
11, -666.4611323729623; 
12, -728.9776264489628; 
8, -746.2925239778124; 
5, -765.6117554610246; 
4, -756.9430473585962; 
1, -779.8822660907172; 
2, -770.2153274971643; 
5, -750.5626111910096; 
14, -739.7554256004514; 
3, -777.8968421682366; 
2, -755.8484108270495; 
11, -752.4699308061972; 
9, -764.2607455095858; 
6, -754.174327730725; 
1, -754.4863050956046; 
11, -737.3972639840213; 
5, -761.4265849973308; 
1, -753.1847642204957; 
1, -761.5010010045371; 
1, -760.0167517441441; 
2, -754.4094053648296; 
2, -758.1220816074638; 
4, -787.5791947946418; 
4, -755.2719440442743; 
3, -767.9008524446981; 
7, -780.8933785092668; 
11, -750.4134216619423; 
11, -677.8371515991166; 
11, -735.7543547716341; 
1, -769.5550929173478; 
1, -773.4601243848447; 
8, -718.7532761901966; 
1, -761.8235464331228; 
8, -755.1279838876217; 
3, -770.2159146149643; 
8, -790.2093481884804; 
1, -799.1288121045218; 
11, -649.2991741725709; 
11, -760.5888262868393; 
2, -799.7138510317309; 
10, -772.7946662279428; 
3, -804.6199663435109; 
5, -822.077268906869; 
3, -802.1530957042123; 
5, -821.84212992416; 
6, -829.6335181914037; 
8, -831.1844663331285; 
6, -860.1095873388695; 
8, -876.8747935784631; 
12, -846.0489278411842; 
11, -838.0135646975832; 
6, -828.6143909029779; 
7, -839.257984761789; 
3, -807.1225799120148; 
5, -793.0016691652127; 
2, -774.9226709714276; 
7, -762.998150121537; 
2, -756.6598562025465; 
2, -788.0834358868306; 
5, -760.5505160019384; 
4, -769.772553145478; 
12, -761.0777875371859; 
3, -755.058351161133; 
7, -752.2729734685272; 
3, -760.9947107752087; 
2, -758.5540674584336; 
3, -755.5313415867276; 
8, -755.2306349618593; 
2, -763.96437077882; 
3, -769.3066385643324; 
3, -759.6370499131153; 
1, -772.7494924453786; 
2, -768.9669263687101; 
4, -770.1926490006736; 
10, -758.2337282827357; 
1, -766.0034978503827; 
6, -757.6476358238142; 
10, -755.6691454387037; 
1, -769.177741533611; 
1, -772.2802472436451; 
4, -719.8043900170014; 
4, -762.329512296652; 
1, -761.2247153366334; 
2, -772.6202584637795; 
1, -772.1744189482997; 
8, -755.6292207247461; 
10, -754.7007016066345; 
2, -751.7166948925587; 
9, -749.65113068145; 
2, -747.2811227572965; 
6, -746.9544596360647; 
3, -757.7962807348813; 
12, -675.8979578586877; 
12, -753.7653499689768; 
2, -766.5681189647294; 
2, -760.333174763422; 
4, -760.0395861003781; 
3, -772.1953261449235; 
8, -765.0919620369677; 
1, -784.2269873610348; 
6, -755.9434838875895; 
6, -769.8068243886228; 
2, -755.0707698818878; 
5, -751.6701132108574; 
1, -755.3311318277265; 
1, -762.9369155768072; 
1, -748.45192605583; 
2, -755.682581419358; 
12, -697.3691283548251; 
13, -736.3773176753893; 
9, -757.0412627101759; 
1, -767.5084458012134; 
14, -736.5137353597675; 
1, -773.3541349713923; 
1, -762.526043660997; 
8, -750.3264173995121; 
11, -761.5089615963516; 
13, -729.1904716966092; 
3, -753.9330245870515; 
4, -751.0980385896983; 
12, -756.8824831538368; 
3, -781.1518356123706; 
2, -772.2028645706596; 
3, -787.5374327189056; 
2, -759.5587152853841; 
5, -763.903277299949; 
3, -765.4489730757778; 
2, -751.6837427220889; 
3, -748.2348767550429; 
2, -751.0037855384289; 
12, -674.6830133848707; 
11, -707.5551820819383; 
15, -749.8455949880881; 
10, -751.0265989257023; 
1, -768.1005660975934; 
6, -740.9549673588481; 
3, -761.2825197495404; 
2, -764.1682342659915; 
1, -784.5998689458938; 
3, -763.8955767846201; 
10, -761.166088433587; 
1, -750.3496530024568; 
1, -761.7554170917138; 
1, -760.7249088629032; 
1, -764.0990113537991; 
3, -741.0036491581704; 
2, -758.303705974773; 
4, -774.6742928561871; 
11, -727.8317262611818; 
10, -722.4416917914641; 
4, -762.4026225133566; 
5, -744.7743665395537; 
13, -759.2107775988989; 
13, -694.1311630007112; 
8, -749.9044728379813; 
8, -718.8998880272266; 
6, -742.1696970309131; 
10, -736.2666962358635; 
4, -730.7940150665818; 
1, -777.7833644440398; 
5, -763.2500228943536; 
10, -721.1075393896317; 
10, -746.3359845082741; 
6, -737.2195471275481; 
10, -758.2488101492054; 
2, -741.6825380540686; 
1, -757.8985004950082; 
1, -758.7909387008986; 
1, -769.6133327027783; 
6, -754.7424222668051; 
4, -749.0388927584863; 
5, -746.1535813937662; 
9, -745.604741272633; 
5, -753.3712552816723; 
1, -771.9761066693463; 
2, -765.5912680092733; 
1, -778.4844147092663; 
2, -764.1564984869328; 
3, -769.7194519101176; 
1, -767.8117708599311; 
1, -782.1155989920371; 
5, -776.6367995130131; 
11, -765.619244614034; 
12, -739.0283544565318; 
11, -757.5306155658909; 
11, -768.8280730687547; 
11, -777.1669672878925; 
11, -706.3669643877074; 
13, -749.58196277346; 
12, -679.3928762188298; 
11, -754.747211127542; 
3, -770.9491715700715; 
5, -770.1948293288588; 
1, -771.6265165002551; 
3, -756.4896237462526; 
16, -766.1667710301117; 
4, -734.6895868096035; 
11, -692.8077241398278; 
12, -693.4248507471057; 
2, -766.843691191636; 
2, -759.7879781316733; 
2, -743.8620262537152; 
2, -759.8815674760845; 
2, -754.0671516087605; 
7, -753.7797384354053; 
2, -758.9966278343927; 
8, -765.5879162320634; 
5, -767.6559202562785; 
2, -773.3348858380923; 
6, -762.1557061248459; 
1, -768.3651824338594; 
8, -747.7352593946271; 
2, -749.6699989966583; 
1, -774.7259303521132; 
5, -759.3553227086086; 
8, -738.519493107684; 
13, -745.3931829119101; 
3, -754.4318731956882; 
1, -767.9862897273852; 
3, -749.4103190761525; 
2, -760.7786480803043; 
3, -750.7423814550275; 
4, -738.8955580953043; 
1, -769.56296395557; 
11, -713.5166622614488; 
12, -697.0794014008716; 
2, -760.8263979016338; 
4, -841.9259096157039; 
7, -814.537194969249; 
7, -813.3256247970276; 
9, -787.8568942695856; 
4, -774.281711472082; 
5, -772.989776280243; 
2, -767.9602206610143; 
7, -752.6167699989164; 
4, -781.4182164106751; 
2, -759.7492268955102; 
2, -760.9999951187056; 
5, -763.9982188416179; 
6, -780.9155376504641; 
4, -744.1393873566994; 
4, -766.1335857067024; 
8, -771.1425306400051; 
4, -760.6942395595834; 
3, -755.9119951112662; 
5, -752.7987738681259; 
7, -766.66477866075; 
3, -762.5416074033128; 
5, -723.5347340166336; 
3, -767.5583751169033; 
9, -754.2889810465276; 
4, -782.6250367754837; 
8, -752.4280168483965; 
9, -734.9038807433099; 
13, -719.938755941228; 
3, -763.7259025076637; 
2, -768.3107727284078; 
12, -735.9422615702497; 
11, -732.6074225602206; 
5, -731.8609375674278; 
7, -756.3533706763992; 
3, -756.9966665506363; 
2, -766.3271578626009; 
3, -767.0050027290126; 
6, -786.2325077783316; 
3, -803.6985226584366; 
12, -798.3154807105893; 
6, -800.6489352731733; 
3, -816.6715260335477; 
6, -795.2864111901727; 
11, -829.633050431963; 
6, -798.7818570071831; 
8, -801.2108320436673; 
4, -799.165441835532; 
5, -782.2112793908454; 
3, -781.4457409788156; 
4, -778.6445736165624; 
10, -729.9395206144545; 
4, -764.8768688724376; 
3, -770.9127319875406; 
1, -771.5326577329542; 
2, -764.1909008660587; 
2, -762.9554019139614; 
4, -752.8824997850461; 
3, -762.4747234664392; 
2, -776.1112668408314; 
2, -762.4477916249307; 
7, -755.4781523034908; 
3, -761.0339459162205; 
3, -752.1832668760326; 
3, -764.8308315067552; 
5, -754.8241669973359; 
8, -728.4296873786952; 
12, -734.7656828538748; 
6, -754.8826106321067; 
3, -751.8839608301641; 
11, -723.5824582233327; 
11, -684.6586163778557; 
3, -750.9363639622461; 
6, -724.1092412637081; 
4, -758.9415489115054; 
2, -772.8582246407168; 
11, -762.6695429545362; 
5, -759.7927957504289; 
7, -761.9479619944468; 
4, -742.4743309664773; 
4, -772.1133677723119; 
12, -766.0426010101801; 
12, -740.809173726826; 
11, -724.8923626061296; 
1, -767.9725674962392; 
2, -758.2412345692283; 
3, -764.7312828409486; 
1, -757.3651453249622; 
6, -749.8970166163053; 
5, -763.7314493892482; 
7, -752.6680583623238; 
11, -779.9049772908911; 
12, -727.5144668581197; 
3, -736.5372439981438; 
2, -767.3855422519846; 
4, -764.3234496143414; 
4, -755.9035580219934; 
4, -761.5135997736361; 
4, -748.7570606083609; 
4, -773.5583273845259; 
3, -752.8971211649477; 
13, -753.9042143487604; 
13, -731.8050869959407; 
12, -745.1299460100709; 
13, -741.373917496996; 
10, -763.2861069838982; 
2, -761.8441250628093; 
6, -779.8321896374691; 
8, -757.6612691626651; 
1, -760.1073267889442; 
8, -762.6793142606039; 
1, -780.605036370107; 
4, -755.5656295187073; 
1, -781.7470015642466; 
4, -764.331282512052; 
6, -769.49097552069; 
6, -758.5135550628183; 
2, -769.7030454606283; 
4, -757.0464711355744; 
8, -768.7992232730612; 
8, -797.1130456915125; 
3, -819.8268063992728; 
4, -792.6417833610903; 
5, -810.9136916080024; 
5, -809.1647014260525; 
6, -830.1375444595469; 
10, -819.0745008363156; 
6, -793.3126123239053; 
6, -817.220394559321; 
5, -796.8798265170772; 
7, -786.9496168443002; 
5, -781.84985618887; 
13, -746.2522567732958; 
3, -742.4888933597831; 
1, -752.4966377079254; 
2, -755.6056218581507; 
5, -741.7441420315299; 
10, -736.9636387736537; 
3, -752.2248641372425; 
1, -770.9880374063505; 
6, -752.7778524471214; 
5, -743.8390137066599; 
2, -758.2778387304861; 
5, -754.6696045334684; 
2, -765.2334662147332; 
3, -756.8824440963799; 
3, -746.4354854271514; 
3, -756.1109233103925; 
4, -744.6954637967283; 
3, -762.1591198197566; 
10, -750.4314683385892; 
3, -734.9322011831682; 
1, -757.8374442229979; 
5, -746.442694015801; 
6, -759.2199798932998; 
2, -765.8851170041598; 
5, -769.3681124938885; 
6, -755.3381418002537; 
4, -760.5205300997477; 
12, -718.2298184552928; 
12, -666.3655282239197; 
11, -741.524838649435; 
2, -759.2872513390612; 
3, -763.6537680289475; 
10, -751.7884587470908; 
3, -761.4365824366687; 
5, -765.9497635925654; 
12, -757.6831393805332; 
11, -772.226602930692; 
7, -753.2411149991676; 
7, -741.4778493205085; 
11, -736.1566573687596; 
1, -773.7295822304441; 
2, -756.0848191502737; 
5, -782.7278776410967; 
3, -786.1569911228726; 
4, -817.1802972882288; 
4, -757.1465546102263; 
13, -727.696314558154; 
10, -746.3528517689556; 
11, -807.6816798902582; 
4, -785.7145262699341; 
3, -804.3235016217222; 
4, -767.0438791131601; 
8, -767.1439878437668; 
14, -758.8240549071925; 
12, -697.0243368369993; 
4, -778.4380738117034; 
11, -754.9185364145087; 
11, -778.3975208946504; 
5, -775.1810740439687; 
2, -757.0395873481175; 
3, -762.3480022425065; 
4, -749.3353594382061; 
2, -756.5065677030943; 
9, -746.3072924441658; 
5, -747.8573192832991; 
12, -757.6173171658302; 
11, -663.1784924387466; 
12, -664.7209435596596; 
1, -767.6185825278517; 
12, -769.2496561774751; 
4, -744.6484961922979; 
7, -739.8395043961937; 
4, -750.4791324234102; 
3, -752.2774841259234; 
4, -760.9107436535414; 
8, -746.3000892126001; 
12, -746.5546973942546; 
14, -675.4566946709529; 
8, -757.7540939957835; 
4, -746.3106922840234; 
3, -750.6209521519486; 
5, -735.4455647367286; 
2, -771.1351862879237; 
6, -746.0503945301753; 
9, -732.7277121426305; 
14, -710.8593747955747; 
13, -689.296880414011; 
10, -706.8135702745058; 
12, -752.47099364514; 
2, -759.2033575639362; 
5, -755.4440463209758; 
4, -740.1860324173467; 
3, -743.1030230692122; 
4, -756.1867516994243; 
2, -746.0612173497211; 
12, -727.018927643192; 
1, -773.3456649887376; 
9, -758.0611001240322; 
3, -763.1924667125568; 
4, -746.9772153546801; 
4, -762.383167764754; 
3, -783.9786912490381; 
2, -777.3015802947339; 
4, -761.2640948370099; 
1, -790.3677255501971; 
4, -782.3869077017298; 
4, -769.1721689903643; 
2, -771.9531784430146; 
13, -778.2012232596753; 
11, -759.6563509597909; 
11, -740.2959113370162; 
11, -765.470593548147; 
13, -729.5669995648786; 
12, -771.9422722973395; 
12, -712.1743792474736; 
13, -739.0586654923391; 
12, -728.4562111208215; 
13, -748.0901953396387; 
13, -728.6469252145616; 
10, -740.6752724737162; 
14, -730.7437041347148; 
12, -750.1283523907186; 
13, -714.3503839723999; 
12, -699.0391316559399; 
13, -676.9079437952023; 
13, -622.8196396955755; 
13, -622.2945661072154; 
13, -653.0469353658846; 
13, -588.9099908132339; 
12, -614.052343977266; 
13, -662.0032674822723; 
13, -585.3249093003105; 
13, -610.2704796207836; 
13, -562.9083275300218; 
13, -503.272853357601; 
12, -546.0836696794722; 
12, -563.9700102560455; 
13, -482.9232897881884; 
12, -575.0043151610298; 
12, -595.7725087248255; 
12, -498.9321613525972; 
13, -554.5503571564332; 
12, -648.0945024215616; 
13, -649.5308384945383; 
12, -599.7497664956609; 
14, -550.7176498059416; 
13, -563.3384498036467; 
11, -528.4334710704861; 
12, -560.1780584045919; 
12, -668.350079308264; 
10, -731.131114525022; 
13, -647.7745426648762; 
12, -592.983642376028; 
2, -752.6927892433014; 
11, -757.2885846340796; 
