5, -355.4687853925829; 
1, -404.8690484218069; 
7, -365.31636523403915; 
1, -369.8603456712483; 
3, -374.43897448730786; 
6, -392.59269739569936; 
2, -378.3940736152804; 
2, -371.80786159880927; 
3, -393.97361692629283; 
15, -384.25840365471777; 
3, -371.76002689171855; 
2, -384.2707130408389; 
3, -374.7533542053834; 
2, -389.19133550331935; 
4, -378.84298581413714; 
3, -396.1545959873947; 
2, -383.66595957677146; 
2, -378.43581733441806; 
8, -395.9112168373422; 
9, -370.84315604791664; 
9, -378.218084250203; 
9, -377.9901997135621; 
2, -390.22215829285597; 
1, -374.7939663665202; 
2, -370.9546065591476; 
1, -388.0059222648815; 
1, -368.7031078039963; 
5, -389.4004292688587; 
3, -373.52999972051475; 
1, -374.24452199503503; 
2, -377.41998597221937; 
1, -383.9314269528131; 
7, -358.6002750624357; 
9, -374.6008633808269; 
8, -367.7561359707561; 
1, -370.08397661195886; 
1, -384.0874442106433; 
1, -372.1364426901564; 
2, -359.6558232407151; 
7, -370.9528940458931; 
1, -377.1079437721728; 
1, -373.4512782836573; 
3, -381.55180171773463; 
3, -399.67011529261435; 
4, -382.83498023511856; 
1, -391.56737937863363; 
2, -394.93573627566; 
8, -361.50761385503574; 
10, -375.07152325064817; 
7, -361.9717265382824; 
6, -359.70535310829655; 
1, -377.8971442400616; 
1, -365.07013261002066; 
8, -379.2568366825908; 
8, -373.97722307939694; 
1, -385.33707001089715; 
9, -372.0899440538269; 
4, -372.78673004028315; 
9, -362.3057159069285; 
9, -363.19390442933945; 
4, -369.3113842517414; 
9, -365.8502335544508; 
6, -352.73566430280334; 
7, -384.1185601585821; 
8, -384.27585006191657; 
7, -373.8715114544757; 
10, -370.9962216460299; 
8, -432.2821211271912; 
5, -393.1800638542809; 
2, -412.2031728693146; 
9, -356.5507414965323; 
1, -399.4625113078073; 
9, -377.1672556251433; 
9, -375.1275631644021; 
3, -399.3073171629985; 
3, -396.6699095733493; 
9, -378.92343352158787; 
4, -400.0644907795031; 
2, -402.8740591456917; 
8, -389.75997632853614; 
9, -375.63017190941537; 
4, -376.4425154281671; 
2, -380.46504318303414; 
10, -364.2020928038255; 
9, -373.72930654486845; 
6, -377.318540615066; 
10, -360.2773957216996; 
9, -367.3010185865205; 
9, -373.0543968829734; 
11, -370.21038360734383; 
11, -355.8613593702539; 
11, -360.7169604484807; 
11, -361.20236677247885; 
12, -337.22917003170005; 
10, -337.73365384709905; 
2, -396.6313758066681; 
1, -387.59714572243684; 
10, -380.27569749926624; 
9, -375.4189708176127; 
10, -356.36597726838227; 
4, -376.0890222614689; 
1, -402.0583646543528; 
1, -393.7926266795548; 
2, -395.6671214623784; 
5, -376.7281349411205; 
2, -401.0587300833722; 
2, -383.2374499026919; 
1, -382.64456332384725; 
4, -382.31858398544136; 
1, -398.3729617024219; 
2, -381.4999267238745; 
5, -387.0944987560579; 
1, -402.3181286855688; 
1, -395.7004866170828; 
3, -397.09076606755843; 
1, -404.74095970674534; 
1, -410.84690557108115; 
14, -385.25301577921346; 
9, -360.3468337923987; 
10, -382.4850371121429; 
6, -380.8986139233675; 
4, -381.8126872901412; 
10, -365.64349895391206; 
4, -388.68305281158973; 
9, -368.96182477052207; 
1, -382.0330461753838; 
1, -394.940042280723; 
2, -405.52040062932065; 
1, -393.50741921197914; 
4, -391.7447009016032; 
6, -391.4550491384289; 
2, -397.8838721281136; 
5, -390.08388884671876; 
2, -385.0256545615848; 
3, -388.8993345945346; 
2, -374.52949730859837; 
5, -383.298344162562; 
1, -392.8714375621712; 
2, -376.68129937094636; 
2, -394.1951549354999; 
5, -381.7841872760764; 
1, -389.9934582542119; 
7, -410.3574083948406; 
9, -401.4705618030275; 
9, -367.5510352719866; 
11, -355.2050941777052; 
2, -392.86366296219785; 
9, -368.5984425575589; 
9, -273.68611932629574; 
12, -257.308804660046; 
12, -239.51030593673931; 
13, -221.9677793103765; 
13, -350.12658779225603; 
10, -333.08057263833325; 
3, -377.85475061908073; 
4, -390.7551213558618; 
2, -391.8841262789938; 
1, -400.8122364779556; 
8, -377.43901615759387; 
2, -383.6207536630318; 
3, -379.684023315167; 
2, -381.00009026344924; 
4, -377.55492840328225; 
4, -378.5131152463873; 
13, -385.5613975581291; 
1, -384.60348206312483; 
1, -389.19729694971466; 
1, -388.3692568897386; 
2, -384.0006704396146; 
3, -382.53770939849346; 
3, -392.8220781696873; 
1, -391.40089468438237; 
5, -391.99855806375854; 
5, -384.2774051963788; 
1, -390.6023503667966; 
4, -391.507402399744; 
1, -394.68566362190177; 
3, -388.4864523867436; 
3, -381.64577342310804; 
3, -384.19485428388; 
1, -389.857080724134; 
9, -386.54988092651183; 
9, -375.63463185119326; 
10, -361.3939656174334; 
2, -398.0575641215546; 
4, -382.13506628083996; 
2, -391.79832457868906; 
3, -393.67269698191376; 
2, -392.8277818142378; 
1, -382.3278637158073; 
5, -382.72365779172105; 
8, -385.7038547961274; 
1, -385.86795795112266; 
3, -382.94841041980544; 
8, -385.300962252295; 
1, -389.1531935148523; 
7, -383.2767958941986; 
3, -386.2057693541283; 
3, -386.20434629547526; 
12, -358.0941825932241; 
13, -327.81825536272663; 
8, -386.61425658900407; 
3, -393.33695037722646; 
6, -387.8384354274167; 
2, -384.20316320871643; 
4, -387.86254205675505; 
5, -385.1282796262094; 
6, -378.85693635689677; 
7, -378.435836599936; 
1, -383.20905601780396; 
2, -385.02980864205165; 
1, -391.9861574456445; 
6, -383.0994446846744; 
1, -393.1733288410178; 
1, -388.00377910301904; 
3, -387.32729111018125; 
5, -381.76857106109674; 
2, -385.6655283619184; 
1, -386.3023058683757; 
1, -389.52156237095187; 
1, -390.5585857635451; 
1, -386.82053541290225; 
8, -385.7585098439449; 
13, -373.24374581604206; 
1, -389.18736742515466; 
3, -388.8485172405635; 
5, -384.43539551540744; 
5, -381.167462103811; 
6, -374.3996822828922; 
10, -301.5615311724541; 
9, -291.50901863593026; 
10, -358.69997611084545; 
8, -376.1817522526835; 
1, -382.36252574539685; 
10, -345.2736806423636; 
12, -323.0236029574007; 
12, -330.901682907599; 
10, -373.43148475709313; 
11, -342.09936416980054; 
9, -307.07451314998616; 
13, -213.29524328939442; 
10, -187.98665383903426; 
5, -311.8514929082303; 
13, -205.37601617741166; 
9, -291.54987922224973; 
10, -218.48000373740797; 
9, -292.23992544494104; 
8, -373.4474071737641; 
5, -382.52442102901114; 
6, -388.73513103908044; 
6, -381.2712808638753; 
8, -374.5642616395198; 
1, -386.42997891051346; 
10, -360.3352741367271; 
12, -368.7230919927242; 
2, -380.72908875445137; 
6, -385.6258430176531; 
7, -383.2509258511709; 
9, -362.3408467279078; 
2, -384.3743573806423; 
2, -390.5235397054348; 
4, -376.41938101781125; 
10, -393.1123255645798; 
1, -388.97554917003436; 
12, -307.52680586745555; 
10, -353.26570608805923; 
1, -395.9157684614038; 
2, -387.2234749731142; 
3, -381.1485573120299; 
13, -360.8900968115631; 
11, -370.9243512555986; 
2, -383.96598307027307; 
2, -384.66491522396973; 
4, -386.8909134219284; 
2, -387.7962007479655; 
3, -381.4232331493113; 
4, -385.1677599493123; 
1, -387.53062660356227; 
5, -383.02590475020406; 
5, -377.29136993639986; 
3, -383.3160594511428; 
6, -379.38019257933774; 
11, -369.1541161480418; 
11, -344.6495617214241; 
10, -354.00476365762006; 
5, -377.04712635888427; 
9, -380.6739709516405; 
4, -380.2086235110037; 
2, -383.849508225132; 
2, -385.28797068141284; 
10, -339.4858595937985; 
11, -348.5866066127928; 
1, -390.11762864800403; 
1, -387.99885169704794; 
1, -390.1453562445531; 
5, -365.3743185451167; 
13, -338.17792962696694; 
1, -386.683370511033; 
3, -375.8487952224532; 
7, -384.1671514622285; 
3, -381.601544150064; 
5, -379.03618698472565; 
10, -400.5683183003857; 
4, -395.9005780406733; 
6, -380.24244285043096; 
7, -393.6539418580651; 
4, -387.422218467982; 
5, -388.461965286755; 
3, -404.3573037005408; 
5, -393.420563392865; 
3, -378.92707647602947; 
3, -406.2494480000023; 
3, -398.6372367083677; 
5, -376.46996959547687; 
6, -391.5171385566355; 
10, -373.9469614108093; 
11, -305.73467608497594; 
8, -379.6217238564277; 
2, -380.8089842713089; 
3, -376.38952324099955; 
7, -370.838009285726; 
12, -308.1294403576321; 
4, -388.0045796194463; 
9, -361.33292575831; 
11, -320.28995073477563; 
10, -354.0326224030432; 
1, -386.79047610423004; 
8, -380.5111659540562; 
1, -384.981962764723; 
1, -382.68168885682826; 
2, -380.061135466065; 
9, -374.56944677415595; 
12, -349.2459773674491; 
11, -360.26627251716855; 
2, -385.86383574486536; 
2, -375.1359827963024; 
3, -373.0081405018718; 
2, -380.86187141046685; 
10, -366.0411379186262; 
1, -385.70654353147256; 
3, -380.79445682046935; 
3, -395.2437844577362; 
9, -385.56524129882746; 
11, -333.54255402743; 
10, -367.2196328508726; 
10, -352.97968173536356; 
13, -345.62608746154; 
9, -259.2591840090754; 
12, -174.49733290442964; 
8, -242.95254465582548; 
6, -278.33257206188864; 
10, -238.7304080951435; 
9, -215.97268658553367; 
10, -229.20220028649783; 
10, -234.15448541022488; 
9, -303.03487531197607; 
9, -304.2166248015419; 
1, -383.05191622584243; 
2, -375.2759913140617; 
10, -354.9718473830726; 
11, -225.2970154567738; 
12, -176.8969555796939; 
5, -376.6814620188379; 
1, -388.52754869137425; 
5, -378.50921141836443; 
5, -376.94449658942176; 
3, -392.63379679765785; 
1, -389.4726986119058; 
6, -384.5643257199263; 
1, -385.9542636264523; 
1, -389.3107284907019; 
2, -384.31939844734734; 
11, -323.63534421884106; 
11, -332.43290360982064; 
4, -374.4522976792068; 
3, -383.1140339981066; 
1, -384.7749779220321; 
1, -384.494922195503; 
6, -379.41688717206125; 
1, -386.7410397401836; 
1, -386.4118772960792; 
6, -386.5721361473843; 
10, -366.7476251658227; 
11, -338.7101504897; 
1, -382.44997689139564; 
1, -387.9070515563071; 
7, -390.89643722298206; 
4, -379.2544607287273; 
5, -379.2470127279521; 
2, -385.93288667005254; 
1, -383.7252840255678; 
1, -385.37622426456073; 
1, -385.5290836977074; 
3, -374.447356541903; 
1, -387.77000646229135; 
4, -380.64050178343314; 
2, -384.87616622739006; 
1, -387.0215581099619; 
2, -387.39116067878786; 
4, -387.92466274581966; 
1, -390.78681721689645; 
1, -386.27550852290005; 
2, -374.8101617640641; 
4, -375.43702423677314; 
4, -388.53343511070125; 
6, -374.236854839226; 
4, -372.0442377389991; 
1, -383.3447256779764; 
4, -392.5939529260795; 
4, -392.3852311276423; 
1, -388.9195054921729; 
2, -371.21541356365196; 
9, -384.96977845724905; 
9, -418.7184686527762; 
11, -366.17814477020875; 
11, -316.570266180177; 
11, -280.2391620618582; 
10, -268.0464913228061; 
10, -257.0769552568963; 
11, -334.7661022139946; 
11, -102.6094007253414; 
9, -218.72591230482794; 
10, -211.89079451488215; 
12, -163.31680362441693; 
10, -180.38177678361535; 
10, -175.3253085266333; 
12, -179.6761798648222; 
11, -149.36759015297866; 
11, -144.38218697425327; 
11, -107.96471938854665; 
16, -175.25386049191002; 
16, -131.21553345085704; 
16, -92.59588409319986; 
16, -188.25662256070063; 
16, -213.3989546241064; 
16, -107.38775568883284; 
9, -134.95353762232116; 
16, -100.95117463648785; 
9, -137.32737995369826; 
15, -139.78081094188383; 
14, -84.05123927234672; 
15, -83.33697454404319; 
16, -112.48717540310463; 
16, -129.61177959357155; 
16, -84.1103099838947; 
16, -71.65839335936471; 
13, -88.76851669588359; 
11, -200.93416275005438; 
13, -65.81407158469665; 
10, -100.84315525798593; 
9, -168.28268906561425; 
10, -349.64653310278663; 
11, -390.05798049038276; 
3, -389.79934523961856; 
11, -350.8887361274683; 
9, -348.21927524832427; 
11, -280.2294733003364; 
10, -346.8358452618704; 
7, -385.19203910429496; 
1, -391.3189895420801; 
7, -384.75462605332723; 
5, -377.8852636211668; 
1, -396.72338466596557; 
4, -381.5962563614012; 
4, -388.19444077881053; 
2, -385.10031267243903; 
1, -391.2193107655039; 
1, -390.35686835169327; 
7, -375.77601204279927; 
2, -390.0099585047574; 
11, -355.8794795831782; 
10, -331.0488962333766; 
1, -387.6466614093806; 
6, -375.8828421467042; 
2, -391.1472039951768; 
3, -386.21006759113516; 
2, -392.9145195232413; 
2, -390.4727384595899; 
2, -391.3106258625339; 
3, -387.4307350200834; 
12, -363.47115300342557; 
12, -272.4803041473788; 
4, -390.7034119083546; 
2, -378.064099500858; 
2, -382.0923025131051; 
12, -295.7778446607117; 
11, -374.2573480583669; 
3, -383.0342880229582; 
2, -388.2529651543009; 
10, -357.39714343994274; 
11, -230.4538607953582; 
10, -368.023896898987; 
1, -392.7832234837988; 
12, -366.29386938066455; 
12, -375.1195534345461; 
4, -387.6040656394907; 
3, -387.20976479075034; 
1, -393.3240032347676; 
2, -383.095101320243; 
1, -391.3894427580526; 
3, -386.5993301831186; 
3, -389.06916836393066; 
2, -387.8782786539523; 
6, -388.4141665738134; 
2, -386.5344769449439; 
2, -384.3576683079009; 
1, -392.6700013295631; 
2, -387.36588683287846; 
2, -383.7931133506645; 
3, -387.6106304602581; 
11, -219.629899051768; 
14, -324.59813434258103; 
1, -387.4005990723381; 
1, -386.25666249229107; 
1, -393.75561595114414; 
6, -384.5363324400387; 
9, -376.70969014131697; 
2, -383.8536382796592; 
4, -388.6860774322122; 
9, -388.3691118840943; 
3, -389.48914258516743; 
4, -380.25894719499047; 
10, -383.352643314749; 
11, -303.9987954713579; 
9, -366.667862446513; 
11, -294.88760398261365; 
11, -323.72342785290675; 
11, -358.82019258779474; 
11, -278.7939173554478; 
10, -319.35175493737916; 
10, -312.7061913156067; 
9, -368.3774004953739; 
1, -390.3019474684552; 
1, -387.70927471341565; 
1, -389.97000895580277; 
11, -320.794701826293; 
13, -316.81852911110036; 
2, -381.9301216088643; 
9, -340.627160093165; 
16, -322.22960576522746; 
2, -383.93067625083495; 
11, -364.27795942965895; 
9, -325.1299673624162; 
14, -360.03994228946976; 
2, -383.76221683996846; 
2, -384.2767647370347; 
1, -389.6215448298317; 
7, -372.31253835576354; 
10, -343.5098184364033; 
14, -304.76113238563994; 
4, -386.3417032866273; 
1, -392.50225434525055; 
11, -323.87907802293194; 
12, -245.79380249825772; 
10, -361.05562662304146; 
10, -250.1269506791432; 
6, -378.34059929213254; 
10, -351.82076996946125; 
9, -293.13799837522674; 
1, -394.5504543647403; 
1, -393.5657014370372; 
7, -385.66181640324066; 
1, -386.9324453312729; 
2, -385.7511011653114; 
8, -380.0205766139261; 
11, -247.43268680360052; 
10, -362.7366950510768; 
11, -336.23267127547297; 
10, -361.12260467989836; 
2, -381.4730898334237; 
4, -376.0671494176204; 
1, -388.65966400588513; 
4, -374.7014334425621; 
8, -383.02444549879874; 
10, -322.95973112114007; 
11, -269.4886622898921; 
2, -385.74489522198564; 
2, -391.1219356492511; 
3, -380.7516700642591; 
3, -372.60056854537106; 
2, -386.40182784877834; 
2, -385.9529189877212; 
6, -380.49837921129074; 
11, -370.0755072797765; 
11, -371.71624513706774; 
12, -349.91989099484636; 
11, -356.5334056477004; 
3, -386.23123122015386; 
1, -394.87399169706623; 
10, -380.6138667651685; 
13, -322.46582439291524; 
11, -285.58608235104475; 
1, -390.52774387120735; 
5, -383.14626294217305; 
4, -385.5366582958959; 
11, -375.07470086889225; 
10, -275.8216915996454; 
2, -393.37127710616915; 
2, -384.1075038900599; 
2, -404.1568739938084; 
1, -391.9314985523815; 
12, -362.95356996238115; 
11, -354.6708088108571; 
2, -416.81221066848957; 
2, -406.6870507026324; 
3, -392.3981633093208; 
12, -355.1899668026599; 
2, -398.731047836598; 
3, -386.33453271735925; 
2, -384.84392442024546; 
2, -408.0438233030145; 
2, -418.1113461907953; 
2, -420.60544595553074; 
2, -398.25903093695524; 
8, -367.77530795437633; 
11, -346.6710222887341; 
12, -354.03592728992226; 
3, -390.2899290648347; 
3, -392.3497673785314; 
4, -390.79959370719735; 
6, -388.5814265961235; 
7, -376.1857023591874; 
2, -386.9540069758659; 
3, -384.89793621667195; 
2, -392.4377456912771; 
2, -390.4244903041399; 
11, -315.65774182305904; 
6, -380.5555003983027; 
3, -389.4950224312197; 
2, -383.5515099634649; 
4, -384.0643075281405; 
11, -290.6744920340134; 
13, -283.0292483631347; 
2, -390.8886426270474; 
9, -371.6310310685367; 
2, -387.8960119963158; 
5, -381.7479957151809; 
7, -383.68844636622816; 
2, -382.4140977944189; 
11, -310.2684859923902; 
5, -382.5330188945518; 
3, -389.81345279488596; 
4, -383.1431765766174; 
1, -387.8469564868137; 
4, -391.2958645914623; 
9, -383.7340643928328; 
3, -385.9658010971616; 
3, -376.29077696305467; 
6, -381.8055068216345; 
4, -379.84255767881405; 
9, -371.04972549143713; 
2, -393.9371003767592; 
5, -369.5673943621805; 
10, -317.35840353771346; 
10, -226.30569080653368; 
11, -281.9974115254008; 
2, -392.4517460789066; 
3, -380.40968603195506; 
1, -384.9367614581424; 
12, -355.4328532930522; 
4, -386.5298943477683; 
7, -379.10160916976747; 
4, -386.10409696167335; 
9, -284.58145899674855; 
1, -389.86241576849716; 
11, -335.71543133218074; 
1, -400.36935899348464; 
2, -381.2737024278031; 
3, -398.2262495623436; 
2, -406.91715953862877; 
10, -406.64546265473473; 
11, -391.1568374091876; 
13, -406.7404893190833; 
11, -369.22555800987175; 
2, -391.5007446662057; 
2, -395.4356397049851; 
4, -378.5339963501028; 
12, -347.7119029563619; 
10, -342.5804690414516; 
4, -377.27257881560945; 
3, -381.0071963907685; 
3, -371.68652821402065; 
2, -388.302622950403; 
4, -375.8957305577933; 
11, -381.92309667589143; 
10, -379.3617990108032; 
10, -329.68083329559886; 
7, -365.7379088861926; 
13, -272.2378077726171; 
13, -344.75543394775013; 
11, -247.27576631022384; 
12, -334.5111821081955; 
1, -393.9205344780348; 
3, -389.19854975055205; 
12, -373.0222754027636; 
11, -230.8134655491449; 
11, -289.2417868251796; 
11, -336.3787787433248; 
11, -342.465787311201; 
11, -308.87588941751164; 
11, -234.8647838939214; 
2, -388.21117256901925; 
4, -387.02129718853394; 
1, -391.0872108551557; 
3, -388.8661165640224; 
5, -382.4225756008527; 
11, -354.741002552124; 
11, -362.69733810433536; 
11, -368.03125772910425; 
9, -315.21511691834894; 
9, -372.972258830443; 
1, -391.55958339269273; 
2, -390.089236046304; 
2, -383.91626946401084; 
1, -386.95251599681797; 
12, -331.29906105529517; 
10, -360.8082540027681; 
11, -383.25142099606455; 
2, -384.9610152936075; 
3, -387.5332813289133; 
3, -387.7642572331242; 
1, -385.5129858801374; 
2, -385.63781448535156; 
13, -273.46509569353657; 
11, -228.10479957953794; 
1, -396.4578217641101; 
11, -285.6124738770304; 
10, -310.0623286861228; 
10, -320.97478416073136; 
1, -397.7471760905464; 
12, -251.65332574490458; 
11, -290.1270054675406; 
3, -384.7030991453212; 
3, -396.65744524804177; 
7, -370.4351067824755; 
9, -264.22221778531093; 
2, -388.79696479736594; 
4, -385.53964208747493; 
14, -383.32262956671184; 
1, -388.48226793069625; 
12, -288.0139594267821; 
9, -358.73823530005757; 
2, -389.22824947146; 
1, -385.9644313316094; 
2, -384.4744272432872; 
10, -385.7303797035129; 
2, -384.76406776648946; 
12, -317.02688455290627; 
13, -285.39272118528606; 
6, -383.72351091727614; 
11, -292.95577853446594; 
10, -343.09874281834345; 
7, -372.29693056608085; 
5, -372.3804733558791; 
3, -381.57583167310804; 
7, -364.5006690750597; 
2, -382.3115901472047; 
10, -383.9332447692286; 
4, -377.5927277372102; 
3, -370.3500221527647; 
6, -394.52160186850233; 
2, -394.2982535241172; 
2, -389.9563409864786; 
5, -385.2700762326713; 
3, -380.7723275733297; 
4, -384.6424031290808; 
2, -400.948683310824; 
3, -405.80867070436943; 
4, -406.7872293450637; 
9, -407.5355095323175; 
4, -411.35104095272254; 
3, -417.69786754495; 
3, -396.34567903529387; 
2, -388.10048877535155; 
10, -233.457982691878; 
11, -266.0745439803577; 
4, -383.1106385863386; 
6, -381.6181273032562; 
5, -369.73621493339306; 
3, -381.7389143478358; 
2, -383.0142901481595; 
8, -374.56767834024504; 
10, -293.5640805498115; 
11, -286.08725842955755; 
7, -374.7918103171396; 
2, -391.4979087621323; 
3, -388.62801357300486; 
6, -410.27072935103206; 
10, -405.9638758231886; 
2, -403.98281957709696; 
2, -402.3431579747121; 
2, -395.92278440482914; 
2, -392.9381834130618; 
2, -402.0709167137975; 
6, -406.66438983171247; 
10, -383.68935316975694; 
3, -421.9722671653144; 
2, -405.80802858097013; 
3, -399.1416357907001; 
2, -407.9275365405483; 
2, -396.12972537986934; 
2, -387.05373927095206; 
3, -372.1598216862185; 
3, -376.9392607480986; 
11, -334.60071225708816; 
12, -256.20649650192354; 
1, -387.86368838505587; 
1, -395.1236118605593; 
1, -387.73750926629873; 
2, -374.61057014146354; 
2, -381.3326023798436; 
11, -371.0613784623565; 
12, -351.8466060339706; 
4, -382.60852051433176; 
5, -388.0101359549444; 
5, -379.1543003068073; 
3, -381.2153632915579; 
2, -386.09087556618033; 
4, -369.9820995690534; 
3, -379.91967983404174; 
3, -375.10255336906994; 
4, -384.5988702843897; 
4, -379.2900321719353; 
6, -405.6605210227426; 
4, -400.595149055589; 
3, -388.0030677742325; 
3, -401.7767269292963; 
3, -392.9914266279666; 
8, -398.5113173024729; 
10, -392.8378813584568; 
3, -398.20886726950994; 
2, -412.91900984110544; 
2, -401.5985045656562; 
4, -390.30225869390415; 
5, -384.68490006541833; 
2, -381.4482060399605; 
3, -371.957813440531; 
4, -374.44159179297276; 
4, -377.5022624687408; 
1, -388.93562316696625; 
2, -383.88182698132005; 
5, -368.03084334312007; 
2, -380.1753055698937; 
2, -379.6411751647247; 
1, -385.6206940911361; 
6, -370.4931954431231; 
5, -381.25104106374783; 
3, -379.9099324287963; 
2, -380.785206728091; 
6, -371.33830048236996; 
5, -376.6847009502235; 
4, -379.17196518415585; 
4, -383.3848236692138; 
3, -376.75274162273854; 
2, -379.4518061973504; 
8, -382.89001416781684; 
1, -390.3788384491345; 
1, -385.74658560869284; 
11, -258.637128436123; 
11, -240.97273120249156; 
12, -283.94553175067995; 
7, -362.39868003927404; 
1, -386.39671165210893; 
2, -391.5129580255598; 
10, -374.86062065081205; 
11, -267.27216283621965; 
9, -375.8470083530992; 
11, -267.7115715803229; 
9, -292.4185200224747; 
11, -321.21807872870704; 
10, -288.0401479395805; 
15, -390.1165967672132; 
2, -383.79985522443894; 
4, -389.2727153742453; 
3, -379.49171167693567; 
1, -389.5703014858882; 
3, -378.2042287918157; 
2, -380.53979004279245; 
13, -334.8261778324377; 
11, -278.12636617949465; 
11, -368.0111834555282; 
1, -388.5859997096122; 
1, -388.3832729298738; 
11, -378.58599882153794; 
11, -323.8131249664584; 
2, -389.34378419216955; 
11, -258.69081171718426; 
11, -252.55802455166122; 
10, -226.7898272817256; 
10, -334.3146550797974; 
3, -396.6868567097117; 
2, -388.475899049663; 
1, -391.2225190241588; 
3, -384.5840308232582; 
8, -379.42352289741393; 
1, -387.46086892014137; 
1, -391.7114034637343; 
2, -391.1563886546064; 
1, -397.21389371715486; 
1, -393.68662204564316; 
5, -387.9500590026728; 
1, -393.31064014002914; 
7, -379.9640498771914; 
4, -388.70718847680837; 
1, -390.77982699498534; 
3, -390.5936644281028; 
5, -379.1326856719097; 
7, -380.8168568579131; 
2, -390.48756400565617; 
12, -315.84415625885595; 
11, -247.48378577304538; 
7, -349.8651252336567; 
11, -255.17305618268438; 
1, -387.44595913100056; 
4, -390.33426444482757; 
10, -266.40789707622025; 
11, -261.1409935649135; 
4, -379.61398596293293; 
6, -380.50412054976914; 
1, -395.1395188474562; 
1, -392.6492407936021; 
1, -386.2795385813224; 
1, -393.94117264135275; 
9, -376.3721409807913; 
2, -381.3164018748794; 
1, -388.15005688293604; 
1, -388.61042310885387; 
5, -380.5667122711311; 
1, -385.32116805482656; 
4, -381.36185346584534; 
3, -400.99344723683316; 
5, -378.89484435576014; 
11, -341.599895973166; 
9, -351.2168167299824; 
4, -376.11767540860455; 
3, -376.49169528245693; 
2, -380.82552375941304; 
5, -375.0243559088558; 
6, -386.93469571275637; 
4, -380.9473842649604; 
5, -370.4169055025559; 
3, -377.98429949377896; 
11, -318.4074047890026; 
12, -243.31880800041836; 
7, -346.5394871078897; 
1, -386.1959563284763; 
1, -396.8774304445833; 
11, -247.68930901685962; 
12, -269.01820511289407; 
10, -259.9600426306715; 
11, -196.1105633615516; 
12, -249.54902041022433; 
12, -263.1655287448666; 
10, -335.6720197641407; 
5, -386.3418604931212; 
2, -388.2529444579268; 
7, -385.3667540954775; 
1, -387.5339522634167; 
2, -382.41784643300343; 
2, -383.74681936076377; 
7, -376.5459807116422; 
2, -386.8136102874414; 
1, -386.71404067694675; 
2, -386.58765335858334; 
1, -385.2460636339383; 
1, -393.40871605224675; 
2, -396.41140676045325; 
2, -394.91177866153885; 
3, -386.86629989836365; 
2, -381.6909252856858; 
11, -352.7742683936958; 
11, -314.24777337908745; 
14, -215.1955526060774; 
2, -381.21267408522544; 
12, -352.9363957279711; 
2, -381.2047461197362; 
3, -380.1931999671506; 
2, -385.98544382239925; 
1, -385.39941056992393; 
11, -243.57730890141102; 
12, -251.69695584703004; 
1, -384.63483667280525; 
7, -370.2551886816509; 
1, -389.33500152197666; 
10, -323.29841633932665; 
11, -330.242211906414; 
5, -370.07860157627147; 
4, -379.7556369866943; 
7, -370.84036381018814; 
6, -380.78233750822255; 
2, -384.0206334000686; 
11, -340.6042594061; 
9, -325.5978494997835; 
10, -334.1440488677472; 
11, -291.7754850736237; 
9, -318.23045449971687; 
5, -377.8281275338377; 
4, -379.1789575392613; 
1, -388.3420890906127; 
2, -381.48366566724144; 
13, -344.09848705044715; 
10, -334.2265859003528; 
11, -308.50974464486353; 
13, -212.41095891478471; 
12, -271.70723841671133; 
3, -378.2205041235429; 
2, -382.96320942556486; 
4, -381.7164324488258; 
12, -369.4241842330666; 
12, -239.57738808885915; 
9, -344.7292566698161; 
10, -251.48201148211956; 
11, -314.94427798653487; 
13, -250.21016048529418; 
9, -324.19410636246903; 
2, -387.28368221310666; 
6, -373.6294117741054; 
1, -392.89628343918594; 
11, -354.2025052146055; 
10, -290.2665721055819; 
8, -359.27390796510736; 
2, -386.4084090702818; 
4, -376.0755382477655; 
12, -209.82778810017044; 
11, -219.11714834539453; 
11, -271.6818382681231; 
10, -296.3741598047782; 
11, -287.52409789781086; 
10, -328.83904709271155; 
12, -388.17924367729574; 
10, -373.5646513461834; 
9, -362.2293932820321; 
10, -247.29388265160378; 
11, -246.39024154277286; 
12, -194.20381448674016; 
9, -236.2164081694791; 
15, -234.91888514661696; 
4, -371.85544175852556; 
14, -265.60557860089466; 
11, -363.75160886888625; 
1, -389.2330607166514; 
1, -390.96990659844596; 
3, -391.7284989301115; 
3, -382.5460717775277; 
2, -391.77534829988144; 
10, -181.66290179622592; 
12, -297.68652411951916; 
12, -288.3426840924076; 
13, -302.011433840089; 
11, -330.6099517319235; 
10, -367.0155703986529; 
8, -361.42797857132973; 
7, -379.21224267064827; 
11, -258.80843458365416; 
11, -264.74903968709987; 
6, -382.19078984408407; 
4, -388.2124680484412; 
5, -386.19668568792986; 
1, -391.63886503333924; 
1, -397.0063040886307; 
2, -387.6857317981776; 
11, -332.5570210236474; 
12, -282.04660405934555; 
9, -283.6280123597826; 
10, -339.39857212710194; 
10, -324.1687402463285; 
4, -382.97375914035365; 
2, -382.91870833042776; 
4, -371.94520331558306; 
12, -176.58285108971177; 
12, -266.7892767857993; 
12, -215.24264628259698; 
5, -382.1486138154869; 
2, -384.23910285322927; 
12, -245.04195620666724; 
10, -282.21489603165537; 
12, -261.4461907556979; 
10, -232.7440552318003; 
13, -282.748235667008; 
2, -389.18331555702025; 
2, -378.68679298151983; 
7, -378.90603900910355; 
2, -383.44974388025; 
2, -377.62239201704506; 
6, -368.97555830021156; 
4, -391.1959633679944; 
2, -386.1147191179916; 
2, -375.0696824810584; 
1, -386.92789326474303; 
1, -384.38018311653286; 
1, -390.75571607257007; 
3, -378.9956574724638; 
1, -394.75535547721665; 
3, -380.0622556542512; 
1, -390.9071650222759; 
2, -383.52481088700006; 
1, -386.61817735183286; 
1, -385.075609314139; 
5, -386.2143959731329; 
4, -371.73610275343526; 
4, -374.80838465789566; 
3, -388.00422837847145; 
5, -379.3969855658943; 
2, -391.2500036522979; 
11, -243.44332701724488; 
12, -326.50429768435424; 
3, -388.63280938437674; 
1, -388.1303726886399; 
10, -304.99214758491144; 
10, -235.6347217024304; 
11, -240.11510552663822; 
15, -290.3232723653782; 
15, -345.88356777542504; 
11, -239.00721764937043; 
11, -329.8576726494357; 
1, -394.2344767393661; 
5, -396.3752876672079; 
3, -401.4493568816688; 
6, -397.87633575371; 
5, -407.17786132195033; 
4, -397.22210576955695; 
1, -405.6862936001853; 
9, -370.1183364991448; 
12, -372.20588081656024; 
2, -404.3482975902152; 
2, -382.46854039182654; 
11, -234.64112496585585; 
13, -281.9188052471727; 
2, -379.76668184128357; 
10, -380.62555255397456; 
3, -378.05008288653335; 
2, -389.69312916352646; 
11, -220.5828632992343; 
12, -227.87820930266753; 
1, -387.2826406194363; 
6, -381.86254692822695; 
12, -373.71713194594486; 
9, -288.0219868430868; 
12, -226.7586124142399; 
12, -277.7164704982424; 
6, -390.1789742875262; 
14, -232.39706300012767; 
10, -301.7459807218984; 
13, -362.9221455017687; 
8, -374.1435409472906; 
11, -199.91419627395226; 
14, -330.02903069811873; 
1, -382.328296099673; 
13, -351.551891897514; 
14, -197.96027249126928; 
10, -365.2074203385855; 
13, -270.2406194857904; 
11, -239.33034982043318; 
4, -384.2629549619742; 
12, -255.56441022234503; 
12, -270.8939934702357; 
10, -293.6413999203942; 
11, -197.5478853516397; 
11, -312.38449569634395; 
9, -285.2723882631981; 
11, -207.6035794246709; 
4, -369.764983458037; 
4, -381.0689522983739; 
3, -383.5899789953255; 
6, -379.817273598921; 
10, -207.91979503590846; 
12, -199.74639024731005; 
12, -309.3353609924088; 
11, -215.14253539557103; 
11, -202.68967753555626; 
12, -248.81672218599124; 
10, -176.80689738312503; 
11, -222.12174675188726; 
11, -240.75421215681126; 
13, -193.1917072245269; 
9, -310.5767502813251; 
3, -383.3372566131875; 
3, -382.41356068418827; 
1, -391.2731557295192; 
1, -396.5491968258866; 
3, -396.55917626200244; 
4, -407.1792791248299; 
4, -400.9510016089189; 
1, -392.75488795904675; 
3, -398.20845791051397; 
2, -390.5494454986183; 
1, -388.9196227584616; 
2, -387.5207567923353; 
1, -396.5365769814234; 
1, -384.5163936271565; 
3, -392.05209690949414; 
1, -387.4754219960887; 
3, -383.66122048016405; 
10, -336.8850835390622; 
11, -228.77981502981856; 
13, -365.1127487451304; 
2, -383.1229910766124; 
3, -388.00680559052853; 
1, -392.72629109036643; 
9, -356.7064527931507; 
12, -319.9362982538878; 
4, -377.8797737954883; 
3, -379.0321225296939; 
13, -306.5057750226115; 
11, -338.9936520655174; 
2, -391.81727905443404; 
11, -188.8285294751986; 
12, -190.49144209554652; 
10, -286.68295231170487; 
12, -303.03929875110043; 
11, -205.75569413392805; 
9, -376.8252542131813; 
13, -364.9930594037287; 
9, -251.52755762793822; 
1, -383.5742387106875; 
2, -380.0222539296374; 
1, -383.74605180410435; 
2, -378.85079859016696; 
2, -385.9796175773954; 
1, -390.79320738837123; 
15, -359.90561780391727; 
11, -202.97718809975777; 
11, -231.59839965973515; 
11, -227.76400592172286; 
12, -170.85319566674298; 
1, -380.39281756442506; 
4, -387.46904159500264; 
4, -380.5138225755072; 
9, -312.1517303478904; 
12, -352.86474806116894; 
2, -383.2855208553956; 
1, -383.33054050366627; 
2, -382.5828689277405; 
1, -395.2266924811411; 
7, -373.3506086496636; 
1, -382.6998337066616; 
1, -389.34870286635123; 
9, -343.0206575272023; 
14, -261.7681786637404; 
1, -392.78244705213; 
7, -324.67937036126386; 
11, -271.80861861555604; 
5, -367.7879864491988; 
2, -375.4484295846196; 
5, -385.3501897964743; 
1, -388.8193782629678; 
2, -386.8126179695828; 
14, -300.9678115454735; 
10, -279.91690877685323; 
12, -264.1916976434877; 
12, -210.96802471589763; 
10, -237.7110805886332; 
13, -274.6478703295579; 
11, -347.449351936928; 
3, -388.5546307603945; 
2, -389.6826233784668; 
3, -372.83314465766307; 
5, -365.6071792014409; 
2, -389.5927882435499; 
5, -377.6329419185058; 
3, -380.25864043540787; 
3, -382.654620742891; 
1, -389.17091894120676; 
4, -385.2277693738579; 
1, -385.65061141963815; 
3, -373.7117832098156; 
12, -283.90644874080317; 
12, -296.9838406802737; 
9, -334.2623714134097; 
8, -317.3643574253074; 
12, -242.30273146921536; 
11, -197.80041445733514; 
13, -340.0884486340801; 
9, -313.6940205534338; 
7, -377.7331122488831; 
1, -392.6182334268815; 
7, -371.6179398445529; 
3, -380.9992402474163; 
1, -384.9371065595187; 
2, -378.54232201265404; 
11, -342.8456065450446; 
10, -267.59518792363815; 
10, -207.34347697522026; 
9, -350.3818256332888; 
1, -387.0125650423579; 
2, -388.1232799113495; 
4, -382.58969106606673; 
2, -383.97593720210716; 
5, -380.17126608471153; 
10, -299.520693724975; 
10, -254.36082556215115; 
9, -268.77283377567073; 
11, -174.7483961462276; 
10, -336.2115513033932; 
5, -374.4577186917886; 
2, -382.54691329272464; 
5, -373.4131042219233; 
3, -385.0503127045231; 
2, -391.36794258782174; 
2, -377.6176716511836; 
2, -373.60695969191147; 
4, -384.906262905919; 
4, -376.1055756412097; 
3, -374.32982897688635; 
4, -378.61208732199157; 
1, -387.6279946359573; 
2, -384.9943039424834; 
3, -378.97769622469787; 
4, -377.6745577317779; 
5, -378.11733998236014; 
2, -381.73196154355537; 
1, -387.50380344246514; 
3, -381.13733450352447; 
2, -375.9665816021734; 
14, -333.23742473934544; 
11, -297.10412801860366; 
3, -382.3361138931941; 
3, -384.0245485358755; 
12, -236.8211583350785; 
11, -286.81334581103874; 
1, -385.1469899235526; 
11, -170.379178109637; 
10, -189.28435975679895; 
11, -215.68872488912893; 
4, -359.87676322384505; 
4, -390.07108094607247; 
1, -387.2228636367945; 
1, -384.94603570748586; 
2, -378.8319327610079; 
2, -387.1851468888344; 
4, -375.3625465417863; 
2, -379.74789619323565; 
12, -383.6827553813928; 
8, -374.4221479387488; 
11, -305.4708062778809; 
10, -303.66728875471745; 
12, -380.7451141413185; 
13, -225.27489941153908; 
12, -324.4062832513591; 
12, -217.12436122854706; 
9, -359.0047603949206; 
11, -382.21617377729854; 
9, -386.7257636964787; 
12, -330.51595832197927; 
12, -367.6619448993588; 
11, -360.8653421186609; 
11, -385.7197188764694; 
13, -378.4566977676004; 
11, -155.23947060696082; 
11, -294.47503873723326; 
10, -349.55854633351555; 
9, -262.58059650700307; 
11, -175.46648746565916; 
12, -297.90464620117564; 
3, -385.8695757134119; 
1, -396.43917034578044; 
2, -384.3804350203136; 
4, -387.3412259807228; 
6, -380.35621037648525; 
10, -249.68809972290182; 
12, -220.7881528112921; 
12, -174.03450272534974; 
12, -306.025924773945; 
1, -393.48241192044225; 
1, -391.9666854473762; 
12, -198.23501374595799; 
12, -304.1360747233266; 
4, -387.5108253598446; 
1, -387.1082284760196; 
11, -265.5831763522001; 
14, -306.5572439361131; 
4, -380.9805523022078; 
2, -384.6792719523655; 
3, -380.04606988548767; 
3, -383.49485808296595; 
6, -375.02863869362045; 
2, -379.0142001004424; 
7, -387.3513847741997; 
3, -385.7555671003647; 
2, -382.16508548520505; 
11, -311.9598701232462; 
11, -220.3786124344333; 
9, -307.0010787277133; 
8, -323.9427831780049; 
10, -171.62633702385938; 
9, -342.87901242793305; 
2, -385.67764034622815; 
10, -338.97518835787196; 
16, -358.0125732306042; 
1, -391.25130676699337; 
2, -379.1499168596929; 
3, -385.48269152629655; 
5, -376.17972648271825; 
2, -377.3487624491099; 
2, -384.6434354686644; 
7, -380.96649396122666; 
3, -382.874814645038; 
2, -381.3193731623469; 
4, -375.31888533360325; 
2, -391.89944641815964; 
2, -391.5756114865653; 
1, -382.4906837709714; 
2, -380.3227431445848; 
2, -381.47397473466117; 
2, -382.6172361517092; 
2, -378.350757164415; 
14, -372.6161955703283; 
4, -377.9608835107647; 
2, -393.97135202784557; 
3, -384.6943893423304; 
3, -385.3404713978525; 
12, -240.98521057947073; 
8, -329.02292026462965; 
4, -371.82447766244877; 
1, -381.7421617266955; 
2, -379.096911159344; 
3, -377.97276510181837; 
2, -386.5638493865263; 
3, -385.87560913688503; 
2, -381.4093365052249; 
5, -376.67539539176505; 
7, -368.7818868558388; 
11, -276.16690550133353; 
12, -363.99718621140346; 
13, -302.6372740427032; 
12, -227.48457990097813; 
3, -395.0364566098433; 
2, -389.0811016873922; 
1, -386.6475970542524; 
1, -382.92179699090775; 
3, -388.19978778250515; 
1, -386.21353281568736; 
12, -207.82369556825142; 
11, -263.92305948765716; 
1, -381.5303177488968; 
2, -388.70514945080504; 
5, -375.01839174015913; 
1, -386.66185681161005; 
10, -332.9340630507213; 
1, -393.7853826157516; 
1, -384.9594457867788; 
1, -386.7884963299148; 
2, -381.4159627269255; 
3, -384.6927456596168; 
10, -309.2533352939645; 
10, -232.417712610506; 
7, -367.43845159735065; 
2, -389.85752283921465; 
9, -383.8936882552225; 
11, -311.12790590844816; 
11, -244.31676718231756; 
10, -354.88666153349914; 
10, -315.65650624083355; 
13, -344.69513056776486; 
4, -387.13620476052165; 
12, -147.12068829871714; 
13, -342.9164589853026; 
13, -287.13635209808126; 
8, -368.26017303427216; 
1, -396.30067127593793; 
3, -384.69102725735866; 
4, -387.3605107871117; 
3, -388.67324860335793; 
2, -404.7396654395852; 
1, -392.7286648876034; 
10, -367.8142189916689; 
6, -364.28031198028475; 
13, -238.18110913131386; 
9, -266.99554226594046; 
3, -386.7826542267576; 
3, -385.029563472257; 
1, -383.15620740223676; 
1, -383.51743594545405; 
10, -242.92895504494663; 
13, -206.0475711969193; 
11, -340.532436626032; 
3, -372.91965601511765; 
1, -385.8767210105434; 
2, -385.266914571519; 
4, -381.31511280406266; 
2, -379.04186101444066; 
5, -382.0179925150005; 
8, -336.6462692692876; 
11, -360.9176079281606; 
1, -382.6568642265629; 
3, -380.50285263056867; 
1, -382.7503943837946; 
9, -387.4289584357757; 
3, -381.7251191306859; 
2, -384.99977308127563; 
2, -385.11467441916466; 
1, -383.4131484858226; 
4, -374.98763605603017; 
13, -270.7197632570751; 
13, -271.9486690745689; 
10, -233.15041626850143; 
9, -221.15774704294745; 
9, -265.6292714832816; 
9, -335.94368298491463; 
4, -379.7260418513324; 
1, -385.0781458634883; 
1, -378.6109407453332; 
1, -387.02861527574714; 
1, -389.6797695416026; 
2, -388.4793471256271; 
6, -381.7313720821403; 
12, -317.00851652852725; 
13, -338.1324730698252; 
11, -220.08004297688603; 
9, -362.4490769158583; 
4, -380.90592545398977; 
1, -387.76815339911263; 
3, -398.9359851576155; 
3, -372.57928360952064; 
4, -388.0627798215719; 
2, -384.1495592290303; 
3, -378.6591288950294; 
3, -378.73916040279437; 
4, -387.7432286454132; 
4, -383.3037846132647; 
2, -388.5338212046772; 
10, -333.6888988207793; 
2, -384.59817328094505; 
11, -378.87277907365933; 
3, -383.5539582213387; 
4, -376.78504642506596; 
5, -374.96100270410534; 
3, -385.1654486738844; 
2, -384.05930980423; 
4, -366.81386113062035; 
8, -371.4956432871986; 
2, -382.7253534279298; 
3, -383.91317243280355; 
14, -202.3156799847493; 
5, -376.52353119663894; 
4, -379.73527751432266; 
2, -375.526401107898; 
3, -383.59500957571436; 
1, -379.020419204724; 
4, -371.3026611225214; 
3, -376.56485979864374; 
4, -372.03886174270883; 
6, -380.99935578519944; 
15, -364.80688772920985; 
4, -378.70643453940284; 
3, -380.8780925901374; 
2, -385.20978157548234; 
3, -389.24140193511266; 
2, -384.03722629637923; 
2, -371.9246094279224; 
4, -381.78117198694963; 
2, -377.9364027052652; 
2, -375.3790828259662; 
6, -372.88839837140404; 
3, -374.90045589441434; 
5, -370.32038382126484; 
5, -380.3475303022424; 
4, -375.2343342526583; 
3, -375.9191293894546; 
3, -391.1921191406436; 
4, -377.66652281279676; 
4, -373.04038268653676; 
3, -381.5306341617834; 
1, -381.06247071071994; 
3, -371.3900184551021; 
3, -379.74821104609873; 
3, -378.0536655454198; 
2, -397.30282649223227; 
4, -382.9019232445862; 
6, -373.56259186472744; 
2, -376.3964548603399; 
4, -373.90158686134964; 
12, -368.4796463382663; 
3, -380.82183664047625; 
4, -370.52290758211166; 
3, -389.6819719830528; 
3, -386.781883587013; 
1, -389.38353017088957; 
2, -391.6598452462349; 
3, -373.3895212491043; 
2, -378.8483401039848; 
4, -368.4279635294806; 
3, -370.50238172046375; 
4, -371.90575854317285; 
4, -378.3542066126829; 
2, -377.23496237176005; 
4, -376.63271489425097; 
1, -381.00874164304696; 
3, -376.67715608584695; 
5, -378.0257294232724; 
7, -378.73289895860944; 
2, -374.66611165273935; 
5, -372.00538507837337; 
2, -380.2125233846018; 
4, -376.81146264460403; 
5, -373.441186852986; 
4, -373.2917334038066; 
1, -383.3310209766496; 
3, -374.28807166719344; 
4, -379.84547642362304; 
3, -374.71970666688867; 
3, -389.07190311851446; 
4, -377.5230115109589; 
3, -395.50879085843917; 
10, -320.9900469845161; 
9, -228.43657779158093; 
10, -249.85589532449376; 
9, -344.55507875594776; 
3, -382.5793007146567; 
13, -291.84658676793333; 
11, -272.79409735731315; 
2, -391.97400271485094; 
13, -301.69736154016573; 
15, -278.2341346582398; 
16, -288.66414953174535; 
11, -237.5177830704488; 
12, -236.71421710785944; 
11, -226.02376033144537; 
9, -321.50742117350455; 
11, -257.3402518745279; 
11, -288.75105903006624; 
7, -368.39405162236653; 
16, -281.8298714715056; 
3, -383.19231318461243; 
11, -330.66631807759404; 
13, -313.1674912599847; 
11, -315.6352193298517; 
14, -343.59575545368716; 
3, -381.9865789604373; 
3, -377.85626120469533; 
6, -370.5223563334439; 
6, -370.12276812433265; 
12, -304.5751882775221; 
10, -230.53039536823053; 
9, -275.66767650900874; 
2, -384.33945345750544; 
2, -386.1150006033713; 
12, -198.0037350198254; 
11, -310.65016657917295; 
1, -385.29863030964043; 
4, -373.54964626627043; 
5, -370.155628309818; 
2, -380.9441297238227; 
12, -245.2433263391722; 
12, -213.77196389972232; 
11, -222.39075076091103; 
3, -381.15869770455174; 
3, -382.6320165427169; 
1, -393.48691383900587; 
2, -383.0242846918991; 
2, -389.90793273656163; 
3, -381.39640135946684; 
1, -397.44525874743704; 
5, -375.30205645470414; 
3, -378.41315829905216; 
5, -363.8109261622885; 
2, -377.03472938842606; 
5, -363.8676242377842; 
4, -370.1044315255713; 
3, -384.6948305479018; 
4, -382.47847459849436; 
1, -387.8437506555347; 
5, -372.31398785708006; 
4, -379.21897003939375; 
4, -378.83700050925836; 
4, -374.86650783766527; 
5, -389.67474739649333; 
10, -293.47883664246183; 
10, -377.1613984378055; 
2, -374.4883891076315; 
6, -355.66009944479447; 
11, -301.9396684912499; 
12, -354.1612147077685; 
3, -373.8130119199632; 
2, -371.4670015866868; 
3, -376.18225332861766; 
2, -394.1900585911935; 
2, -384.03214198432397; 
5, -373.72211219382007; 
7, -362.80259078531526; 
3, -381.8430124602746; 
4, -368.522974012536; 
2, -375.33216335391626; 
2, -384.3983267185977; 
5, -370.2537633511238; 
2, -379.68018308270257; 
2, -381.55701780854724; 
2, -378.2028018295532; 
4, -376.9892570938682; 
2, -383.75431385077536; 
1, -378.99094548495486; 
2, -377.06620349758305; 
3, -377.8653658917174; 
3, -379.48331734223757; 
2, -380.5993523118086; 
1, -388.96780794335064; 
2, -389.76484075631015; 
16, -338.5341736066621; 
10, -293.4502964504063; 
1, -395.24118602112867; 
13, -295.1744729533093; 
13, -209.26565544959158; 
16, -327.64721602923237; 
11, -387.97325185965747; 
1, -380.9142142503988; 
3, -393.07339298631996; 
2, -382.18267399899196; 
1, -398.2620013243286; 
5, -383.4043761685025; 
1, -384.6113045645179; 
4, -389.8505999352783; 
9, -321.3098039103206; 
10, -283.03083410370164; 
5, -383.55649117648136; 
9, -315.40061020909343; 
13, -256.4903399879113; 
11, -212.7034196361201; 
11, -297.3330004926538; 
16, -278.67062739946414; 
5, -379.00673976703547; 
4, -380.42527121142484; 
3, -382.1171387063805; 
2, -383.41024465323426; 
9, -337.42664266657084; 
11, -321.3112303148955; 
6, -361.87277663790155; 
12, -321.0333050119225; 
12, -279.54331364121754; 
8, -346.8151907597203; 
4, -367.4233355721226; 
11, -364.9215588180814; 
4, -366.0051414621994; 
2, -377.7756898762891; 
2, -375.73734717653133; 
1, -382.68289054674096; 
1, -385.877641101717; 
4, -379.1809109179303; 
13, -238.33760776149575; 
10, -296.8200033027679; 
3, -390.99931222898886; 
1, -393.357522044098; 
3, -364.78657123213634; 
5, -366.88226907805074; 
10, -308.6703813065542; 
9, -305.5195947304601; 
8, -383.064437362249; 
2, -385.9488220248604; 
1, -386.6485481420532; 
2, -383.9700348221231; 
1, -390.5429348453181; 
10, -336.2153908787295; 
13, -223.57745812891517; 
11, -356.22988350724336; 
3, -381.8577248285292; 
14, -364.6908293828601; 
1, -397.3388908432098; 
1, -386.07810401311144; 
3, -378.5697775995359; 
9, -296.51826972619165; 
14, -332.94245170848444; 
10, -283.0469512620475; 
16, -316.02870611066464; 
1, -386.0192488024477; 
1, -386.76247457484715; 
4, -386.74316121975426; 
2, -389.2002072996693; 
1, -391.31506406737026; 
13, -255.3675314791035; 
12, -327.0421548244776; 
12, -322.69400177977514; 
3, -383.5598927232204; 
1, -392.56743726623245; 
7, -382.0799255624879; 
2, -385.100563266431; 
7, -384.0069918022491; 
5, -383.46395782614127; 
5, -384.4245726476656; 
12, -275.7864829922328; 
13, -170.0943257943727; 
9, -381.6733454930363; 
2, -380.21424886374734; 
2, -375.11963425786234; 
2, -377.2532368719112; 
4, -376.6925760998856; 
4, -379.1828108172631; 
3, -371.6595407552086; 
2, -385.371859112056; 
3, -374.5017157322727; 
8, -366.43226956226863; 
2, -376.5538613102399; 
4, -385.65421473956667; 
3, -373.7219998103101; 
3, -368.7868516308954; 
8, -369.8137666177936; 
2, -378.65250774426386; 
13, -349.7542408788577; 
13, -199.9942014105618; 
14, -323.5888953576796; 
3, -371.17887365142815; 
4, -364.96624502772465; 
2, -384.3705624459544; 
4, -370.0949141526362; 
9, -373.396543931216; 
4, -374.9049703780329; 
2, -370.1130757674109; 
2, -377.4192952743033; 
2, -374.8697180713061; 
1, -389.73037926934194; 
2, -389.05723856936675; 
4, -371.9223415653687; 
3, -381.40919028117787; 
5, -366.5645980592817; 
4, -376.38825403735973; 
3, -380.2291584840277; 
3, -387.35225663217716; 
3, -375.7551403368125; 
12, -358.61763681843877; 
1, -394.33007064904086; 
2, -382.34275303955656; 
2, -390.4237862699665; 
3, -381.77034172962885; 
3, -388.34400492347777; 
3, -382.0371913757408; 
11, -332.7289244047133; 
12, -352.37142747372855; 
7, -373.20996163552627; 
1, -395.4252805756405; 
4, -386.1031764006475; 
4, -393.9873214488616; 
9, -307.6157883735141; 
11, -248.89634221163578; 
12, -196.43449545500334; 
6, -358.73233723826706; 
1, -388.43046484538354; 
2, -391.9829941667849; 
1, -389.77550842333585; 
3, -371.1136356705101; 
4, -377.7586590509163; 
1, -386.4878686883021; 
2, -390.5617830622941; 
1, -386.13770331419073; 
1, -392.1587497894652; 
1, -384.52237758308183; 
11, -311.0821694030892; 
13, -138.8083797097206; 
1, -383.6031258102739; 
3, -391.6868561368901; 
2, -397.7147789892042; 
13, -374.09588642208837; 
2, -384.4456376611488; 
13, -243.0214778551599; 
1, -389.10799095768016; 
13, -390.53725771815516; 
9, -383.9453959399834; 
2, -381.46811080141924; 
6, -373.8823395088548; 
1, -394.0459253467852; 
2, -381.7743152095936; 
6, -371.89830449875444; 
1, -383.20902765879873; 
4, -383.1277238840703; 
10, -307.49510971060954; 
10, -363.37258657149505; 
5, -384.8023091146024; 
14, -342.30316959903575; 
14, -348.7636450669961; 
1, -381.6354834972881; 
9, -382.1775532870088; 
1, -384.31852026237175; 
1, -381.51342205831315; 
12, -261.4280088613741; 
9, -299.5076072795782; 
4, -371.9280391149223; 
5, -382.3755626089405; 
7, -370.2417136428412; 
16, -190.78557671851013; 
13, -310.1977721900912; 
3, -381.5678045450477; 
2, -376.7087694979273; 
1, -383.2586429801304; 
10, -377.4694073521532; 
3, -381.22281557368115; 
4, -390.2082495850045; 
1, -387.0141917952569; 
12, -358.75427871453576; 
12, -301.8767093999777; 
4, -382.20126807061024; 
12, -225.58732464490458; 
9, -273.1226518609328; 
4, -379.9186231084168; 
3, -377.0953214004403; 
3, -377.2669709129259; 
1, -388.0975097147748; 
4, -380.52902412309777; 
3, -382.8253399122041; 
1, -383.32857707876246; 
2, -380.5705872096587; 
1, -384.65718380967155; 
3, -390.22040206426755; 
5, -383.6606363042956; 
3, -386.07695586793125; 
4, -368.84384926839266; 
1, -383.88484431174584; 
2, -383.82622580835596; 
1, -388.95123207301367; 
3, -386.82400420005433; 
12, -351.95374219410587; 
16, -197.55087144928984; 
11, -315.96858093177434; 
1, -389.43630190298427; 
5, -387.4348253115313; 
2, -397.27368756057695; 
1, -392.4847171094734; 
4, -386.68405445839744; 
4, -375.219585669809; 
2, -379.0677710310556; 
9, -376.98237668816; 
15, -371.3967714647297; 
3, -375.46953350829426; 
13, -378.8569485445041; 
3, -372.0328786073951; 
10, -374.7343327545095; 
3, -390.01047634892166; 
12, -382.9828364381101; 
5, -381.2313921782188; 
7, -377.5828771375818; 
2, -389.82484490191564; 
3, -387.04702702269424; 
4, -381.6140272775665; 
3, -385.98203338112216; 
3, -391.17954612569883; 
4, -381.3654566182522; 
12, -371.6796754449606; 
5, -388.1354338839883; 
3, -382.38084903301205; 
5, -371.17707835533656; 
11, -319.8308814497432; 
11, -182.1452466197079; 
6, -380.8169046214316; 
3, -383.2464792310493; 
8, -359.8165728111053; 
11, -231.03180662018713; 
11, -364.6427616053261; 
5, -375.0694630078506; 
2, -383.9032094418071; 
1, -386.3109023537254; 
1, -376.222277369583; 
3, -380.8361610986758; 
4, -373.9496300704777; 
4, -373.14199527166784; 
2, -378.44242754625157; 
3, -383.48239519505296; 
4, -383.80042305088136; 
3, -391.38366222567856; 
9, -344.1821062178351; 
12, -181.3509575825883; 
12, -381.0168283227831; 
16, -247.96895081410185; 
9, -281.4327983716503; 
4, -385.54782182117924; 
5, -379.9646472677123; 
2, -383.8439217188861; 
5, -386.2079152504448; 
9, -397.3112792420434; 
5, -366.283065307769; 
5, -390.37722872034647; 
3, -403.66990187671036; 
4, -418.76697567640804; 
4, -395.7571715277154; 
2, -384.12589455139823; 
4, -381.5666870311834; 
4, -373.33383027417585; 
3, -372.80056792497635; 
16, -357.8453778993571; 
4, -370.58764619543217; 
3, -371.51118608238176; 
4, -380.15800929791294; 
4, -379.0281398280058; 
4, -368.2201730958186; 
3, -393.53533413179684; 
3, -406.80770300969016; 
4, -387.7148829397047; 
3, -386.93995040806476; 
4, -406.05668995692395; 
11, -382.60258877673186; 
2, -394.9829724560259; 
10, -346.68735263845883; 
10, -314.26438489579596; 
4, -387.90590542869177; 
4, -388.9677082722774; 
4, -390.75090756698046; 
4, -384.83696407987736; 
4, -383.8678497581277; 
16, -384.4914827434113; 
3, -385.39603249239735; 
5, -385.8846300158184; 
3, -392.20599387027323; 
9, -356.90809674479533; 
7, -372.69424066576175; 
2, -392.2900219123112; 
