12, -574.5112491113928; 
12, -600.6639811160558; 
12, -582.7765484573624; 
12, -587.2861374531162; 
12, -568.0304603063537; 
12, -553.9288955656975; 
12, -595.1766442216895; 
12, -600.1454530151977; 
12, -580.6160961424212; 
12, -570.9956848869579; 
12, -576.8426592673432; 
12, -539.2627792211615; 
12, -548.8426214446963; 
12, -569.673467857805; 
12, -598.5005946725196; 
12, -584.5327430813559; 
12, -594.5780877059333; 
12, -577.4757358112947; 
12, -570.8311869438603; 
12, -599.0995584698685; 
12, -588.6817601545717; 
12, -595.9267505711141; 
12, -584.7497186788205; 
12, -591.9732392074329; 
12, -564.2681125936688; 
12, -585.9590285196282; 
12, -568.3409453376498; 
12, -579.5938358078147; 
12, -567.7417465865074; 
12, -564.6926074586263; 
12, -542.5566427815174; 
12, -525.4099122187727; 
12, -565.7456338210286; 
12, -548.2757019059063; 
12, -547.1779788077547; 
12, -496.00062175964194; 
12, -557.4240630700297; 
12, -570.0355656279608; 
12, -592.7203585064235; 
12, -577.0152094210825; 
12, -588.4567621536662; 
12, -580.6418884037666; 
12, -584.9390901834959; 
12, -583.4159416010771; 
12, -603.8600622960403; 
12, -569.4415652705793; 
12, -576.6648724762163; 
12, -597.549278219034; 
12, -590.4064212512458; 
12, -607.303214985488; 
12, -549.852003596643; 
12, -596.2177790143396; 
12, -574.1606233164421; 
12, -575.4774652259803; 
12, -573.2198883225792; 
12, -537.430206308567; 
12, -522.4247697565625; 
12, -516.842135645682; 
12, -481.4419736261698; 
12, -553.3790739759861; 
12, -561.417776387425; 
12, -528.5072831550788; 
12, -491.69229635723605; 
12, -501.7833106433827; 
12, -487.5535423448018; 
12, -474.7807811679595; 
12, -612.2076895518621; 
12, -479.2000579971209; 
12, -457.06311488888605; 
12, -451.1427666812742; 
12, -545.6999949236997; 
12, -513.5771991429792; 
12, -487.1438412743082; 
12, -574.0665462017205; 
12, -566.7888108816915; 
12, -451.4698295703929; 
12, -622.5420527879978; 
12, -598.3535644703006; 
12, -415.2354994354537; 
12, -365.6487416511809; 
12, -585.3840139487584; 
12, -613.1139309285354; 
12, -550.5577747542193; 
12, -553.744137312875; 
12, -517.5034931756891; 
12, -457.6265100972523; 
12, -627.0487421670769; 
12, -604.5313610155645; 
12, -583.3724345772353; 
12, -592.8081488155658; 
12, -331.94773486230406; 
12, -504.81230286377104; 
12, -490.0796619270768; 
12, -461.42611918558396; 
12, -516.716922045227; 
12, -460.3240266243811; 
12, -576.8811374506331; 
12, -608.1789911761734; 
12, -624.7926757988826; 
12, -612.9394156112394; 
12, -564.7957791000881; 
12, -614.1390590840601; 
12, -590.0772001462028; 
12, -646.0318879096594; 
12, -619.2462879717059; 
12, -597.9424787653479; 
12, -597.7590687942211; 
12, -598.5468576231651; 
12, -624.1718806594145; 
12, -602.9760956776881; 
12, -580.5862525478224; 
12, -571.002948553134; 
12, -534.3131881754234; 
12, -629.0218784708413; 
12, -594.8040941727959; 
12, -558.2363337351417; 
12, -610.2103673666134; 
12, -603.1943490518606; 
12, -605.8211127498944; 
12, -627.1131601612724; 
12, -584.229724847537; 
12, -519.2517709503882; 
12, -589.9035475029668; 
12, -595.1459678128449; 
12, -567.4450202790031; 
12, -562.3060516597034; 
12, -588.7103147849848; 
