16, -747.2225627336429; 
16, -773.8752813231797; 
16, -767.4369659788156; 
16, -783.140705466094; 
16, -766.1989898334291; 
16, -755.541694456313; 
16, -768.988837657952; 
16, -752.1112829404847; 
16, -763.6877002957344; 
16, -788.4614182325786; 
16, -768.4155400771433; 
16, -759.2786681536727; 
16, -768.0646580709927; 
16, -762.2972793845365; 
16, -758.9812870735404; 
16, -778.4379564047704; 
16, -765.7603194679068; 
16, -755.6120644054972; 
16, -758.7577599439337; 
16, -755.9068650074132; 
16, -747.6018227858349; 
16, -778.3540993155566; 
16, -758.4775613205238; 
16, -761.2141592684602; 
16, -748.297167622306; 
16, -778.9602384699028; 
16, -739.8227289772549; 
16, -740.0631383167711; 
16, -721.9421509425847; 
16, -744.7901495777951; 
16, -750.446871745844; 
16, -733.432710402958; 
16, -759.4836060009075; 
16, -732.3540633278826; 
16, -751.4867568735281; 
16, -732.6747892556414; 
16, -781.3915363096203; 
16, -768.8808095194727; 
16, -764.1090075144893; 
16, -757.8606721077085; 
16, -775.3721319845063; 
16, -756.0184774657209; 
16, -743.9240625355706; 
16, -749.2263347974294; 
16, -772.8866444946689; 
16, -754.4033824643557; 
16, -759.6389365962532; 
16, -767.4338655571628; 
16, -768.6867714788459; 
16, -755.3847284251169; 
16, -788.322347944777; 
16, -745.2115314679249; 
16, -726.0936044469709; 
16, -780.0533039193251; 
16, -782.1518889503059; 
16, -790.8809596499195; 
16, -783.304935810309; 
16, -760.3675646498086; 
16, -779.026714544234; 
16, -782.2564724805707; 
16, -755.7144057737169; 
16, -773.1939919790311; 
16, -783.960920951351; 
16, -752.6549513545688; 
16, -751.1790404834901; 
16, -757.7915569358956; 
16, -806.9176146809696; 
16, -776.183557386561; 
16, -757.196117701591; 
16, -756.2534083939536; 
16, -781.4465171613774; 
16, -749.7861435092345; 
16, -774.8893721425848; 
16, -778.0706659712305; 
16, -757.7218671021546; 
16, -743.8387256196074; 
16, -775.4029952640267; 
16, -780.6587868032511; 
16, -785.7659946916901; 
16, -744.6212431953318; 
16, -745.3772578197095; 
16, -760.3365617132076; 
16, -751.4861703590796; 
16, -782.7805749363324; 
16, -767.6852827865077; 
16, -744.6680728937718; 
16, -785.1351351556368; 
16, -782.1233375694719; 
16, -769.3559368770948; 
16, -757.7311941736843; 
16, -792.9451479085837; 
16, -789.2683677917812; 
16, -763.3428467263293; 
16, -743.3558178333042; 
16, -758.9642576756305; 
16, -755.3416713474289; 
16, -759.7484089047794; 
16, -773.3264265021571; 
16, -763.539041281314; 
16, -760.2286302977154; 
16, -777.968460817021; 
16, -754.1323848063475; 
16, -768.2338816238043; 
16, -763.9559446413186; 
16, -766.4788038333209; 
16, -764.005195889491; 
16, -778.0318343968829; 
16, -767.305378660807; 
16, -807.6545352348621; 
16, -783.7265585257555; 
16, -796.6955440827005; 
16, -778.1377200145507; 
16, -778.896513121028; 
16, -775.9481393843889; 
16, -779.6280309380818; 
16, -762.2648688993795; 
16, -757.9127467267244; 
16, -749.0123597164784; 
16, -760.8201004125585; 
16, -766.7310830193164; 
16, -753.0582167047105; 
16, -767.1292640595202; 
16, -771.7447412022448; 
16, -735.9663007648778; 
16, -765.4832004892523; 
16, -746.615999712827; 
16, -756.321048862228; 
16, -766.8599122613668; 
16, -760.273012953825; 
16, -753.2741670073301; 
16, -755.0950586214312; 
16, -750.2030010638555; 
16, -759.0393773086253; 
16, -750.8567444440414; 
16, -772.1745681576867; 
16, -793.5352099245792; 
16, -765.1541569248511; 
16, -771.3445886549307; 
16, -789.6952586125117; 
16, -770.2599604435964; 
16, -784.0679073530773; 
16, -765.8182122661237; 
16, -767.3651163007162; 
16, -760.6243662847701; 
16, -754.1282499863155; 
16, -774.3337567471899; 
16, -795.1850246678223; 
16, -769.4591185428144; 
16, -802.8960924672865; 
16, -733.9640155857342; 
16, -744.3470762272191; 
16, -775.6839506789693; 
16, -712.9416923306708; 
16, -789.9359429101751; 
16, -776.5262840319338; 
16, -775.1271787882142; 
16, -779.292875286148; 
16, -777.6255227580696; 
16, -778.9446925696539; 
16, -742.9107988053584; 
16, -762.3261793798883; 
16, -763.5401513441175; 
16, -771.6794906594441; 
16, -762.818330831622; 
16, -753.5166405300552; 
16, -748.458558254235; 
16, -778.7050927643431; 
16, -777.2676339898462; 
16, -760.5725253313431; 
16, -774.5821524743951; 
16, -747.5163090605056; 
16, -740.2284313477285; 
16, -732.5424450363789; 
16, -743.9885790605622; 
16, -746.695246019226; 
16, -755.4555983879836; 
16, -761.2353915588465; 
16, -768.0258728789922; 
16, -806.962561683642; 
16, -762.1254653873038; 
16, -756.7844438807806; 
16, -756.3194964752183; 
16, -778.3797519405489; 
16, -772.3392632149917; 
16, -781.1574368338916; 
16, -762.7599028999975; 
16, -770.9355974338832; 
16, -751.2183489568997; 
16, -768.4012991086056; 
16, -763.3083193647908; 
16, -777.1726364313217; 
16, -756.1965194569784; 
16, -768.5572761570511; 
16, -761.4950259086036; 
16, -757.3468923664186; 
16, -741.5782858434832; 
16, -738.1179256516043; 
16, -749.9288177601702; 
16, -758.2219345476187; 
16, -751.7143462996755; 
16, -715.9282857900544; 
16, -735.1718389306916; 
16, -747.2029161654355; 
16, -743.0517918531259; 
16, -750.2090340249997; 
16, -744.7440843004151; 
16, -774.849339966022; 
16, -771.4483959345089; 
16, -735.0611061037052; 
16, -756.0348002695537; 
16, -721.8084119684645; 
16, -742.5720472105313; 
16, -783.1428554894228; 
16, -710.7407983087178; 
16, -724.409673543676; 
16, -727.3971181476663; 
16, -684.9666000365687; 
16, -664.7297155948472; 
16, -659.3898795770656; 
16, -690.2150531910011; 
16, -696.3101025116048; 
16, -695.9124657877837; 
16, -699.0236775884114; 
16, -701.9203550043749; 
16, -692.0341612514458; 
16, -654.8874037072237; 
16, -684.0945320622704; 
16, -670.019705021783; 
16, -806.351590903796; 
16, -794.0761496158084; 
16, -783.4925303648924; 
16, -771.2387889535457; 
16, -735.2243143939704; 
16, -749.5042027602321; 
16, -724.254227974161; 
16, -769.8400301555812; 
16, -769.3500376711308; 
16, -759.9244806975767; 
16, -746.2416524093715; 
16, -738.9989591373305; 
16, -730.2506814795779; 
16, -702.0514669395634; 
16, -717.9003611862427; 
16, -791.6294392247219; 
16, -782.1448125011229; 
16, -787.2740869717964; 
16, -807.4588179570273; 
16, -765.4623893516837; 
16, -764.2436947941023; 
16, -801.4678119054006; 
16, -792.0389131429838; 
16, -786.0905827621755; 
16, -786.1579494838079; 
16, -773.7616097847931; 
16, -789.8589155358204; 
16, -789.4895598310104; 
16, -768.260581786395; 
16, -788.035043669981; 
16, -779.3248576449114; 
16, -798.561599265784; 
16, -787.5595332227822; 
16, -784.6532854886318; 
16, -775.7691283329914; 
16, -792.9123929539637; 
16, -762.6691888442147; 
16, -766.4749712329067; 
16, -755.2316376745875; 
16, -759.480844692851; 
16, -764.967549384397; 
16, -801.3195826290175; 
16, -806.6325168697513; 
16, -740.5443771755672; 
16, -772.3187513974262; 
16, -777.7710564083245; 
16, -766.2571127504052; 
16, -750.7805393738672; 
16, -771.5608588776086; 
16, -755.6310182030429; 
16, -776.0011946164013; 
16, -785.3806510832219; 
16, -775.1041243874351; 
16, -763.6221606401086; 
16, -782.4209697341721; 
16, -785.9286917751015; 
16, -759.300777966273; 
16, -764.2286742978613; 
16, -757.9448667601391; 
16, -785.3891243615071; 
16, -785.0924996719405; 
16, -783.4458271092735; 
16, -777.090977500513; 
16, -767.7032973415917; 
16, -782.4630818352161; 
16, -775.7131458741787; 
16, -792.0688759055338; 
16, -785.4092308748222; 
16, -765.5183412621554; 
16, -788.677186873334; 
16, -752.8285211145994; 
16, -749.2120528348314; 
16, -781.835263850633; 
16, -787.0305331053678; 
16, -799.4659461757692; 
16, -780.917170647881; 
16, -766.2961368293036; 
16, -777.9774893579306; 
16, -761.5332176535157; 
16, -789.8531397916377; 
16, -795.1055706500192; 
16, -752.3115210334945; 
16, -799.2567082792812; 
16, -757.4121626775595; 
16, -761.4042917141924; 
16, -754.6475522280089; 
16, -699.3694381394307; 
16, -780.0225004467356; 
16, -765.0867588014517; 
16, -748.6583559701685; 
16, -729.385123295302; 
16, -700.7463732290198; 
16, -781.980566492799; 
16, -744.7455240097188; 
16, -766.919198355492; 
16, -767.8988592313544; 
16, -775.7730467054935; 
16, -774.2202301831276; 
16, -777.674462104449; 
16, -766.3126890633139; 
16, -762.4964097774646; 
16, -792.1988289114379; 
16, -781.4976615809137; 
16, -755.5987801881274; 
16, -770.4003482974367; 
16, -763.4434747524792; 
16, -771.3127072122297; 
16, -760.1799053126015; 
16, -767.4642122054065; 
16, -733.1209130396892; 
16, -793.9649366151425; 
16, -765.1697543656628; 
16, -760.2322423558217; 
16, -772.0341647639289; 
16, -762.5802579149895; 
16, -779.4483628822491; 
16, -740.4027901727823; 
16, -769.9326864703908; 
16, -751.2231662635459; 
16, -785.2577847990906; 
16, -771.2056807084591; 
16, -777.8461043862626; 
16, -775.8596290923888; 
16, -770.0530786855961; 
16, -797.5638449077378; 
16, -773.1159203396528; 
16, -757.8727766339434; 
16, -769.6605953103281; 
16, -737.386172872968; 
16, -767.0570427637431; 
16, -768.930539305089; 
16, -750.8361156996689; 
16, -756.5437516440288; 
16, -752.0005297743483; 
16, -901.3574560028501; 
16, -835.908678313368; 
16, -828.1426469152211; 
16, -801.6247123100911; 
16, -835.3435826210771; 
16, -809.8892829710385; 
16, -791.5690056568128; 
16, -816.7388890230213; 
16, -746.7513619265519; 
16, -760.1303491903236; 
16, -736.20173741912; 
16, -775.3941382333287; 
16, -769.7377494972316; 
16, -793.559733690985; 
16, -790.3302144226036; 
16, -787.5077486729133; 
16, -772.6466665762127; 
16, -792.8307779299794; 
16, -750.1715390745085; 
16, -754.5176492810715; 
16, -760.2471464201808; 
16, -769.9772704388015; 
16, -764.8700399452355; 
16, -781.727675472328; 
16, -789.609528236906; 
16, -783.0887897199136; 
16, -783.1459523398662; 
16, -790.7177456864156; 
16, -771.4782301142695; 
16, -784.2090307721519; 
16, -773.3297778581036; 
16, -788.1091935989098; 
16, -777.0048665894428; 
16, -765.4555546186166; 
16, -772.7249579774216; 
16, -776.7312944855657; 
16, -757.3591155291069; 
16, -762.612547325436; 
16, -752.72055984498; 
16, -763.5175710252952; 
16, -754.9375439205905; 
16, -758.8716741300304; 
16, -761.2632512511336; 
16, -746.7846784505527; 
16, -762.0638088423293; 
16, -758.3768391929916; 
16, -758.032486520533; 
16, -737.8738300065743; 
16, -759.977201606147; 
16, -762.9705342925154; 
16, -750.5621813337784; 
16, -766.4679011935368; 
16, -754.500056594843; 
16, -764.60639974894; 
16, -757.0474327076226; 
16, -772.6785272766137; 
16, -756.1385453175753; 
16, -767.1844875852112; 
16, -784.9822455576505; 
16, -753.5866168201319; 
16, -763.316231899662; 
16, -755.3278265597764; 
16, -776.2604434018722; 
16, -763.589314426179; 
16, -735.769167386461; 
16, -765.6442325171083; 
16, -775.9282298396574; 
16, -780.831878796278; 
16, -785.7531901914626; 
16, -771.6827825761866; 
16, -779.9994441533927; 
16, -758.7780361100449; 
16, -761.2257819942897; 
16, -737.0140792526072; 
16, -752.7890126788989; 
16, -772.2773496474838; 
16, -755.0811486394377; 
16, -765.4562330413028; 
16, -793.677064080548; 
16, -789.3359734709957; 
16, -745.8101336877444; 
16, -765.7270613271976; 
16, -750.9192345926422; 
16, -753.6436235372094; 
16, -763.8968125670217; 
16, -751.1385509115644; 
16, -734.6932373464806; 
16, -671.4005298265256; 
16, -779.6302048274665; 
16, -802.9636503689107; 
16, -753.1246216526488; 
16, -769.7020952772; 
16, -756.1437024750048; 
16, -776.221877723292; 
16, -764.7180741161574; 
16, -752.9302049354883; 
16, -780.0241203843034; 
16, -754.1246174339904; 
16, -761.5389803967555; 
16, -763.3740399363451; 
16, -765.9605683706468; 
16, -756.430855898885; 
16, -769.8066040964914; 
16, -763.0959131181589; 
16, -757.7430857539875; 
16, -767.2404061626876; 
16, -754.9883462018333; 
16, -764.2485334209632; 
16, -751.4846377681242; 
16, -680.0164040338714; 
16, -763.6771345477318; 
16, -780.4210018367157; 
16, -768.0389369001496; 
16, -740.1553080579033; 
16, -739.2079197433777; 
16, -786.0252633382916; 
16, -764.6750848236843; 
16, -784.967482806067; 
16, -753.2250890523428; 
16, -748.5137705904781; 
16, -789.5649356085924; 
16, -751.0942235199618; 
16, -767.333131609601; 
16, -704.8282921743812; 
16, -743.0312811913318; 
16, -667.2441386795253; 
16, -729.1700192532735; 
16, -749.7133436917793; 
16, -766.7131745406077; 
16, -770.3320549907512; 
16, -803.1397291577305; 
16, -776.5491855685832; 
16, -756.6237469351618; 
16, -739.9139581262716; 
16, -787.9035849507782; 
16, -757.1263753038365; 
16, -752.9028422431438; 
16, -764.2915726163192; 
16, -769.6336284867721; 
16, -759.2458972689346; 
16, -737.804669056728; 
16, -766.0957684747409; 
16, -768.7349062198191; 
16, -768.3632177605759; 
16, -769.7017237893306; 
16, -763.6161470311927; 
16, -770.4616999329301; 
16, -795.8245818126015; 
16, -759.5247173330281; 
16, -773.2027167481137; 
16, -784.6834116228274; 
16, -750.6712068949128; 
16, -678.6605385374278; 
16, -735.7892394699738; 
16, -778.1624449110241; 
16, -779.9203745514387; 
16, -727.412045563513; 
16, -776.3710413951776; 
16, -757.9145427533076; 
16, -783.5077995635802; 
16, -795.389473201707; 
16, -805.5373857760569; 
16, -650.1955454088748; 
16, -760.9447911197785; 
16, -814.3120660286513; 
16, -773.8010416754405; 
16, -830.539452558558; 
16, -836.2019333834178; 
16, -837.9857740927255; 
16, -827.7499593786197; 
16, -845.9420487448224; 
16, -833.7357333655236; 
16, -867.4946895200992; 
16, -878.5834628074081; 
16, -846.1812185805757; 
16, -838.1245518340729; 
16, -840.5189057249809; 
16, -840.1792496171547; 
16, -838.4940084647387; 
16, -807.9533002048847; 
16, -788.2218067305512; 
16, -773.0161046261201; 
16, -778.7212397012045; 
16, -798.8387625777395; 
16, -782.9266508754226; 
16, -799.5074963598163; 
16, -761.152765120496; 
16, -756.8979446738376; 
16, -759.2024401498493; 
16, -779.0861527173547; 
16, -776.2575616308022; 
16, -767.0672062529484; 
16, -759.0308675045962; 
16, -773.5634279095102; 
16, -782.0107075241976; 
16, -784.1192923475173; 
16, -777.8179857111536; 
16, -770.7626803950407; 
16, -774.4641667220858; 
16, -758.5307887970703; 
16, -774.8884836579091; 
16, -765.2913685375242; 
16, -755.8652922906913; 
16, -779.6380266146152; 
16, -789.1894040848128; 
16, -724.8954915917711; 
16, -767.9811341061722; 
16, -781.59360990813; 
16, -784.0657682501478; 
16, -780.8197985868319; 
16, -762.1870682762237; 
16, -755.0892879249877; 
16, -761.9787965969881; 
16, -751.9528059761506; 
16, -754.4768339597504; 
16, -752.1459019901231; 
16, -764.5719837230281; 
16, -675.9942408640054; 
16, -754.2446710444055; 
16, -772.1710704407305; 
16, -773.3235721027595; 
16, -765.5589497786714; 
16, -774.6866606778931; 
16, -778.4261563409236; 
16, -787.7874159544008; 
16, -762.049919673882; 
16, -784.3915853200015; 
16, -767.3553019763203; 
16, -765.5263396822265; 
16, -769.5843424690538; 
16, -766.1741045948002; 
16, -750.8506815391011; 
16, -762.1820677663782; 
16, -697.5975726706092; 
16, -736.4509992204839; 
16, -758.1708057100768; 
16, -776.0572257564054; 
16, -736.5172200218658; 
16, -776.6144894945901; 
16, -778.8935711354716; 
16, -750.4731358765275; 
16, -761.5799650916597; 
16, -729.269382728904; 
16, -768.2184458668926; 
16, -758.6964052532567; 
16, -756.9343887878931; 
16, -796.3004264059127; 
16, -778.9517599411774; 
16, -802.9778955624788; 
16, -769.5612172261463; 
16, -766.7340144633781; 
16, -774.0990209358279; 
16, -761.9402517788112; 
16, -757.5758225963218; 
16, -766.352405255544; 
16, -674.8546987450682; 
16, -708.5186248460086; 
16, -749.8473252200056; 
16, -751.1398569499142; 
16, -779.0081115018111; 
16, -742.6066380350385; 
16, -762.8977232207544; 
16, -772.9494421744021; 
16, -803.0834211839247; 
16, -775.0284261805355; 
16, -761.3805702087702; 
16, -762.6621180567308; 
16, -765.1474841214949; 
16, -780.1437424482428; 
16, -770.6123616197729; 
16, -746.2040859439294; 
16, -762.499430701253; 
16, -783.3130888752639; 
16, -728.1515878608916; 
16, -723.0754270367324; 
16, -781.5018885188038; 
16, -750.588848257903; 
16, -759.2285846739542; 
16, -694.2701502557611; 
16, -755.3244617837481; 
16, -719.5364690374699; 
16, -742.5827617043396; 
16, -736.9085714651155; 
16, -736.2991603852715; 
16, -788.5153700168012; 
16, -770.7070671427064; 
16, -721.5684208196471; 
16, -746.5009938095463; 
16, -746.8758177598938; 
16, -760.0618548140046; 
16, -749.303024347988; 
16, -766.6749335394707; 
16, -775.8079624001402; 
16, -773.3712970597553; 
16, -754.7811138537363; 
16, -758.0742376165581; 
16, -767.7690288255108; 
16, -746.8807871992467; 
16, -763.5459859346738; 
16, -790.4852384927217; 
16, -779.5057553793304; 
16, -790.8095571284648; 
16, -777.1296106503578; 
16, -776.9899608572596; 
16, -776.6319741188781; 
16, -790.7294059122796; 
16, -790.884673409746; 
16, -765.7596807857044; 
16, -739.0629400592879; 
16, -757.765948225162; 
16, -768.9051356170094; 
16, -777.4073441588553; 
16, -707.0598629083834; 
16, -749.6755359731615; 
16, -679.6349904377712; 
16, -755.5918504840229; 
16, -772.5275823961128; 
16, -772.628818035475; 
16, -787.1030096841278; 
16, -769.1799863447086; 
16, -766.1667710301699; 
16, -747.7684008424403; 
16, -693.419513427536; 
16, -693.5177140398882; 
16, -774.4984800640959; 
16, -763.0626823836938; 
16, -754.4508761019679; 
16, -779.807345762616; 
16, -767.6196778523736; 
16, -761.2446073072497; 
16, -765.9096700906521; 
16, -766.9387110166717; 
16, -776.1067354857223; 
16, -781.6479440381518; 
16, -766.3354413660709; 
16, -778.242176165455; 
16, -748.3380554720061; 
16, -753.6429580079857; 
16, -779.19759334228; 
16, -761.2528621256351; 
16, -738.6211507264525; 
16, -745.421540813637; 
16, -758.4318650319474; 
16, -783.78957877215; 
16, -753.9046985115856; 
16, -761.1585925468244; 
16, -763.050316965906; 
16, -751.0361305589322; 
16, -778.215310305939; 
16, -714.1399893515045; 
16, -697.4330810421379; 
16, -767.6221923147095; 
16, -865.7667954307981; 
16, -827.024592188187; 
16, -817.7065219506621; 
16, -792.8167053513462; 
16, -790.0615421159891; 
16, -788.787446659524; 
16, -770.2590395361185; 
16, -753.9921321674483; 
16, -784.5780877548968; 
16, -763.0520999436267; 
16, -775.899960657116; 
16, -780.1001938057598; 
16, -787.1087853298523; 
16, -764.1873440335039; 
16, -783.507732018712; 
16, -774.7474894871702; 
16, -772.0367155333515; 
16, -787.5889675542712; 
16, -759.9038706312422; 
16, -772.9270808272995; 
16, -775.4375575402519; 
16, -730.7802002973622; 
16, -779.3478321316652; 
16, -755.2731233404484; 
16, -787.3801521377172; 
16, -755.7343159054872; 
16, -736.7747071691556; 
16, -719.938789121923; 
16, -766.832782345824; 
16, -773.4215049092891; 
16, -736.0011056665098; 
16, -733.614603062626; 
16, -734.684193942463; 
16, -760.7735914867371; 
16, -762.2115426926175; 
16, -779.1477348826593; 
16, -771.8177370552439; 
16, -794.4600735156564; 
16, -817.318130975822; 
16, -798.3347659078427; 
16, -811.4362772775348; 
16, -822.2076507630991; 
16, -800.9997329551261; 
16, -830.2312220402528; 
16, -809.7214576653205; 
16, -806.0577486667316; 
16, -802.4334565231111; 
16, -798.0562880049692; 
16, -782.7171475162031; 
16, -788.5858463561162; 
16, -730.7275262746261; 
16, -776.6593211238505; 
16, -779.924564728397; 
16, -783.9580433409428; 
16, -774.4091653604992; 
16, -771.7679914083565; 
16, -757.84721623722; 
16, -765.7939657079987; 
16, -780.4793970922474; 
16, -778.4509884886211; 
16, -768.1868087038165; 
16, -787.457646389259; 
16, -762.6743567949161; 
16, -780.5337595219025; 
16, -768.52903811133; 
16, -731.8212480265647; 
16, -734.9244344645413; 
16, -760.9819224838866; 
16, -763.134516275255; 
16, -723.9868352632038; 
16, -685.3353162740823; 
16, -757.7523164228769; 
16, -727.5013297994155; 
16, -764.9137668868061; 
16, -779.9554851951543; 
16, -763.3473358736373; 
16, -765.7527511145454; 
16, -766.5681190227624; 
16, -743.6330437731231; 
16, -783.8498512313236; 
16, -766.071615100489; 
16, -740.9483914602315; 
16, -726.5438974648714; 
16, -796.1207208780106; 
16, -765.8769433221314; 
16, -769.2808108554455; 
16, -771.3125154640293; 
16, -754.1211405282374; 
16, -771.4733914507087; 
16, -754.9351863703923; 
16, -780.2623189077713; 
16, -727.6792155442527; 
16, -755.9015349685214; 
16, -779.3576746715698; 
16, -776.748482003808; 
16, -772.8029684219509; 
16, -762.5159069489455; 
16, -760.1296170916175; 
16, -785.7140655890107; 
16, -766.5872822932433; 
16, -753.9297130339546; 
16, -731.9553744299337; 
16, -745.5384517877828; 
16, -741.5473462261725; 
16, -763.378018722753; 
16, -776.3706961220596; 
16, -796.9443000120809; 
16, -759.728597307927; 
16, -766.3596529674251; 
16, -764.3517407287145; 
16, -802.0838819193887; 
16, -764.3478509562556; 
16, -810.9796953396872; 
16, -765.6855995480437; 
16, -773.195838730433; 
16, -767.0169624564005; 
16, -785.8473426618148; 
16, -765.5812412821688; 
16, -772.4106410827953; 
16, -802.3718294531573; 
16, -822.3707007742487; 
16, -798.5253118379042; 
16, -812.839605254354; 
16, -819.9753044351237; 
16, -837.7901653896552; 
16, -820.2248559918953; 
16, -803.3197486052522; 
16, -823.9341046045301; 
16, -806.1172845906112; 
16, -788.8135306487093; 
16, -785.7885862078983; 
16, -746.2580976816826; 
16, -744.3660254197894; 
16, -757.837188150268; 
16, -757.2137679673033; 
16, -744.4099091805983; 
16, -737.7632460690802; 
16, -760.37071138178; 
16, -781.4911107902881; 
16, -754.4808667307952; 
16, -745.4740971765714; 
16, -778.999036706984; 
16, -759.357174052624; 
16, -766.7724709858885; 
16, -758.8331123172538; 
16, -754.0382314985618; 
16, -759.8608131625224; 
16, -752.8256666006055; 
16, -774.5381918059429; 
16, -752.197968238499; 
16, -739.9513409241335; 
16, -767.7782705288846; 
16, -763.1228589485399; 
16, -766.455821754178; 
16, -766.9119682242163; 
16, -770.7372937299078; 
16, -761.4662133806851; 
16, -768.9808239820413; 
16, -718.3870987873524; 
16, -666.9674040647224; 
16, -741.5789316236041; 
16, -766.4246532836696; 
16, -767.8772377817659; 
16, -752.3217026884668; 
16, -763.5098614089657; 
16, -771.5173054761253; 
16, -757.7387995491736; 
16, -772.5098733711056; 
16, -754.3022955571068; 
16, -748.5762834524503; 
16, -736.5480970545905; 
16, -790.9504217652138; 
16, -767.8758316920139; 
16, -788.753494781442; 
16, -799.227185103111; 
16, -833.1821083932882; 
16, -760.2653051407542; 
16, -727.8353831992717; 
16, -747.0941617828794; 
16, -808.2209606475662; 
16, -793.57246230077; 
16, -830.5930547510507; 
16, -775.8108960902318; 
16, -774.8681259067962; 
16, -758.851399948122; 
16, -697.2069444742519; 
16, -791.8304822002538; 
16, -755.292701949249; 
16, -778.6295729626436; 
16, -785.596831181203; 
16, -769.6600342390593; 
16, -770.4876629696228; 
16, -753.3766070604324; 
16, -766.283880813513; 
16, -746.6541841214057; 
16, -749.8064991552383; 
16, -757.9778216653503; 
16, -663.8501654447755; 
16, -664.7691680822754; 
16, -786.6281820834847; 
16, -769.4279582329327; 
16, -749.8671032118145; 
16, -743.6854601550149; 
16, -760.4482313193148; 
16, -754.7685014102608; 
16, -774.5574578705709; 
16, -750.6867611476919; 
16, -746.6135122658452; 
16, -675.4896565327654; 
16, -763.431481815991; 
16, -750.5985614237143; 
16, -761.8852777808206; 
16, -739.8855740367435; 
16, -778.8893921992276; 
16, -751.4217766037909; 
16, -733.8811911735684; 
16, -710.8647940402152; 
16, -689.4740472349804; 
16, -707.4904368075076; 
16, -752.6157248762902; 
16, -773.3715415499173; 
16, -763.6355863936478; 
16, -749.6206906534499; 
16, -751.7531799688004; 
16, -759.7702356469817; 
16, -754.8708502550144; 
16, -727.2672173616011; 
16, -795.194031813764; 
16, -763.0612354361219; 
16, -777.1981693636626; 
16, -756.8194058070658; 
16, -770.7070464423159; 
16, -792.8542421674356; 
16, -802.7915499507217; 
16, -766.2864134297706; 
16, -801.2835589359747; 
16, -793.9028137330897; 
16, -772.2118954195175; 
16, -777.0031575543107; 
16, -778.3762455323013; 
16, -760.1860264937859; 
16, -741.0400401049992; 
16, -765.860777163296; 
16, -729.7584825602826; 
16, -772.1384456561645; 
16, -712.7385002769297; 
16, -739.4136558901519; 
16, -728.8121444121934; 
16, -748.3722722018138; 
16, -728.7038848801749; 
16, -741.4824360542698; 
16, -730.891176009085; 
16, -750.4143636098597; 
16, -714.6496615817305; 
16, -699.6649061152712; 
16, -677.0665544349467; 
16, -623.2227983454941; 
16, -622.4641946519259; 
16, -653.5225903762039; 
16, -589.4470945044886; 
16, -614.5886404104531; 
16, -662.2064925269224; 
16, -585.8091910611838; 
16, -610.5791572078597; 
16, -563.3721908543957; 
16, -503.6272494343575; 
16, -546.2901664843084; 
16, -564.5693444083445; 
16, -483.40309986192733; 
16, -575.5425623917254; 
16, -596.3025266297627; 
16, -499.18668209866155; 
16, -554.7146936822683; 
16, -649.4627542931121; 
16, -650.0671403646702; 
16, -600.3642770104343; 
16, -550.8937415890396; 
16, -563.7592342875432; 
16, -529.537534885807; 
16, -560.3206339045428; 
16, -668.9053117200965; 
16, -733.456299440586; 
16, -648.0512133287266; 
16, -595.0498032000614; 
16, -761.085595565266; 
16, -757.4997054296546; 
