16, -285.5054236540674; 
16, -260.0032175772717; 
16, -225.5337757090099; 
16, -235.59561423192656; 
16, -148.5345925435331; 
16, -140.02538504764425; 
16, -210.87594643047646; 
16, -246.96601329339433; 
16, -172.95544107982823; 
16, -170.24894561675592; 
16, -163.80011547970116; 
16, -148.96490859803225; 
16, -170.15694071351936; 
16, -240.3174073854193; 
16, -157.68091226838487; 
16, -215.27083258903303; 
16, -237.7328872645994; 
16, -155.47387261779204; 
16, -170.49225812590066; 
16, -185.2530340822509; 
16, -177.26757458777365; 
16, -167.41139464015305; 
16, -170.31952847038065; 
16, -158.1481976321129; 
16, -134.0481706691844; 
16, -172.82574016278522; 
16, -208.37329566348308; 
16, -164.72399675869565; 
16, -165.95930353819494; 
16, -227.20623728508417; 
16, -214.78210044333264; 
16, -193.55612584113896; 
16, -147.43705670674808; 
16, -183.5910036150899; 
16, -203.1898545373806; 
16, -165.91885417009325; 
16, -149.9878571948757; 
16, -191.14200622106637; 
16, -185.49058373241678; 
16, -196.05733336433968; 
16, -156.35351659301796; 
16, -174.3625128414442; 
16, -157.69626245905965; 
16, -208.8967123164075; 
16, -146.6854918496647; 
16, -147.73339695014874; 
16, -224.72524402535055; 
16, -153.14337194582367; 
16, -228.5128133293183; 
16, -174.14666943989505; 
16, -184.61614947438466; 
16, -172.02046155378594; 
16, -206.6336258934116; 
16, -205.69870028468358; 
16, -184.54573787077425; 
16, -145.23452088424165; 
16, -144.5252939912789; 
16, -195.78672858203026; 
16, -160.21414899751107; 
16, -180.8987590686993; 
16, -177.61979541415894; 
16, -194.79128962994946; 
16, -120.50544901281683; 
16, -150.14328387777277; 
16, -186.43087834296603; 
16, -183.74675233842754; 
16, -201.51290337388673; 
16, -180.67255384508644; 
16, -148.76954760276567; 
16, -150.49359543905848; 
16, -146.41042600610672; 
16, -141.23949251688646; 
16, -163.41586159344297; 
16, -179.90399009790235; 
16, -144.9444583531149; 
16, -165.7900793615372; 
16, -183.95107244707833; 
16, -153.81142998263567; 
16, -162.40102295980432; 
16, -129.04910350668797; 
16, -170.2151979645605; 
16, -168.79960298020706; 
16, -126.36623556980885; 
16, -116.34040714815274; 
16, -165.7331988585811; 
16, -145.44826802081116; 
16, -461.52969118953297; 
16, -500.0255129738489; 
16, -492.783189193844; 
16, -447.5872377317137; 
16, -439.74691770481513; 
16, -440.77465650286103; 
16, -427.8238855843447; 
16, -464.95239874013714; 
16, -440.7972160099562; 
16, -429.632646452741; 
16, -442.8756229806495; 
16, -455.41313030451784; 
16, -451.95377149228443; 
16, -435.53314545314424; 
16, -422.9520414185099; 
16, -451.53723737361724; 
16, -414.3472175521747; 
16, -447.7892785542899; 
16, -422.09290609447635; 
16, -414.4551803075883; 
16, -430.0466297977; 
16, -437.8151530371979; 
16, -431.98095649987954; 
16, -431.0683772171069; 
16, -426.9020002870784; 
16, -310.65022203353874; 
16, -271.68856817323467; 
16, -301.48496102515855; 
16, -319.5444334859785; 
16, -459.2454740050598; 
16, -453.868755589574; 
16, -440.3096084627723; 
16, -443.36815162006314; 
16, -429.2561749719098; 
16, -435.714706878025; 
16, -429.35103151177464; 
16, -412.69288972373033; 
16, -428.26854340793216; 
16, -437.4501663381052; 
16, -433.0025515264242; 
16, -418.6116633676029; 
16, -421.09107593731824; 
16, -405.15662183627137; 
16, -425.2229881103485; 
16, -404.80766781858256; 
16, -413.80119611106056; 
16, -404.2248354345211; 
16, -410.8110043514389; 
16, -412.7743906095784; 
16, -394.1934265883174; 
16, -417.5420977642498; 
16, -419.96204922178003; 
16, -407.6591874943333; 
16, -425.27783917077613; 
16, -429.65391512978385; 
16, -404.6876971313177; 
16, -396.5093063606546; 
16, -422.6245473824674; 
16, -388.3123216827589; 
16, -394.0103231010653; 
16, -416.1112230255967; 
16, -406.8264434294979; 
16, -429.8578964768167; 
16, -408.8265095112147; 
16, -413.28734156829887; 
16, -383.5369480311492; 
16, -402.08869498066633; 
16, -393.39450231062074; 
16, -416.9902433332318; 
16, -375.27981992071; 
16, -387.2241389829869; 
16, -383.1354708760773; 
16, -402.08769380628655; 
16, -406.37154386203474; 
16, -420.8592226555993; 
16, -429.60443884887354; 
16, -410.1476260719137; 
16, -412.5848156730499; 
16, -405.1419044490176; 
16, -417.1546229682863; 
16, -425.94465389488323; 
16, -410.531170248687; 
16, -408.003014188238; 
16, -412.73501626921643; 
16, -416.10269732594315; 
16, -408.562557278914; 
16, -410.58523535416316; 
16, -413.5855256888826; 
16, -417.6406606633609; 
16, -417.0065077010586; 
16, -400.7248045326851; 
16, -416.0349256896661; 
16, -399.22152706079214; 
16, -403.0644972779555; 
16, -407.3083359073353; 
16, -379.1170679557763; 
16, -413.3493149823189; 
16, -397.5592605379279; 
16, -412.12964832659054; 
16, -408.60974734832416; 
16, -421.62620399407024; 
16, -372.2154107233073; 
16, -385.98461873193446; 
16, -390.3454956683199; 
16, -391.58155619341414; 
16, -408.739226471429; 
16, -370.30909546134353; 
16, -384.0496509035438; 
16, -436.6014531959081; 
16, -414.8704609953784; 
16, -408.16131648273586; 
16, -418.5043846688495; 
16, -392.20079069303756; 
16, -394.4793393508662; 
16, -397.5535310977284; 
16, -408.4209395098951; 
16, -389.19507707178127; 
16, -403.1743181871134; 
16, -399.6706320237208; 
16, -397.9717668781086; 
16, -404.3296424331784; 
16, -399.03101985120884; 
16, -393.5355221862701; 
16, -407.8315495821007; 
16, -396.6443756323133; 
16, -396.7047089458938; 
16, -397.4156285937206; 
16, -386.160604689474; 
16, -405.13517625381064; 
16, -419.82401382614626; 
16, -399.53980162969674; 
16, -412.154957392544; 
16, -412.1277630072; 
16, -412.08048593299463; 
16, -391.50944499866455; 
16, -388.72839013522025; 
16, -408.5225983799901; 
16, -394.36640087133856; 
16, -405.47111434990074; 
16, -399.4658182612184; 
16, -391.65560041050776; 
16, -386.49572055370663; 
16, -394.87077946453064; 
16, -400.75095832660736; 
16, -396.61463480393286; 
16, -401.88227953921887; 
16, -360.98308510737843; 
16, -363.0840387419157; 
16, -387.3789677015011; 
16, -369.7941189873527; 
16, -361.9748671020934; 
16, -403.15256417088676; 
16, -396.3257535502198; 
16, -395.10213075680076; 
16, -365.80200799660815; 
16, -360.7853040817863; 
16, -403.17923293815693; 
16, -385.98692234791815; 
16, -395.95891314715846; 
16, -393.2511799802014; 
16, -396.02372376050334; 
16, -400.37327304229257; 
16, -384.244503624097; 
16, -383.2260085552698; 
16, -398.25285468943184; 
16, -397.2188468987006; 
16, -394.09657087495725; 
16, -406.02309710142436; 
16, -409.53475596812495; 
16, -393.4688355891849; 
16, -398.37408683411195; 
16, -412.89066287953756; 
16, -401.23665418374003; 
16, -383.56295518951083; 
16, -382.5186626755021; 
16, -382.1895520187245; 
16, -379.173702469765; 
16, -382.48592081523384; 
16, -391.2647469777585; 
16, -392.90451503172517; 
16, -388.4145293502952; 
16, -393.3085553396959; 
16, -382.02316377934767; 
16, -392.9610575656552; 
16, -357.79454446774616; 
16, -364.32046048172924; 
16, -398.2255999635381; 
16, -402.1806983959541; 
16, -389.4097994932963; 
16, -399.1972953580989; 
16, -414.7228110170108; 
16, -407.31697750381136; 
16, -396.07181121382746; 
16, -398.9990364956175; 
16, -403.52736272673064; 
16, -390.1271289594006; 
16, -397.92650477960706; 
16, -403.56701285552117; 
16, -397.80611257434066; 
16, -400.4388762714807; 
16, -400.38516290832194; 
16, -361.7185481737979; 
16, -356.4346928769228; 
16, -393.2524592441041; 
16, -373.0014205878688; 
16, -397.99496795290906; 
16, -394.7130127649143; 
16, -401.2260625925119; 
16, -382.064606890548; 
16, -416.2871269117313; 
16, -426.8671051407291; 
16, -403.1816774812178; 
16, -389.4214706382045; 
16, -412.9753091504972; 
16, -388.84252831322374; 
16, -404.3813238413859; 
16, -399.42075711158395; 
16, -403.6614292779268; 
16, -391.54213358281413; 
16, -410.2694306471385; 
16, -401.03347635366663; 
16, -375.7780710051302; 
16, -368.8265979577991; 
16, -373.10483367260895; 
16, -378.648243087242; 
16, -377.8646595633036; 
16, -377.53965730048367; 
16, -344.38249141536653; 
16, -383.1035491795192; 
16, -381.618802632016; 
16, -392.4152925844246; 
16, -391.4264827975421; 
16, -383.048060022702; 
16, -388.61790261403075; 
16, -383.0722266864759; 
16, -372.8885536548769; 
16, -414.8117847825779; 
16, -378.80847378050385; 
16, -398.7222652617929; 
16, -406.66912415710976; 
16, -395.77032644125575; 
16, -388.158534379676; 
16, -385.137458077108; 
16, -390.060225118752; 
16, -397.9507993542211; 
16, -388.7256007310789; 
16, -365.2284787630342; 
16, -391.5721588185115; 
16, -380.08989514359564; 
16, -403.71513720066287; 
16, -371.3743531678192; 
16, -375.36159283155575; 
16, -367.4719324346079; 
16, -359.5668289527821; 
16, -339.3527158877114; 
16, -355.93019061064115; 
16, -364.51909868505027; 
16, -392.63884020628757; 
16, -382.1713975718594; 
16, -372.82095376981306; 
16, -359.4338969261735; 
16, -386.15018356768996; 
16, -370.0711148015107; 
16, -364.7247785868094; 
16, -383.28056299126183; 
16, -383.22385966280126; 
16, -395.8844906746235; 
16, -387.3521372435498; 
16, -396.5972138708603; 
16, -380.78678073921765; 
16, -384.55391277742456; 
16, -384.6036846149218; 
16, -385.1314767683216; 
16, -375.62537447364593; 
16, -373.5051994891546; 
16, -387.32656677438354; 
16, -371.7015332887386; 
16, -357.2837922450999; 
16, -358.12577713659266; 
16, -365.1253220760409; 
16, -351.6220969512651; 
16, -376.95755143511633; 
16, -386.9270633414126; 
16, -389.330292325365; 
16, -392.17394732094544; 
16, -393.2166256310884; 
16, -404.1590754671779; 
16, -383.6834836161579; 
16, -384.5927376403415; 
16, -367.48614168545464; 
16, -339.42345840792404; 
16, -375.19262023983174; 
16, -361.587452723179; 
16, -370.3104606300185; 
16, -370.17666947230464; 
16, -394.4169722457009; 
16, -405.47302455897443; 
16, -390.7204952115426; 
16, -371.1258264562639; 
16, -372.8409510253405; 
16, -408.56274990472593; 
16, -390.35778869097703; 
16, -391.9602847766946; 
16, -397.91231854556827; 
16, -383.9248264496564; 
16, -384.7474127759051; 
16, -385.27451940090396; 
16, -353.1502972403541; 
16, -374.6771640421648; 
16, -385.1021448694519; 
16, -362.02798033782165; 
16, -388.2483342914202; 
16, -396.7133938135812; 
16, -381.2870978777355; 
16, -376.5122674924496; 
16, -404.43360306555405; 
16, -400.82902618750813; 
16, -381.0134784609545; 
16, -385.20108011423144; 
16, -364.0944249528984; 
16, -384.3426380120509; 
16, -372.1238202987588; 
16, -389.51360087195644; 
16, -406.99652095060446; 
16, -384.7121296025871; 
16, -401.3362984681735; 
16, -396.26095382642234; 
16, -402.26632019269164; 
16, -411.10128211180563; 
16, -410.082295554108; 
16, -394.4729428955179; 
16, -396.1562091950618; 
16, -390.83275328806485; 
16, -407.2141957684944; 
16, -376.9672203777882; 
16, -389.85411558815395; 
16, -387.8874780383776; 
16, -395.75516071295715; 
16, -397.08744849055074; 
16, -386.8356272550591; 
16, -391.25521256084903; 
16, -382.38665144582046; 
16, -372.7598097662849; 
16, -373.04422024838277; 
16, -392.668276951008; 
16, -384.9136879594298; 
16, -379.5114222745178; 
16, -392.0153521708853; 
16, -389.3754930277937; 
16, -385.00118485605344; 
16, -385.50731230535894; 
16, -385.0926683318394; 
16, -387.4350125627534; 
16, -380.24467197738704; 
16, -386.6174778355344; 
16, -400.4157952120586; 
16, -378.52127132652095; 
16, -390.7084846716316; 
16, -366.4149026304949; 
16, -383.26370783898165; 
16, -368.1434285832802; 
16, -382.1185961441952; 
16, -365.1434457002906; 
16, -369.89238303687307; 
16, -356.4373107033898; 
16, -357.2378622299875; 
16, -380.1951224109798; 
16, -364.2337859556137; 
16, -376.0409578650142; 
16, -367.4938975642144; 
16, -372.4296173925104; 
16, -394.83785425519454; 
16, -398.8406803892867; 
16, -388.1767114998074; 
16, -402.3745209099434; 
16, -391.37118543611723; 
16, -391.849589173391; 
16, -385.6940954339225; 
16, -368.1041673104919; 
16, -374.00906295501045; 
16, -380.0006599527842; 
16, -391.62790477016824; 
16, -360.5660837291507; 
16, -355.02021096571116; 
16, -380.5426321691484; 
16, -345.6551647831802; 
16, -337.3123088941793; 
16, -367.9967791166855; 
16, -388.44173914636485; 
16, -377.3389884404023; 
16, -383.8679042213189; 
16, -397.94061413410236; 
16, -382.88690993672935; 
16, -381.35995491058566; 
16, -391.1429571142362; 
16, -391.6051987199462; 
16, -412.1678183929762; 
16, -396.7241226382321; 
16, -390.53702302262536; 
16, -389.4497521755402; 
16, -364.44790970132453; 
16, -371.4765959882061; 
16, -349.4980872988817; 
16, -322.4200752073666; 
16, -375.0767383357743; 
16, -366.70563925997703; 
16, -372.5303295404301; 
16, -391.34823789855; 
16, -379.8662886534876; 
16, -393.7971699212794; 
16, -395.17902292549843; 
16, -377.068009587063; 
16, -383.1748886688438; 
16, -387.5532467623125; 
16, -378.26404844605713; 
16, -363.2595391829964; 
16, -357.2951797975111; 
16, -319.3811920302687; 
16, -325.78586355177686; 
16, -395.9525847246405; 
16, -381.5152027353761; 
16, -379.9137453250296; 
16, -388.47325411843485; 
16, -379.41628192024655; 
16, -375.1281812148518; 
16, -366.00731021762476; 
16, -366.092100202688; 
16, -389.8594509263057; 
16, -367.91437624552054; 
16, -383.1171077269246; 
16, -390.2071318223316; 
16, -369.40561335292296; 
16, -366.9751991337398; 
16, -375.0241498739633; 
16, -377.5998002982524; 
16, -373.00865534189506; 
16, -374.87596756525454; 
16, -352.33124003658304; 
16, -335.80673306487733; 
16, -392.689877010911; 
16, -353.8534165211313; 
16, -396.89433824206935; 
16, -376.2557647417416; 
16, -370.5375152757624; 
16, -348.0723389299237; 
16, -368.8061681148829; 
16, -390.4638527596253; 
16, -379.11030704231234; 
16, -392.31591272118385; 
16, -386.31076108984416; 
16, -402.7035448679526; 
16, -387.3532560868189; 
16, -399.8395583925303; 
16, -380.65996904246276; 
16, -404.7107810918242; 
16, -389.5119598220044; 
16, -378.19061383468215; 
16, -382.35808495490346; 
16, -386.02640022334526; 
16, -380.89973263218417; 
16, -345.37370569157065; 
16, -398.4173059674795; 
16, -384.28536270573386; 
16, -389.0896272857208; 
16, -384.04655974463094; 
16, -373.7879615026177; 
16, -362.0351750624832; 
16, -371.0165538517758; 
16, -384.4984348787402; 
16, -393.02558430677163; 
16, -374.8048800859833; 
16, -358.01688300052774; 
16, -402.43810637059505; 
16, -361.0634717301873; 
16, -373.6463448648283; 
16, -379.1627227580757; 
16, -356.5307359728613; 
16, -310.1901699534501; 
16, -363.0728420710657; 
16, -385.5301908904803; 
16, -399.5299931605696; 
16, -378.6562637296738; 
16, -333.4189620068064; 
16, -356.3994705263758; 
16, -398.3219021486584; 
16, -368.38306926138466; 
16, -343.9222013729741; 
16, -333.1479867960443; 
16, -366.8900980038452; 
16, -345.90548320909147; 
16, -344.3885104523215; 
16, -322.01296895957785; 
16, -301.5379244890646; 
16, -332.9871232409496; 
16, -334.9347199278418; 
16, -385.65303756069625; 
16, -303.24125577590894; 
16, -355.7725767196389; 
16, -375.8419825953315; 
16, -370.6191103870515; 
16, -379.74569983620313; 
16, -382.05999553835136; 
16, -388.6237410568865; 
16, -413.22896276481333; 
16, -407.6428399904398; 
16, -386.10165875180974; 
16, -358.58201995361014; 
16, -285.4465889103012; 
16, -238.0292573942279; 
16, -397.798111144366; 
16, -375.34370559165836; 
16, -391.11630105334916; 
16, -388.35986493108794; 
16, -374.7878436994215; 
16, -391.40400653806864; 
16, -384.68353140569525; 
16, -398.4224119252467; 
16, -378.7910943071183; 
16, -376.31000138429226; 
16, -377.7140787743265; 
16, -378.8657370908186; 
16, -377.3847975554818; 
16, -370.1512335606967; 
16, -381.0403258554288; 
16, -399.11209252334083; 
16, -392.5033280933858; 
16, -395.7918857874756; 
16, -386.3513340802747; 
16, -403.3845430997317; 
16, -396.5932929684059; 
16, -407.87368461690494; 
16, -408.0179337387963; 
16, -397.0249148335424; 
16, -387.1102673308342; 
16, -364.5328167495318; 
16, -375.84647664934164; 
16, -362.05354320822516; 
16, -373.22207085823175; 
16, -376.1121620584745; 
16, -367.8149059973075; 
16, -390.050141780579; 
16, -382.797434891545; 
16, -396.99829209575546; 
16, -402.31615178787615; 
16, -381.32536566379713; 
16, -392.86539011308923; 
16, -394.45974312297767; 
16, -382.51420349712134; 
16, -390.77273056228296; 
16, -396.64840365669806; 
16, -388.0230645874108; 
16, -397.32549902336905; 
16, -407.28218136477517; 
16, -402.8854026150075; 
16, -387.0259927138686; 
16, -375.8025865519885; 
16, -391.3788663225714; 
16, -381.5161064200511; 
16, -379.07544235527166; 
16, -398.00377393947565; 
16, -398.7201929341245; 
16, -378.2850368479267; 
16, -370.6273170657223; 
16, -376.7766488067573; 
16, -376.3031345445779; 
16, -384.6684321757057; 
16, -391.9638063747552; 
16, -402.8382875606185; 
16, -398.0395970522659; 
16, -392.36021449021064; 
16, -403.5418612860667; 
16, -391.3450009127555; 
16, -406.30032570802723; 
16, -404.98487214097986; 
16, -383.28260305782896; 
16, -392.1871895814256; 
16, -369.6925034141459; 
16, -365.1910262274323; 
16, -373.5631106767687; 
16, -370.0790013426158; 
16, -376.6100219745131; 
16, -361.13024400919676; 
16, -368.3261543797562; 
16, -358.65624965005554; 
16, -363.7942310012877; 
16, -353.78848569400725; 
16, -346.96831961066346; 
16, -366.2022675992921; 
16, -383.65652383110137; 
16, -386.75169950255076; 
16, -383.0348954523797; 
16, -379.72089766710997; 
16, -380.8960940273828; 
16, -386.2933658999682; 
16, -371.39854390345863; 
16, -312.33811955942656; 
16, -325.66006908970303; 
16, -358.5368350435747; 
16, -381.4298459186102; 
16, -375.1489327494055; 
16, -371.3399207528273; 
16, -380.50985506913275; 
16, -392.1787683532166; 
16, -328.52226578621776; 
16, -376.8161634526332; 
16, -394.92427769873757; 
16, -386.95755293860566; 
16, -401.3553767436533; 
16, -397.1679402246955; 
16, -392.40606098796707; 
16, -346.41277793140034; 
16, -382.49866147490684; 
16, -395.9831981236639; 
16, -400.9151351111359; 
16, -380.98849935104954; 
16, -412.2753916789661; 
16, -407.2671249306295; 
16, -383.78451882250374; 
16, -403.6958322261635; 
16, -389.88311648368835; 
16, -398.55908757133875; 
16, -366.8314748752746; 
16, -352.6849212968373; 
16, -355.5724950800359; 
16, -370.3115385865967; 
16, -375.04963311509346; 
16, -339.211488438159; 
16, -303.72309671272524; 
16, -354.7909140083357; 
16, -401.7355651963444; 
16, -396.36868166114436; 
16, -400.35935400248854; 
16, -404.7430635676719; 
16, -388.5950505209912; 
16, -386.90716470737243; 
16, -399.51773555137333; 
16, -331.88755001942627; 
16, -368.7858331876341; 
16, -405.6831525575835; 
16, -395.9746691522887; 
16, -387.9908005965408; 
16, -331.7491154783638; 
16, -366.57769746374106; 
16, -396.4093384206644; 
16, -399.6142427638406; 
16, -393.2394044623943; 
16, -401.7851879467489; 
16, -394.6332202721969; 
16, -371.8409097271506; 
16, -297.81264548620675; 
16, -392.1222320975503; 
16, -354.5438335190993; 
16, -348.52262971684104; 
16, -380.8615456498228; 
16, -400.124089793826; 
16, -399.3244882586296; 
16, -387.02002607198665; 
16, -306.6023417048855; 
16, -363.2740043948288; 
16, -403.293816170597; 
16, -400.30821328709135; 
16, -408.54799729626393; 
16, -399.0370307113626; 
16, -407.5441508888034; 
16, -337.0929548726417; 
16, -307.785983684822; 
16, -351.5657835203456; 
16, -340.7975194900646; 
16, -350.6859238538891; 
16, -328.6724870140897; 
16, -350.29195839189924; 
16, -339.95700219721766; 
16, -353.10851100075524; 
16, -349.70155331352726; 
16, -327.3878778211074; 
16, -309.5861692271428; 
16, -286.9406118214829; 
16, -273.1387063660659; 
16, -320.8581378890667; 
16, -292.99285699566826; 
16, -306.59741592017235; 
16, -383.70525269245263; 
16, -401.0233646510751; 
16, -404.9051044341177; 
16, -339.70866909698816; 
16, -345.0743677772698; 
16, -308.59073489520233; 
16, -339.65464870474534; 
16, -405.6839307107148; 
16, -411.9677501093829; 
16, -413.1924050641828; 
16, -392.4655400304473; 
16, -319.80751220410457; 
16, -429.11694650544086; 
16, -449.39543270436116; 
16, -450.6017412983929; 
16, -439.4909567370778; 
16, -429.1301791347796; 
16, -425.3809738931013; 
16, -427.6211267328472; 
16, -402.13152866833843; 
16, -369.0019269695622; 
16, -352.86310986214085; 
16, -388.1694598325994; 
16, -356.84734814369585; 
16, -318.01496059057536; 
16, -354.4844256491051; 
16, -362.7039160146378; 
16, -320.37025568977697; 
16, -253.21469146269374; 
16, -281.472204661055; 
16, -365.5312940060976; 
16, -394.56841153785354; 
16, -392.1836842596531; 
16, -388.6418492139783; 
16, -361.1921671690652; 
16, -318.17184013401857; 
16, -389.8802486594068; 
16, -389.9385664348956; 
16, -404.82178344676504; 
16, -380.5005996969994; 
16, -384.77518909657374; 
16, -395.55608356685843; 
16, -401.8522325702943; 
16, -422.76689800212625; 
16, -417.67179273377405; 
16, -410.4876599795534; 
16, -405.2378669749014; 
16, -419.74194176867604; 
16, -398.4695735402638; 
16, -401.2395303705707; 
16, -393.6758950291551; 
16, -383.54915233445354; 
16, -394.1662514308118; 
16, -380.9000899962266; 
16, -367.7200598928612; 
16, -359.87799037009245; 
16, -354.68510914279614; 
16, -370.8201237428584; 
16, -356.6957238980103; 
16, -363.996245535498; 
16, -345.0534579565283; 
16, -357.57119908509776; 
16, -345.4743060116889; 
16, -365.36374307144433; 
16, -345.8018194013275; 
16, -378.8309764371952; 
16, -384.185276799486; 
16, -391.1948092369712; 
16, -334.9015769275138; 
16, -355.6431476174039; 
16, -354.27227404376026; 
16, -358.24714563181624; 
16, -372.72456388827413; 
16, -333.7930113321636; 
16, -311.7344419900328; 
16, -313.450605896709; 
16, -305.9876664165058; 
16, -374.2108027158538; 
16, -397.76483727723826; 
16, -343.9737501566997; 
16, -330.61726626276504; 
16, -355.26393247325905; 
16, -351.8570287251496; 
16, -324.52418545546243; 
16, -290.9756113947369; 
16, -288.86141998379026; 
16, -292.11622519773664; 
16, -316.12062275374774; 
16, -376.63687253632816; 
16, -376.9007218440529; 
16, -383.8232096430729; 
16, -382.36357925093034; 
16, -385.463169178518; 
16, -387.1332908596378; 
16, -383.16769070073497; 
16, -392.0299982993165; 
16, -387.2221699997899; 
16, -383.26675820350647; 
16, -367.60593494208297; 
16, -393.3089403079357; 
16, -397.41888289980125; 
16, -321.2888492549537; 
16, -390.9269816860906; 
16, -393.00832944357535; 
16, -334.3553164920886; 
16, -352.1274712962331; 
16, -390.1897967304103; 
16, -374.61978046334116; 
16, -371.67236348142615; 
16, -386.6297314252588; 
16, -386.6371247555944; 
16, -391.08506980066886; 
16, -383.6193931995076; 
16, -395.12290433380986; 
16, -383.8062079360825; 
16, -397.1068700928008; 
16, -373.90119150141254; 
16, -385.70206307119224; 
16, -403.21010839455994; 
16, -369.6861746222712; 
16, -391.31956699473085; 
16, -397.53849950199947; 
16, -419.5340834655799; 
16, -396.5564831107622; 
16, -394.1565741036902; 
16, -410.30312050302746; 
16, -385.80753839272074; 
16, -385.5112379109487; 
16, -398.91723518411163; 
16, -389.24507620412624; 
16, -394.9589096295531; 
16, -416.6765639188234; 
16, -403.7816164409742; 
16, -369.6569877405418; 
16, -291.45813672820805; 
16, -393.1916152568301; 
16, -383.3495056939428; 
16, -409.3537653005915; 
16, -402.80803435621783; 
16, -401.7008623589645; 
16, -398.3677001220058; 
16, -395.82261761347763; 
16, -402.24091410887195; 
16, -410.8943402929581; 
16, -405.1590256195632; 
16, -396.0450654128217; 
16, -398.9972074132529; 
16, -379.0672338953009; 
16, -307.2738079460687; 
16, -408.8043664454017; 
16, -384.4796301746974; 
16, -400.99597646907205; 
16, -409.7471322492347; 
16, -393.8636381131946; 
16, -395.31622026115656; 
16, -404.88976454612566; 
16, -396.6885985068511; 
16, -408.05614186736057; 
16, -403.10376201971667; 
16, -390.25202094501583; 
16, -405.13213206199; 
16, -399.1352433920838; 
16, -385.2752331448719; 
16, -401.9695895386394; 
16, -390.4965384923271; 
16, -392.2118854591972; 
16, -407.9904362653033; 
16, -392.2585799745866; 
16, -394.2045584503212; 
16, -399.50855970277917; 
16, -351.3863288682187; 
16, -292.3101343886228; 
16, -302.9808558828663; 
16, -305.96993869985454; 
16, -394.9369545422378; 
16, -394.96599856298417; 
16, -320.3575625101221; 
16, -280.28409276058665; 
16, -355.1182019095286; 
16, -401.8102520086104; 
16, -380.2119351932197; 
16, -287.7547211883939; 
16, -338.77821130200755; 
16, -394.4120220928453; 
16, -380.6611987607321; 
16, -254.97922188672237; 
16, -328.07693970779656; 
16, -380.65937294322066; 
16, -359.08886108588194; 
16, -364.3984363236814; 
16, -341.2005322748446; 
16, -349.0040864114999; 
16, -349.75033185392385; 
16, -238.73556822771206; 
16, -333.36255122401053; 
16, -396.2017334505799; 
16, -409.19303504703566; 
16, -422.41095570859034; 
16, -410.29865182645153; 
16, -386.27398072119104; 
16, -420.8916016665753; 
16, -398.7610234072199; 
16, -326.7866116182995; 
16, -306.1961531827692; 
16, -290.93702121445676; 
16, -257.9487698908779; 
16, -268.6689057704061; 
16, -216.54456878773635; 
16, -188.71460494224448; 
16, -202.26773502823198; 
16, -237.71215296245646; 
16, -275.62242176686414; 
16, -215.76518019591458; 
16, -254.85977945814375; 
16, -183.07552117930027; 
16, -230.43383622635156; 
16, -195.56961819244316; 
16, -275.416565573134; 
16, -170.7305211883504; 
16, -164.12821227515815; 
16, -270.35911217029206; 
16, -163.59389281074982; 
16, -209.54955782723846; 
16, -225.89185041445307; 
16, -206.87234335456742; 
16, -180.1628853409784; 
16, -301.8914940796094; 
16, -282.32018669624813; 
16, -318.57483524864074; 
16, -329.2108940008329; 
16, -331.2343948581838; 
16, -298.30861300526885; 
16, -314.8606930372771; 
16, -249.52183392079314; 
16, -176.3030741433031; 
16, -183.00305981532438; 
16, -221.33837896614568; 
16, -201.4576366787078; 
16, -153.34806854173075; 
16, -199.64135878602974; 
16, -230.08367371174973; 
16, -171.15275021310663; 
16, -192.3912197088357; 
16, -157.43396966008004; 
16, -173.26104626001325; 
16, -189.35738459631102; 
16, -172.51483431458473; 
16, -187.20268804271473; 
16, -181.59720879310044; 
16, -183.04195670911577; 
16, -189.24103610421298; 
16, -175.20844062935794; 
16, -185.2836730723502; 
16, -168.98103722691303; 
16, -230.4490630501532; 
16, -176.99762872385327; 
16, -176.12698622012977; 
16, -129.77682152960915; 
16, -195.5003822487197; 
16, -156.22722937591607; 
16, -124.18007030279841; 
16, -183.34817399305757; 
16, -164.8262798411888; 
16, -153.56046325719217; 
16, -185.95077726466116; 
16, -389.2929437297862; 
16, -399.52737664757296; 
16, -411.42077070625965; 
16, -379.82138656120514; 
16, -379.7324082358391; 
16, -385.08686894737184; 
16, -410.0949806945864; 
16, -383.74855244217906; 
16, -379.57175559422467; 
16, -387.0657586848829; 
16, -368.62940891325707; 
16, -391.2797755795182; 
16, -389.01271796849323; 
16, -382.2698307457613; 
16, -394.23816782265203; 
16, -388.3778889300884; 
16, -399.7815084865433; 
16, -374.34753729228396; 
16, -387.5419575756532; 
16, -385.56555121205747; 
16, -392.96025825000834; 
16, -381.64876635122346; 
16, -386.3610923954402; 
16, -388.17964093439514; 
16, -391.2484619561001; 
16, -381.56928797787987; 
16, -370.13696573406924; 
16, -386.4908879821305; 
16, -396.7932438623393; 
16, -383.2585380562814; 
16, -410.2225471676211; 
16, -409.3802390869241; 
16, -395.3942931477213; 
16, -371.97204726800555; 
16, -336.9969457706902; 
16, -396.964694209164; 
16, -383.28856380295474; 
16, -390.0548106089118; 
16, -404.6485061852727; 
16, -370.1162886995007; 
16, -395.33317655173596; 
16, -407.3869869033806; 
16, -384.5777367607225; 
16, -375.05523063684814; 
16, -373.8863724259427; 
16, -393.7184503269964; 
16, -408.09619980177376; 
16, -394.4123963963357; 
16, -376.10948489955626; 
16, -374.0942238086136; 
16, -383.60461522452533; 
16, -394.71458617417375; 
16, -403.1610093974159; 
16, -411.45868718076963; 
16, -396.06337846419774; 
16, -401.5150472513633; 
16, -413.5864550587721; 
16, -388.417470928689; 
16, -285.8057213696302; 
16, -280.4498570418218; 
16, -393.8632843430969; 
16, -383.3181721387082; 
16, -405.0698103972827; 
16, -409.87211379641667; 
16, -399.5794011116377; 
16, -413.44596260634717; 
16, -397.2627889858559; 
16, -394.7101903699804; 
16, -396.9029464374762; 
16, -390.84992910793517; 
16, -411.3602528818301; 
16, -365.60162459517596; 
16, -293.0422115159454; 
16, -345.2324944664724; 
16, -384.2134960273397; 
16, -281.5430006895331; 
16, -276.06422868254595; 
16, -287.8158485959284; 
16, -368.1314634124283; 
16, -364.81334502331447; 
16, -308.1602253833553; 
16, -371.2607714686892; 
16, -370.7518352436018; 
16, -261.6937042262871; 
16, -337.9320812828955; 
16, -304.316328274901; 
16, -404.73945581220323; 
16, -403.8828804801451; 
16, -399.33551119372714; 
16, -377.1404949349817; 
16, -369.1282124488498; 
16, -324.83874766191; 
16, -265.0310276137898; 
16, -380.0924509122269; 
16, -380.1397221132065; 
16, -266.79274246131536; 
16, -324.3582670938922; 
16, -368.5055980088073; 
16, -253.4685678416281; 
16, -269.3898921565269; 
16, -306.0708402112359; 
16, -260.0849852904794; 
16, -351.22567033628; 
16, -399.63943489600206; 
16, -347.3197851625155; 
16, -255.3135372659308; 
16, -301.15564007969806; 
16, -354.3000582222012; 
16, -408.6122727302718; 
16, -299.52451144135557; 
16, -257.1519546560012; 
16, -386.80072225176264; 
16, -412.4901959744748; 
16, -400.19612698367564; 
16, -401.06466039147926; 
16, -420.3652515296126; 
16, -416.8698559340555; 
16, -421.09698274708353; 
16, -413.2274055557209; 
16, -397.57911632367177; 
16, -416.12657006736845; 
16, -414.75051259458996; 
16, -396.33523373451317; 
16, -338.06004598387517; 
16, -263.80473186442396; 
16, -304.43136842909735; 
16, -389.82678044005297; 
16, -400.95420502498746; 
16, -347.50771394209005; 
16, -392.7262997988146; 
16, -283.2123996952432; 
16, -313.38738362514414; 
16, -387.53959299455164; 
16, -400.2585098980926; 
16, -415.618418578757; 
16, -408.5488439903711; 
16, -361.88951585273026; 
16, -319.4842797407182; 
16, -288.6796125890105; 
16, -406.8563116979203; 
16, -400.55244150880026; 
16, -374.1470552296378; 
16, -282.0188681143336; 
16, -363.4670982489479; 
16, -304.3086645376752; 
16, -277.1333662402467; 
16, -397.73988962639123; 
16, -310.6428080687765; 
16, -239.3241528191138; 
16, -269.8360377922654; 
16, -298.54562660190277; 
16, -304.56338827480795; 
16, -397.7992964113946; 
16, -363.6616657676641; 
16, -389.5211184883374; 
16, -410.17376238276483; 
16, -396.3876332283253; 
16, -395.3846750497469; 
16, -415.06928157253424; 
16, -396.507233061071; 
16, -424.0107704338734; 
16, -407.61869251320604; 
16, -437.21839907270623; 
16, -425.9480252834619; 
16, -434.9868822413264; 
16, -426.9208341924241; 
16, -416.38985548418714; 
16, -398.2062825485482; 
16, -414.6381626453367; 
16, -410.1911550576333; 
16, -437.5386882450548; 
16, -415.1361998777138; 
16, -437.13900854747044; 
16, -417.39793704036856; 
16, -401.2005028310814; 
16, -424.88403761346126; 
16, -391.6477919551544; 
16, -415.79453146713786; 
16, -383.9437125402037; 
16, -390.7713526833104; 
16, -387.40717770304764; 
16, -314.00058540614555; 
16, -344.92680744238896; 
16, -376.86349754739786; 
16, -389.9639924961375; 
16, -383.70110981864855; 
16, -395.72253951610764; 
16, -376.7680593135301; 
16, -337.5003430839279; 
16, -259.8661882682936; 
16, -376.8579890301917; 
16, -390.99047356512165; 
16, -364.5518483159249; 
16, -332.46686929941643; 
16, -384.7788195636822; 
16, -370.37510260671843; 
16, -269.64694992126897; 
16, -264.22388672386296; 
16, -276.56364547857083; 
16, -362.51162106951233; 
16, -407.1163698649616; 
16, -402.6763707117643; 
16, -440.239091037598; 
16, -413.1854646357824; 
16, -395.796459899866; 
16, -445.446856721479; 
16, -416.70920907030813; 
16, -430.5982869188301; 
16, -397.87766556767747; 
16, -416.5173656269908; 
16, -424.01644843560643; 
16, -415.3308794404147; 
16, -401.9401331311092; 
16, -400.9143311386579; 
16, -404.4542177147814; 
16, -391.680174963898; 
16, -419.58247803890845; 
16, -389.23846673144726; 
16, -411.5764163841959; 
16, -377.5216523275012; 
16, -401.1354868483613; 
16, -401.8450208476279; 
16, -411.8721812280128; 
16, -396.7040700094076; 
16, -424.28387151652714; 
16, -402.51886995579116; 
16, -405.68124669539975; 
16, -439.801585480629; 
16, -430.27881064859685; 
16, -409.10589608806185; 
16, -398.64419840369374; 
16, -348.46854270395124; 
16, -353.1642202617368; 
16, -294.1027584517142; 
16, -366.2793888882152; 
16, -371.6670925695216; 
16, -402.9834007761092; 
16, -378.3774377882364; 
16, -390.2382891498273; 
16, -399.3770390227437; 
16, -391.17594590387307; 
16, -418.6608274289174; 
16, -383.33019658282865; 
16, -388.2692691300763; 
16, -397.8941497068736; 
16, -397.475233701698; 
16, -402.47712004050845; 
16, -399.7441674267757; 
16, -405.3181432613055; 
16, -390.38394717447227; 
16, -382.2343716691248; 
16, -393.71103181969374; 
16, -385.1350214807899; 
16, -367.1078474083333; 
16, -383.34085444919765; 
16, -400.30918220826425; 
16, -409.6037254682742; 
16, -398.8971734707593; 
16, -412.8567873106804; 
16, -393.33976848149905; 
16, -400.396697556891; 
16, -403.7879607587238; 
16, -400.3574969950132; 
16, -410.60792640125146; 
16, -404.2260044607101; 
16, -387.1479220428155; 
16, -398.6851909615798; 
16, -397.98999198456295; 
16, -385.60354614804965; 
16, -386.99204069614643; 
16, -308.1611614713329; 
16, -404.2708072559908; 
16, -399.22734102554386; 
16, -406.9983969537425; 
16, -388.0654787805397; 
16, -380.44487659283914; 
16, -383.579580085061; 
16, -385.02257379778894; 
16, -386.2599644731963; 
16, -301.4457615353167; 
16, -305.75438382133143; 
16, -401.10516139044194; 
16, -387.57976322667673; 
16, -400.41722523840144; 
16, -379.20670482935384; 
16, -388.7896111989394; 
16, -382.4199390375288; 
16, -400.34446723078145; 
16, -399.7417699704529; 
16, -397.8326965296874; 
16, -388.889653354825; 
16, -415.1677414490259; 
16, -398.931280534307; 
16, -386.1690998278209; 
16, -390.70182614505757; 
16, -390.1217512827134; 
16, -382.0613391957013; 
16, -398.7652415288612; 
16, -393.16402438259684; 
16, -389.1240757322521; 
16, -382.2231082780636; 
16, -391.6334775146679; 
16, -383.88066610199166; 
16, -412.01851470267866; 
16, -392.31777597987093; 
16, -390.61426625651075; 
16, -393.48314169526566; 
16, -395.1132193063386; 
16, -386.278027293738; 
16, -390.1291804611101; 
16, -407.43777566449717; 
16, -373.24880845833104; 
16, -393.08009036944713; 
16, -397.2989563465817; 
16, -362.7762161891442; 
16, -255.6217354198452; 
16, -398.6728829353815; 
16, -369.8101264160359; 
16, -384.43725480360445; 
16, -393.0414364639437; 
16, -389.7346849066671; 
16, -342.83130869286833; 
16, -342.53764486516593; 
16, -380.7279173276038; 
16, -391.00500293809455; 
16, -378.1106999364565; 
16, -333.5391544326558; 
16, -354.5711418084102; 
16, -365.72195318632293; 
16, -400.55659946845844; 
16, -392.7390800654539; 
16, -393.23647561192047; 
16, -401.03641208354384; 
16, -394.3758902550908; 
16, -362.84178867406445; 
16, -391.89365121215815; 
16, -382.02869469614234; 
16, -374.66675279062474; 
16, -391.02417883399175; 
16, -404.7594840559759; 
16, -396.07446300273295; 
16, -395.27895025286125; 
16, -375.862323700625; 
16, -249.18192574213026; 
16, -343.87537660449743; 
16, -383.1357316553476; 
16, -381.39396685245447; 
16, -401.3830222917022; 
16, -385.2010998146143; 
16, -392.72384742082795; 
16, -393.01073405425996; 
16, -278.81893673579907; 
16, -316.80580718128476; 
16, -405.74698800139595; 
16, -404.16339689301094; 
16, -397.3349553475855; 
16, -393.1186545336386; 
16, -386.6823088165838; 
16, -374.1633332032943; 
16, -394.71562339540105; 
16, -383.3486293031601; 
16, -385.9566148647573; 
16, -387.5191104550613; 
16, -383.48119851213414; 
16, -397.3446499526035; 
16, -412.8050448501599; 
16, -384.3948492165073; 
16, -395.9166315845796; 
16, -383.6038158836309; 
16, -399.77844772004755; 
16, -399.55066261516185; 
16, -390.3392598470673; 
16, -379.0628633715096; 
16, -402.13466926745605; 
16, -397.5274904242251; 
16, -393.19577196153114; 
16, -398.10786567180185; 
16, -383.68276591668837; 
16, -392.1278595858603; 
16, -383.21641880105017; 
16, -402.4861982486909; 
16, -349.81852969597094; 
16, -230.8025639442494; 
16, -374.0610538155306; 
16, -401.3269120834884; 
16, -407.65240615647053; 
16, -406.90514859126415; 
16, -411.9350716427434; 
16, -393.21223487932; 
16, -392.0712427336257; 
16, -398.95410568022635; 
16, -426.21234338823706; 
16, -381.4494844332221; 
16, -402.29767936939606; 
16, -398.5112586301402; 
16, -399.1796326331096; 
16, -406.7960144035751; 
16, -394.87371519440785; 
16, -383.339658478857; 
16, -389.43388234626036; 
16, -329.01587212999584; 
16, -355.35139886435354; 
16, -383.49302579817595; 
16, -415.60394052549964; 
16, -417.7464689434273; 
16, -404.5464108211454; 
16, -395.91635641199537; 
16, -390.1732610964682; 
16, -403.7371260729851; 
16, -405.24233340728097; 
16, -401.83011179906316; 
16, -403.25930270768004; 
16, -410.6320794117055; 
16, -400.8904025023221; 
16, -393.43647938693175; 
16, -404.6470233506989; 
16, -403.08784590731375; 
16, -398.24529939179774; 
16, -393.60646623081993; 
16, -402.08494472899474; 
16, -389.0148848883109; 
16, -388.3510503831785; 
16, -412.3179490120383; 
16, -333.6759494674625; 
16, -300.60484852828085; 
16, -293.960444442695; 
16, -393.85320135683287; 
16, -393.5061923263129; 
16, -398.9190222036559; 
16, -400.63305566308554; 
16, -395.2580472403206; 
16, -389.8059636976104; 
16, -406.72497342329007; 
16, -405.1127778205555; 
16, -319.81351142341737; 
16, -392.44039940997027; 
16, -360.3282485703239; 
16, -297.0657435624162; 
16, -328.71041644830257; 
16, -337.57764245499857; 
16, -316.97793591266964; 
16, -334.76224503677804; 
16, -267.8424034564523; 
16, -372.8233732164372; 
16, -385.1596242430387; 
16, -330.3588918688474; 
16, -265.757249024231; 
16, -378.73126795876306; 
16, -337.72972220368683; 
16, -270.95783187577035; 
16, -328.77611049776897; 
16, -399.2727526620729; 
16, -380.4574205928948; 
16, -400.578570914804; 
16, -403.0309324016562; 
16, -395.0886768324999; 
16, -406.7297276747413; 
16, -386.06720965879504; 
16, -349.4528060537996; 
16, -379.56950182048604; 
16, -412.32412453286815; 
16, -388.61166479287203; 
16, -386.14281302469317; 
16, -391.9541573608294; 
16, -379.50792788830586; 
16, -399.52860088052694; 
16, -364.8785747132497; 
16, -367.96987509925384; 
16, -345.85905344213825; 
16, -373.9034235451836; 
16, -344.91841227270197; 
16, -344.06140991440043; 
16, -350.4067826481769; 
16, -356.3858211367624; 
16, -332.8173000330571; 
16, -324.0669474276947; 
16, -334.48405638569966; 
16, -311.5939538612729; 
16, -313.4197760075331; 
16, -351.94449625886045; 
16, -320.86165041837376; 
16, -306.6121411547065; 
16, -308.04098005068954; 
16, -295.8809067726834; 
16, -268.5639776951866; 
16, -265.48394676146563; 
16, -299.15919364686124; 
16, -295.7606157468399; 
16, -280.9760942971334; 
16, -295.95757987361867; 
16, -275.36108843795955; 
16, -283.53307118231896; 
16, -295.77877243142575; 
16, -359.9625364810927; 
16, -403.9571534366114; 
16, -384.75438015256077; 
16, -375.7399932295084; 
16, -373.56970999029; 
16, -392.1462785525946; 
16, -385.31863439967856; 
16, -374.2562207451556; 
16, -373.60432094242424; 
16, -396.01332251389977; 
16, -396.546655594022; 
16, -383.23066536244005; 
16, -403.34889478539117; 
16, -389.57546253479086; 
16, -386.98187111108564; 
16, -385.35923896275926; 
16, -396.39986970159225; 
16, -254.08306315529626; 
16, -346.11820341064595; 
16, -377.3785530552268; 
16, -372.2677480847342; 
16, -376.5756381917745; 
16, -391.4995262824232; 
16, -272.72188875987194; 
16, -316.33017123350874; 
16, -390.47599553188775; 
16, -322.4914837946417; 
16, -214.60010487842374; 
16, -382.07658324495424; 
16, -393.9542803125223; 
16, -386.56778215127997; 
16, -378.4773194096051; 
16, -402.18242638371885; 
16, -387.50194823136553; 
16, -392.64403793623205; 
16, -409.4619062341517; 
16, -390.59545992524363; 
16, -381.5972481556237; 
16, -385.1892706938088; 
16, -384.04674233403057; 
16, -387.06294346868526; 
16, -412.1799882965861; 
16, -409.8562390123261; 
16, -377.74184449284803; 
16, -379.9044527654769; 
16, -368.0779260257259; 
16, -385.0163383478066; 
16, -386.4847123803338; 
16, -381.4914920612937; 
16, -373.99337396770716; 
16, -376.7331513717072; 
16, -380.55026013217866; 
16, -300.93317074736115; 
16, -229.05249514838215; 
16, -339.9064112154301; 
16, -396.3561900650384; 
16, -395.5313910190016; 
16, -304.6909720028052; 
16, -359.90923637419473; 
16, -393.7444223703351; 
16, -386.67952872114256; 
16, -385.0892799763242; 
16, -387.25379730120767; 
16, -395.0522789026145; 
16, -394.7769335024059; 
16, -404.24450501368847; 
16, -406.24033662234433; 
16, -378.61184502067044; 
16, -367.56480202055536; 
16, -366.979523532209; 
16, -372.9773004349554; 
16, -381.86539743072353; 
16, -393.52275009138975; 
16, -374.55873282742687; 
16, -383.98166757426225; 
16, -410.7111698493827; 
16, -235.43787226616405; 
16, -362.4641735437326; 
16, -382.0991555058863; 
16, -365.8493844959885; 
16, -369.0564215623308; 
16, -390.4024702941533; 
16, -387.6885890830308; 
16, -402.824105884647; 
16, -376.1441451085266; 
16, -387.167339606327; 
16, -388.25951227138285; 
16, -385.2721895214636; 
16, -391.84291445382405; 
16, -307.55144694272894; 
16, -278.5152060909895; 
16, -382.8432055944577; 
16, -385.3482790843118; 
16, -389.2399956601439; 
16, -382.2858329095179; 
16, -370.1655989695573; 
16, -380.3825173780788; 
16, -379.30208518670406; 
16, -381.0293472582707; 
16, -367.06054292502813; 
16, -371.666140033165; 
16, -393.9374237213051; 
16, -381.7065007726196; 
16, -373.9615383617347; 
16, -360.3434579685563; 
16, -383.4728165756678; 
16, -389.77215951972175; 
16, -395.5291683723917; 
16, -404.0315189976245; 
16, -403.28874711855315; 
16, -387.1500985050807; 
16, -395.6972487299936; 
16, -405.9959330635611; 
16, -398.150174358394; 
16, -388.06970194133464; 
16, -423.41413740161806; 
16, -399.0574909566203; 
16, -392.87957744975574; 
16, -412.9912619655952; 
16, -409.2520960456459; 
16, -252.36706992425025; 
16, -283.2283275638474; 
16, -395.557003505528; 
16, -401.01783404219896; 
16, -427.6656326963566; 
16, -395.07475706387777; 
16, -398.70245280244853; 
16, -400.15175398672; 
16, -398.3743884661235; 
16, -407.6252596715931; 
16, -409.59375361865386; 
16, -395.7452057864284; 
16, -401.2067249176325; 
16, -395.8103887605248; 
16, -409.79330522730015; 
16, -408.5273956748424; 
16, -399.7971941367723; 
16, -412.82018932898063; 
16, -413.814540845342; 
16, -422.5239657823695; 
16, -398.73151490907185; 
16, -412.21881077159196; 
16, -385.3415386546403; 
16, -387.7581243076129; 
16, -385.50168549187947; 
16, -395.0575610813685; 
16, -390.60132079408504; 
16, -392.50091316294856; 
16, -404.7609540330013; 
16, -406.61412614246365; 
16, -424.80250496114604; 
16, -406.4775395162869; 
16, -434.3803462322103; 
16, -427.9099275604822; 
16, -411.1571487573674; 
16, -403.19301407504827; 
16, -401.80812995508313; 
16, -392.24049426370766; 
16, -395.47287845402025; 
16, -403.4823683258146; 
16, -410.2960504767252; 
16, -403.29023962805513; 
16, -399.00200996070635; 
16, -422.818505551666; 
16, -394.7906498211669; 
16, -383.0644614244811; 
16, -401.7218566237716; 
16, -391.15901930222753; 
16, -386.81416272127535; 
16, -355.40062628581654; 
16, -340.80316674662754; 
16, -408.8498912221985; 
16, -335.34630347485654; 
16, -375.1679904956836; 
16, -414.0351642780006; 
16, -410.7103517835494; 
16, -406.2332425528439; 
16, -387.0049206331605; 
16, -408.898207207676; 
16, -391.77163965953514; 
16, -372.4372494845884; 
16, -255.6852670897497; 
16, -343.7348457297776; 
16, -392.7561985695502; 
16, -401.4938430010807; 
16, -414.45378257520497; 
16, -406.5992235811427; 
16, -417.362209560466; 
16, -401.5376183736371; 
16, -397.3116932148114; 
16, -389.471277503646; 
16, -374.30377258511726; 
16, -395.2245360397501; 
16, -395.99735440616496; 
16, -391.1844136181753; 
16, -392.85076017922256; 
16, -402.66862220375333; 
16, -397.04155074444134; 
16, -370.6183379746508; 
16, -390.97342394210864; 
16, -376.7849985753419; 
16, -386.31242084421683; 
16, -368.9142226692056; 
16, -386.2385189651977; 
16, -397.7682983642444; 
16, -393.44708372838795; 
16, -383.0037869735388; 
16, -368.54700981092174; 
16, -358.35226321814116; 
16, -355.27366245677695; 
16, -377.77428748633247; 
16, -367.8611785500543; 
16, -338.3824381266022; 
16, -375.1157400353113; 
16, -352.0071353951935; 
16, -347.01246709923726; 
16, -361.529208429507; 
16, -355.669085532194; 
16, -368.1913890236756; 
16, -337.111438040738; 
16, -347.7354810331017; 
16, -338.8780958338175; 
16, -361.8176623043837; 
16, -343.8258558004163; 
16, -347.1385118282633; 
16, -322.8720129120629; 
16, -337.5806590570137; 
16, -341.0628143424401; 
16, -366.49294085486326; 
16, -371.04544985329267; 
16, -400.02075736795086; 
16, -383.9818409247091; 
16, -389.26721915381495; 
16, -379.2044220708776; 
16, -404.3806445299415; 
16, -395.3726148487767; 
16, -379.79306929185987; 
16, -386.29799933498725; 
16, -401.57658490666654; 
16, -400.2354498595232; 
16, -378.8419773380738; 
16, -369.8250875911908; 
16, -382.37863071472384; 
16, -399.9543751819292; 
16, -378.43644813937135; 
16, -389.2791578436736; 
16, -396.6428821324371; 
16, -385.5129071410047; 
16, -387.6061193094356; 
16, -388.97188785113394; 
16, -400.0773366788635; 
16, -391.07517130707856; 
16, -387.695818700362; 
16, -415.89960601215716; 
16, -426.54182495665736; 
16, -412.82540372840595; 
16, -419.29836927866563; 
16, -401.2060484341346; 
16, -396.8388709053397; 
16, -419.93728615995497; 
16, -374.4884916563751; 
16, -377.9278054832248; 
16, -388.104138916824; 
16, -377.2101762124803; 
16, -392.3420556492638; 
16, -399.31401548092254; 
16, -392.8508370210184; 
16, -405.0369168288307; 
16, -382.31294854241423; 
16, -367.32207987632137; 
16, -395.73821116483305; 
16, -393.97271184716374; 
16, -392.39120426774025; 
16, -399.38216260122135; 
16, -399.59249785589054; 
16, -379.25332056800835; 
16, -394.80272387422156; 
16, -382.2804614070337; 
16, -394.00845922972076; 
16, -400.1260177488439; 
16, -399.6046924419934; 
16, -392.45938110363204; 
16, -397.515451792744; 
16, -413.6815235505346; 
16, -388.1637404002249; 
16, -371.1354220979847; 
16, -305.0435396824032; 
16, -257.6422706260346; 
16, -281.2542196834693; 
16, -379.1427959029097; 
16, -346.81526262662373; 
16, -387.48703870817553; 
16, -367.66359991650097; 
16, -379.00714329537004; 
16, -387.056720154942; 
16, -380.76806177478284; 
16, -358.5213181335712; 
16, -388.87730069982354; 
16, -404.5681761436863; 
16, -388.05688253208064; 
16, -387.2066482240334; 
16, -389.19928533479106; 
16, -392.9706511402037; 
16, -388.7533830810571; 
16, -410.6902500366559; 
16, -390.60163120611105; 
16, -397.46414210437797; 
16, -387.7934394089971; 
16, -372.1377626936883; 
16, -382.11386153195053; 
16, -380.26427391485777; 
16, -380.25925069500227; 
16, -372.02959539508447; 
16, -369.70193570223637; 
16, -387.90833574463613; 
16, -396.2066306823399; 
16, -392.99152292497456; 
16, -400.09052259940654; 
16, -360.8652079757303; 
16, -377.32460854388773; 
16, -396.98431414272636; 
16, -384.3861386409262; 
16, -399.8447945038788; 
16, -380.68770850182045; 
16, -400.0357565630693; 
16, -406.67137077404186; 
16, -392.94770194008015; 
16, -397.01432388741523; 
16, -382.7645615884103; 
16, -377.48419969249517; 
16, -406.5563611027319; 
16, -389.7808628284838; 
16, -380.5847171609057; 
16, -392.2278640938457; 
16, -390.69150428811554; 
16, -381.4696849582251; 
16, -404.7313149962574; 
16, -390.47657602943946; 
16, -396.8694610298844; 
16, -394.6525222656783; 
16, -386.10319058643654; 
16, -363.8805489591323; 
16, -422.62827835744247; 
16, -386.4337544752052; 
16, -399.61969494388904; 
16, -385.88829600880854; 
16, -384.58922122290824; 
16, -382.9277857741108; 
16, -385.7734790749382; 
16, -396.3523987251101; 
16, -383.14315288944636; 
16, -371.43260298110545; 
16, -376.4190907649463; 
16, -402.5314170487691; 
16, -282.93088764569256; 
16, -202.7547606092412; 
16, -302.242892979295; 
16, -395.3818318992853; 
16, -399.03712367021944; 
16, -375.41063604550436; 
16, -385.73066534276586; 
16, -374.13708592765033; 
16, -372.13648628257215; 
16, -390.09879135421943; 
16, -382.71022013935726; 
16, -378.5295481145149; 
16, -390.0646357263904; 
16, -400.7854072214104; 
16, -383.1718730055727; 
16, -394.5956144796219; 
16, -409.413482317701; 
16, -391.8373943849001; 
16, -369.9466598429717; 
16, -384.6834760271013; 
16, -379.64584303216543; 
16, -381.0922071572859; 
16, -369.1634966637939; 
16, -334.9729035088094; 
16, -381.5025434347335; 
16, -381.79382810834795; 
16, -389.5429298430681; 
16, -384.1704066710081; 
16, -378.06344007584266; 
16, -395.5460596869234; 
16, -353.95724161644466; 
16, -347.8158827145817; 
16, -391.5124104741262; 
16, -396.25403416343033; 
16, -380.9531031618826; 
16, -395.32309604471084; 
16, -397.2379044824047; 
16, -373.2790458907839; 
16, -392.38998857862316; 
16, -388.33326751051936; 
16, -389.93795951036736; 
16, -403.277635372011; 
16, -383.5317711555399; 
16, -385.2605765708722; 
16, -377.25617476261687; 
16, -382.45620347186923; 
16, -371.41488144767936; 
16, -380.20104453293607; 
16, -393.73579147586133; 
16, -410.0665928479284; 
16, -407.90763541695196; 
16, -407.260761345271; 
16, -429.1469347641105; 
16, -425.98370466253255; 
16, -437.7750390827423; 
16, -386.11362319556065; 
16, -384.0091125406325; 
16, -392.1179219316691; 
16, -403.94182586099487; 
16, -395.5505536576966; 
16, -402.4737113856245; 
16, -404.7311831508996; 
16, -369.906828540843; 
16, -400.63034795818385; 
16, -392.87382059008814; 
16, -393.60368808486965; 
16, -385.1759911122499; 
16, -400.98764293733984; 
16, -404.97100575536024; 
16, -381.7510751101654; 
16, -399.37500853149686; 
16, -400.40594304469414; 
16, -391.765265929047; 
16, -401.8593538021669; 
16, -404.51792323892005; 
16, -418.3010763445636; 
16, -411.5948155942606; 
16, -395.41528988373466; 
16, -398.16365309921093; 
16, -395.31700726016425; 
16, -394.12591427832376; 
16, -314.6040114383213; 
16, -308.2077735456405; 
16, -374.35676818771753; 
16, -370.7866500010714; 
16, -329.9385960776126; 
16, -356.53373973828275; 
16, -387.3398499499308; 
16, -388.26244441827293; 
16, -404.74641634116415; 
16, -381.33848707191646; 
16, -284.26789956726134; 
16, -290.7282008448383; 
16, -388.6915864761686; 
16, -252.10073135665152; 
16, -369.0866637629224; 
16, -345.4284200045513; 
16, -392.03567955840845; 
16, -406.30531652248465; 
16, -338.20385444373824; 
16, -335.9163101025624; 
16, -409.5654543982819; 
16, -297.37532944523264; 
16, -278.436060568667; 
16, -405.5810516597703; 
16, -396.6382855969714; 
16, -343.8496953807771; 
16, -296.3406397323124; 
16, -389.31845807726495; 
16, -401.9165412799921; 
16, -416.3722784675192; 
16, -415.2982918837806; 
16, -395.9200103051262; 
16, -399.9831223292276; 
16, -395.76398089621216; 
16, -394.33824610337615; 
16, -390.4605455202982; 
16, -389.21729399228934; 
16, -393.9646377831232; 
16, -394.8957112642238; 
16, -326.08635321399197; 
