16, -364.5619541728009; 
16, -402.827737229726; 
16, -399.62892947233684; 
16, -399.30938882377814; 
16, -388.0039399343325; 
16, -368.6643765830811; 
16, -390.2812304496938; 
16, -394.88551375476254; 
16, -367.5877365736869; 
16, -360.215667934905; 
16, -366.1535353664872; 
16, -397.66499000388467; 
16, -402.0594780534675; 
16, -391.4038879385498; 
16, -400.19904593572574; 
16, -317.4306531987322; 
16, -372.19727598147256; 
16, -419.55360112425296; 
16, -394.3166388580403; 
16, -391.41293682717514; 
16, -397.4706038811091; 
16, -402.1585181354076; 
16, -386.91139388335614; 
16, -382.82369299053425; 
16, -401.65692157309604; 
16, -371.4797617830991; 
16, -385.2157743251464; 
16, -364.7179802718747; 
16, -381.73510383631765; 
16, -381.42724654111953; 
16, -338.20656227341897; 
16, -360.80977804218855; 
16, -422.09811286454897; 
16, -419.6910383830382; 
16, -405.5479674461312; 
16, -413.12523655920995; 
16, -403.03526267167035; 
16, -429.74100083641133; 
16, -380.2207146596229; 
16, -392.10007029194094; 
16, -396.6070797958091; 
16, -341.93754462802826; 
16, -337.4058806606554; 
16, -346.16880013149057; 
16, -306.3239695508819; 
16, -407.01830228371546; 
16, -395.19707352559635; 
16, -393.35515916347504; 
16, -396.5166164308612; 
16, -403.2543701014001; 
16, -393.01709412677155; 
16, -391.18227612089686; 
16, -377.43178505242395; 
16, -376.4488086475394; 
16, -354.5670248721508; 
16, -378.54590471660777; 
16, -403.2087782035924; 
16, -350.0656960080196; 
16, -311.219930190975; 
16, -337.8104048549176; 
16, -393.87117163839866; 
16, -402.12047457412336; 
16, -389.985915912981; 
16, -363.93104768140984; 
16, -327.7319886679579; 
16, -414.90240830351104; 
16, -411.80453262827723; 
16, -403.046328324137; 
16, -349.73373472600724; 
16, -346.84644311424563; 
16, -374.7767249456556; 
16, -307.5442796419811; 
16, -385.8525238888287; 
16, -351.30151688691694; 
16, -410.0053235413907; 
16, -390.2774603543985; 
16, -400.56844712033853; 
16, -409.86533235832394; 
16, -407.849437168381; 
16, -402.4353803273225; 
16, -348.5534185173674; 
16, -303.82724787752886; 
16, -339.3601906248696; 
16, -406.9533636799679; 
16, -415.65555476424925; 
16, -397.3501751183285; 
16, -396.8089259283515; 
16, -390.0139977885483; 
16, -377.2845451905814; 
16, -394.76534644156345; 
16, -403.73521996149066; 
16, -403.8919862006878; 
16, -397.8430088560126; 
16, -400.59064005414984; 
16, -394.8778849855735; 
16, -387.1810765377668; 
16, -381.340232599905; 
16, -387.99927344045136; 
16, -402.04923134498677; 
16, -388.7522850340756; 
16, -386.5592767915805; 
16, -386.47225296576653; 
16, -395.8205148607449; 
16, -387.0730533785172; 
16, -364.2083032920782; 
16, -391.1764774288531; 
16, -405.1251461924403; 
16, -366.0280131600666; 
16, -368.02498068249406; 
16, -402.9370377372252; 
16, -375.9393417973988; 
16, -313.63769764803874; 
16, -305.2531699927931; 
16, -393.262058055283; 
16, -408.00375714097754; 
16, -383.29337842766836; 
16, -383.8324880282962; 
16, -399.0967939760085; 
16, -405.08137094427366; 
16, -382.2452816877194; 
16, -391.37241778391035; 
16, -374.2847788174113; 
16, -383.365063672456; 
16, -396.0381583571725; 
16, -390.3628014901842; 
16, -382.4638102161334; 
16, -390.70747247707914; 
16, -385.82737527036807; 
16, -402.80737423557; 
16, -404.08273753270623; 
16, -355.78213236694137; 
16, -341.86460033321055; 
16, -381.74234117740707; 
16, -394.39849204466736; 
16, -320.6048275966168; 
16, -346.3151501470784; 
16, -390.9451839620742; 
16, -402.450719236389; 
16, -351.8303876736463; 
16, -367.94119030985166; 
16, -363.31271899680723; 
16, -304.4127182364755; 
16, -380.01945563223853; 
16, -418.471015310075; 
16, -400.87521548671066; 
16, -328.96363760734675; 
16, -351.9209644761213; 
16, -413.8874433361125; 
16, -383.76743497431016; 
16, -393.53917293376435; 
16, -387.03755315775925; 
16, -283.3515296884725; 
16, -335.0614593655919; 
16, -412.3321375966334; 
16, -378.47900266123906; 
16, -302.16454302720376; 
16, -396.86562330399465; 
16, -365.11132859842473; 
16, -407.5081575143122; 
16, -403.4303915286655; 
16, -382.64468952280004; 
16, -384.90257764946; 
16, -405.1353719112376; 
16, -399.4218909445335; 
16, -385.830798046205; 
16, -381.3209380451808; 
16, -402.43064940365; 
16, -368.3715320142801; 
16, -387.0080676557336; 
16, -380.64940299577574; 
16, -370.8908303054777; 
16, -397.19158544093807; 
16, -384.58866096996644; 
16, -376.69921836059075; 
16, -389.4666213080636; 
16, -389.68528849723225; 
16, -383.5488576966163; 
16, -379.3770544860454; 
16, -393.2392172515101; 
16, -388.4324859775079; 
16, -379.8910648597084; 
16, -382.613019228811; 
16, -391.48099634710525; 
16, -369.95762755002943; 
16, -385.00216720291064; 
16, -278.3427908301819; 
16, -296.04777209239546; 
16, -383.06322203663876; 
16, -388.45045948082407; 
16, -378.2443568482413; 
16, -382.92094651120715; 
16, -367.1193226152827; 
16, -403.4837792242761; 
16, -412.1023318599182; 
16, -396.31929901336844; 
16, -375.2163828075718; 
16, -382.502279289125; 
16, -383.89596827131754; 
16, -375.7167919544736; 
16, -375.21000847566756; 
16, -393.2902766629704; 
16, -381.60804186284076; 
16, -384.2240253077907; 
16, -371.8183793486387; 
16, -379.64392465025594; 
16, -369.6432515348424; 
16, -380.0499901762669; 
16, -383.1232110999117; 
16, -368.0189778292115; 
16, -350.89938511322543; 
16, -396.4434662572312; 
16, -398.98747924063355; 
16, -408.2086164807697; 
16, -415.7893561239471; 
16, -403.9927644924028; 
16, -404.68316714114917; 
16, -373.818457616464; 
16, -407.49015496818174; 
16, -392.2867612390837; 
16, -376.4256102700456; 
16, -338.4343537054665; 
16, -290.51179176277947; 
16, -256.1453289329802; 
16, -197.40738468803465; 
16, -142.31297074530448; 
16, -122.22694605050492; 
16, -77.28170042295824; 
16, -98.10666576147196; 
16, -100.67826574524224; 
16, -172.10495875794732; 
16, -114.77334526969935; 
16, -309.89282392704627; 
16, -401.60131982088205; 
16, -366.81529274911736; 
16, -405.9679196287616; 
16, -335.26675725616224; 
16, -313.307994983712; 
16, -287.2349880835827; 
16, -366.8983889834635; 
16, -325.0423379855638; 
16, -393.48861881229095; 
16, -399.9956684607896; 
16, -383.452891081266; 
16, -423.46403654928145; 
16, -374.30008220741; 
16, -298.03649049735395; 
16, -362.2452638445975; 
16, -402.6456926924002; 
16, -417.76921708561713; 
16, -392.4215437197854; 
16, -362.61803302513727; 
16, -419.5177324247197; 
16, -371.95626401991467; 
16, -284.4527988578193; 
16, -290.90651902914396; 
16, -280.849773466849; 
16, -414.31343678083795; 
16, -408.0358759492956; 
16, -396.70412675544503; 
16, -398.8229265043483; 
16, -387.7585531116347; 
16, -367.3804956592794; 
16, -261.1220367136848; 
16, -249.4324024453672; 
16, -302.8016040256334; 
16, -386.8413204426033; 
16, -403.0331335959345; 
16, -384.47535343329946; 
16, -399.8475851602125; 
16, -388.2096064104553; 
16, -387.7558909928339; 
16, -373.5995411468466; 
16, -384.3751291309454; 
16, -391.1618169079011; 
16, -388.9431707531767; 
16, -412.2736391420476; 
16, -388.87444027667516; 
16, -391.4157852386852; 
16, -393.34998950819136; 
16, -398.2174280822801; 
16, -371.8440467586188; 
16, -377.98483435025264; 
16, -414.8774155078281; 
16, -389.3136215093109; 
16, -368.62231897765014; 
16, -266.7807157533098; 
16, -383.91566307972244; 
16, -398.14656071369245; 
16, -405.57678918041347; 
16, -379.0112859129731; 
16, -398.3318330200127; 
16, -396.0019028131064; 
16, -380.85887391013966; 
16, -373.87790771255095; 
16, -387.717234049589; 
16, -385.2502859737142; 
16, -384.535925617849; 
16, -396.74878743446607; 
16, -417.58525197196286; 
16, -311.3797959270305; 
16, -353.8525752614223; 
16, -428.0898476077855; 
16, -306.67543936910806; 
16, -337.28801984326856; 
16, -416.73022013442824; 
16, -396.42241752053087; 
16, -400.6567909421574; 
16, -392.07122561601864; 
16, -392.5622016098787; 
16, -330.0309035517421; 
16, -397.04426681701443; 
16, -404.411368654939; 
16, -372.9590234060306; 
16, -404.83903339883545; 
16, -399.83152802474797; 
16, -336.8905453771149; 
16, -289.1777347526222; 
16, -278.54263145365985; 
16, -397.385823388453; 
16, -393.3545399127761; 
16, -388.564960698699; 
16, -369.57204186382296; 
16, -394.9600387189712; 
16, -385.8417630156764; 
16, -403.5047635853116; 
16, -384.4236291828129; 
16, -399.9682789613871; 
16, -363.52689637172443; 
16, -343.1220310698991; 
16, -357.275494835616; 
16, -409.10240360155876; 
16, -403.9474247584003; 
16, -281.9214345622313; 
16, -208.33946956021828; 
16, -339.0664774951729; 
16, -416.85780381986115; 
16, -324.1336281278054; 
16, -313.55652569502126; 
16, -409.6338251293928; 
16, -411.8633289047284; 
16, -399.18111937333015; 
16, -410.31494684450445; 
16, -372.0469072222768; 
16, -384.69087033267715; 
16, -391.8304256665724; 
16, -397.2435990267986; 
16, -381.9448177026643; 
16, -363.53745674630045; 
16, -410.757784543719; 
16, -381.5541573111841; 
16, -381.92991029414407; 
16, -378.2238367475511; 
16, -404.29254424842657; 
16, -394.2722319489985; 
16, -398.83878328240826; 
16, -272.91613481164677; 
16, -283.16714802765637; 
16, -402.699239247042; 
16, -378.72285222806386; 
16, -397.5466956049204; 
16, -386.2910436936363; 
16, -381.616758794582; 
16, -404.15689318685327; 
16, -383.80844375982997; 
16, -376.52126225677785; 
16, -367.6722855968983; 
16, -415.23974479251774; 
16, -405.0216561136185; 
16, -326.80766998871695; 
16, -406.22692177811405; 
16, -413.2392738054914; 
16, -320.7199398226803; 
16, -416.9665894896316; 
16, -420.4651657361828; 
16, -416.9661407104868; 
16, -399.3200270651141; 
16, -377.429934848682; 
16, -410.9575005475199; 
16, -420.63955880579306; 
16, -408.7344080338371; 
16, -409.14868592401035; 
16, -227.68388452148065; 
16, -374.2005014621536; 
16, -400.80480705801165; 
16, -404.66195058380254; 
16, -398.58128040860174; 
16, -379.79849781203666; 
16, -399.9494058966811; 
16, -393.98840570411994; 
16, -394.55638553845347; 
16, -246.14622034475906; 
16, -343.388585344539; 
16, -384.0892149259744; 
16, -251.43186507362407; 
16, -342.26152978104074; 
16, -399.3061424335174; 
16, -394.84820874230354; 
16, -406.46118717759964; 
16, -406.27265514730243; 
16, -384.21091807167977; 
16, -394.6651274985925; 
16, -388.4295711185259; 
16, -332.3976124826004; 
16, -241.87033410021104; 
16, -217.70375733697438; 
16, -380.37282196155866; 
16, -397.84723127936013; 
16, -395.9684367139416; 
16, -389.81088019910385; 
16, -381.4232859976473; 
16, -398.9062936458213; 
16, -390.38879745514714; 
16, -390.5857151642558; 
16, -406.39201455094735; 
16, -376.05742720645503; 
16, -392.17793184448965; 
16, -391.3204677453614; 
16, -393.5309529151127; 
16, -396.22334937474807; 
16, -375.202742825757; 
16, -370.52858391337213; 
16, -374.23942596511915; 
16, -395.5396034810983; 
16, -402.135837909329; 
16, -380.4187871821923; 
16, -374.92589707562; 
16, -334.3353341543989; 
16, -328.62871299506514; 
16, -385.6162127495045; 
16, -372.1844485125039; 
16, -396.61375061044237; 
16, -377.08555745123886; 
16, -234.55438609034172; 
16, -359.19852159763104; 
16, -351.47877643909305; 
16, -307.0583265729365; 
16, -376.634947440878; 
16, -403.7847827707301; 
16, -406.1353240958997; 
16, -381.3208317574463; 
16, -385.249311900523; 
16, -312.11690893152263; 
16, -407.0515507227392; 
16, -400.7516955581086; 
16, -402.28338782611536; 
16, -431.87838148730225; 
16, -338.13204316049814; 
16, -304.69949458292103; 
16, -259.894252891856; 
16, -366.09444228871143; 
16, -410.6969999339781; 
16, -403.48661993272253; 
16, -332.9571965150535; 
16, -234.20262660522712; 
16, -194.54983186436584; 
16, -332.715032251901; 
16, -409.22218125130166; 
16, -385.34844425611664; 
16, -401.35765502025606; 
16, -340.03924605296925; 
16, -240.15186906297458; 
16, -322.6336219070072; 
16, -336.1614284517418; 
16, -244.8241129750968; 
16, -365.3234675186104; 
16, -342.9739786351274; 
16, -219.02474009478465; 
16, -397.9357929659891; 
16, -386.70071499812184; 
16, -403.5429642253148; 
16, -389.0682933833159; 
16, -329.93746690577245; 
16, -261.28500642851577; 
16, -402.4582060043176; 
16, -400.1555591682263; 
16, -367.81686580437236; 
16, -384.261572560441; 
16, -361.3755011915928; 
16, -376.71790473055444; 
16, -393.52370841577067; 
16, -401.3814213925798; 
16, -356.3128760693362; 
16, -389.2451845110918; 
16, -266.70612073878874; 
16, -330.6865960806317; 
16, -394.57450886184233; 
16, -396.242439704336; 
16, -431.99737679216196; 
16, -389.3869588615198; 
16, -389.8634002924664; 
16, -396.30060386811965; 
16, -361.6255957373651; 
16, -383.03579599939985; 
16, -251.9462725687772; 
16, -334.7573990226374; 
16, -404.96080598578556; 
16, -395.6381143431645; 
16, -282.3646108104731; 
16, -310.2717897625698; 
16, -430.6685541771876; 
16, -390.3862414120813; 
16, -407.5244540475833; 
16, -384.39678141544573; 
16, -405.50547562135034; 
16, -383.84337459880044; 
16, -397.3996007764654; 
16, -323.3064796110266; 
16, -327.06433573842514; 
16, -315.5985823223018; 
16, -287.6013388202409; 
16, -393.1288040819927; 
16, -237.28360394592164; 
16, -351.7710384153179; 
16, -346.55879114349955; 
16, -412.4345066884416; 
16, -410.2948725958413; 
16, -388.6941196945845; 
16, -415.2330441256927; 
16, -409.05550239185686; 
16, -378.807360396022; 
16, -344.37801646167645; 
16, -211.9281974459882; 
16, -238.44438091659686; 
16, -364.4307673732401; 
16, -355.90526957577094; 
16, -382.82167907318217; 
16, -400.92628497691476; 
16, -372.69191394446534; 
16, -396.25244274307624; 
16, -309.59211027645506; 
16, -321.073579705233; 
16, -403.74879032181343; 
16, -392.591961392347; 
16, -387.79082121443935; 
16, -363.05708603627863; 
16, -367.637256772432; 
16, -382.75362122574006; 
16, -385.13026872312184; 
16, -388.0424925100233; 
16, -399.27582932889345; 
16, -396.2662484649336; 
16, -406.8330117723963; 
16, -410.9280923779006; 
16, -406.3120785463834; 
16, -410.8664347200247; 
16, -402.75696533120936; 
16, -393.48929104572744; 
16, -412.73867027126835; 
16, -422.97318213424296; 
16, -391.2387054300343; 
16, -395.45568081902456; 
16, -404.5692672537698; 
16, -395.9034393161419; 
16, -379.62053851701785; 
16, -385.52831116801826; 
16, -385.2820202219591; 
16, -400.42604845846654; 
16, -323.232739136467; 
16, -259.27844588138396; 
16, -310.6860172031156; 
16, -338.15628649978316; 
16, -405.8838421384571; 
16, -413.80288609172567; 
16, -413.869622078113; 
16, -406.7909475375491; 
16, -404.4730001905409; 
16, -384.7503419049899; 
16, -403.56801555503625; 
16, -419.36774737990345; 
16, -310.2624599552655; 
16, -304.82613815838704; 
16, -417.5690127024718; 
16, -392.1975922389538; 
16, -409.1093389662565; 
16, -418.2081358851283; 
16, -417.29361805925146; 
16, -422.2282330740127; 
16, -353.4135364961985; 
16, -348.40669941477245; 
16, -399.1240975779074; 
16, -320.2823048440041; 
16, -301.8703270101978; 
16, -404.7621524996648; 
16, -376.2878122078837; 
16, -342.2148812782252; 
16, -397.56915836868575; 
16, -403.5682097916142; 
16, -382.23543176369276; 
16, -262.52727370121283; 
16, -366.7547731336963; 
16, -355.79236381995725; 
16, -392.73955787791056; 
16, -400.26065275096335; 
16, -423.1328519732342; 
16, -402.4037559412245; 
16, -407.1421881117567; 
16, -413.92705638727057; 
16, -413.1826706925349; 
16, -390.51078609825345; 
16, -391.767426271108; 
16, -408.68465916614514; 
16, -361.3491934159538; 
16, -351.3912210483977; 
16, -392.78473328155815; 
16, -398.80575875681825; 
16, -289.7844867989188; 
16, -325.4879367539543; 
16, -393.1848188994336; 
16, -400.6253327000013; 
16, -394.14475110013154; 
16, -421.32583771119243; 
16, -399.4663975221338; 
16, -410.59340972607606; 
16, -397.8799470779777; 
16, -324.68121110697393; 
16, -364.17662831235793; 
16, -260.5290543047886; 
16, -351.40223327084095; 
16, -319.6403886198823; 
16, -277.0495845572441; 
16, -411.32879477448296; 
16, -381.1655790703953; 
16, -296.8695889422088; 
16, -292.84349874570034; 
16, -254.31998703430872; 
16, -402.47986307082465; 
16, -386.32505416934146; 
16, -406.77012414473575; 
16, -402.9127991794958; 
16, -218.83042021424626; 
16, -326.02125212244573; 
16, -403.8331492152647; 
16, -405.1419131340517; 
16, -393.3172977826616; 
16, -400.1507096582209; 
16, -403.0763122184144; 
16, -425.444468369853; 
16, -392.1631732614478; 
16, -407.0593801611103; 
16, -408.91800872873864; 
16, -344.5256483151752; 
16, -372.8152454844676; 
16, -411.2636735731212; 
16, -394.64450742313056; 
16, -391.0068390634551; 
16, -415.8965239827812; 
16, -357.9478235054703; 
16, -314.2292107667017; 
16, -403.50786453072214; 
16, -325.44778518081876; 
16, -253.97033950066543; 
16, -278.54690081760054; 
16, -277.1905517124105; 
16, -390.7849615138257; 
16, -387.2047631755122; 
16, -403.02231641087565; 
16, -408.37217873107875; 
16, -415.98333826326416; 
16, -426.5480519460107; 
16, -408.2638637626951; 
16, -289.33740004341234; 
16, -296.5093701693695; 
16, -336.0254708575376; 
16, -309.1126103634888; 
16, -295.78272913527326; 
16, -295.6041238109756; 
16, -235.705803050776; 
16, -253.79530709554092; 
16, -385.4090322916745; 
16, -289.2553130679007; 
16, -311.9946973453043; 
16, -397.87557464814745; 
16, -394.0651507014991; 
16, -306.35513656953117; 
16, -239.55552182675456; 
16, -408.1323749809526; 
16, -389.19130708338344; 
16, -395.875678204844; 
16, -398.67159924664884; 
16, -378.59854050172726; 
16, -377.7431868117419; 
16, -399.7327615764225; 
16, -400.91075611065025; 
16, -395.443397483672; 
16, -397.2537296808732; 
16, -321.1350845655252; 
16, -233.42527843423886; 
16, -403.91691339426325; 
16, -397.442670394812; 
16, -395.6427444011497; 
16, -367.77349981616135; 
16, -388.153628907894; 
16, -366.59200361042167; 
16, -333.414177724364; 
16, -390.7296199431876; 
16, -393.9588417769701; 
16, -380.6804102396127; 
16, -244.73088438159903; 
16, -363.1053238681634; 
16, -327.69775826344267; 
16, -353.76114882936236; 
16, -397.133111039293; 
16, -417.51037378932233; 
16, -378.621878938342; 
16, -412.28232575775473; 
16, -426.9713279699208; 
16, -419.3246132451168; 
16, -410.9272528728179; 
16, -402.55800301302224; 
16, -408.0613632951281; 
16, -402.2681991470163; 
16, -419.2101478257682; 
16, -401.3043937346083; 
16, -422.02479265787406; 
16, -411.2272064759745; 
16, -397.35028333513765; 
16, -386.31139853893546; 
16, -426.0445547157433; 
16, -404.10868281667354; 
16, -399.1640474696178; 
16, -391.65246068686247; 
16, -394.96928066574037; 
16, -399.21852968184976; 
16, -409.09435808542185; 
16, -381.7794594001607; 
16, -343.3638293691911; 
16, -383.9012059812667; 
16, -384.4690360717359; 
16, -384.90091608988587; 
16, -323.3474174567964; 
16, -349.66289770038566; 
16, -325.3247376958607; 
16, -352.73763354396215; 
16, -366.5814916123636; 
16, -410.0301903867512; 
16, -395.695950762718; 
16, -390.82558373134816; 
16, -388.6056176798302; 
16, -383.933039305266; 
16, -388.4530782006914; 
16, -404.57610419846606; 
16, -383.1305801513372; 
16, -405.84058304165956; 
16, -407.74876982718706; 
16, -344.9770270517329; 
16, -281.37280852138065; 
16, -355.916265374457; 
16, -404.2388104656129; 
16, -417.5957780791796; 
16, -412.0664718328044; 
16, -416.6540520073031; 
16, -416.56232061830815; 
16, -406.7583995687892; 
16, -408.3944488588022; 
16, -357.90680514927953; 
16, -248.34104097430827; 
16, -403.1401261105784; 
16, -399.2122955164523; 
16, -305.711647732649; 
16, -226.14662307105027; 
16, -356.0760893779225; 
16, -405.968310485885; 
16, -383.1269760776195; 
16, -404.0523760635988; 
16, -415.4277471117093; 
16, -376.2183064945857; 
16, -225.3428554238053; 
16, -356.34315270453226; 
16, -392.1667053743149; 
16, -402.8662703461014; 
16, -259.96295143378666; 
16, -270.77927250158973; 
16, -400.3298827719991; 
16, -406.8039086262579; 
16, -395.22335439390736; 
16, -401.393641350267; 
16, -421.61373513477156; 
16, -392.07264797895914; 
16, -387.8613117955392; 
16, -323.37387154472526; 
16, -225.04852455930086; 
16, -401.40563602145994; 
16, -345.5081007074914; 
16, -289.94410682696616; 
16, -206.85782957507763; 
16, -399.85657794831786; 
16, -397.99238684936427; 
16, -399.7237451202236; 
16, -405.70052663219394; 
16, -382.2411292201723; 
16, -356.27147523208987; 
16, -262.0573524875217; 
16, -345.76946872565895; 
16, -223.27201656560646; 
16, -266.81026463775197; 
16, -390.3430840886431; 
16, -413.88586327288067; 
16, -396.4781241535675; 
16, -399.36422017478617; 
16, -380.07027155335527; 
16, -403.6153482591035; 
16, -397.6932678070734; 
16, -393.5218646386638; 
16, -266.1677134448546; 
16, -305.04453048604773; 
16, -378.3974080804037; 
16, -384.84124811331276; 
16, -305.58822450140724; 
16, -324.0385287210229; 
16, -287.948719368258; 
16, -267.0664002824924; 
16, -416.78049571602605; 
16, -404.8306846464984; 
16, -350.6340340116294; 
16, -406.2663027444505; 
16, -406.7086179787293; 
16, -409.91593612503493; 
16, -411.15242388122715; 
16, -414.2165176855051; 
16, -350.29161018383456; 
16, -394.92475376999937; 
16, -221.7487024507136; 
16, -302.8244570121751; 
16, -310.1116304291645; 
16, -386.55869297723984; 
16, -395.007315173978; 
16, -411.6473571435781; 
16, -401.95065907092066; 
16, -382.934200856369; 
16, -283.3514817044488; 
16, -406.6113068620907; 
16, -407.4614868743229; 
16, -394.27464476961177; 
16, -407.5728534627706; 
16, -424.3726931454148; 
16, -414.8944018004695; 
16, -410.66145934769884; 
16, -383.27900240931194; 
16, -332.35008616850246; 
16, -196.87373649299843; 
16, -280.40439627046; 
16, -276.8461869471939; 
16, -234.3307965688873; 
16, -407.5136597009259; 
16, -417.84635608037934; 
16, -400.3289779322222; 
16, -394.2706545519177; 
16, -380.988692662213; 
16, -373.95389544632053; 
16, -402.46204915613635; 
16, -403.28504294803133; 
16, -374.9653626210056; 
16, -245.32896656473167; 
16, -391.57170457800385; 
16, -406.0933834349271; 
16, -405.90552119317; 
16, -355.1048190785805; 
16, -358.8465773789212; 
16, -257.29752578336047; 
16, -250.90980699966894; 
16, -394.6602950626402; 
16, -376.70090360037284; 
16, -398.5024419714464; 
16, -399.9376118495129; 
16, -411.34789799910504; 
16, -382.3185073763598; 
16, -389.64467993949074; 
16, -405.51164963294286; 
16, -393.6938109615585; 
16, -416.8609499220038; 
16, -389.28514164459193; 
16, -389.3999035459128; 
16, -393.5762176566641; 
16, -387.9717218472506; 
16, -377.0228805398219; 
16, -403.6874949146877; 
16, -414.6600038257893; 
16, -389.2259960640222; 
16, -384.9242574752425; 
16, -391.0588485315093; 
16, -412.0813792477129; 
16, -398.805867122137; 
16, -386.8199811881059; 
16, -401.50074077869067; 
16, -393.999889572151; 
16, -406.38021753763314; 
16, -349.755777772516; 
16, -316.6017205029493; 
16, -411.21472519193776; 
16, -385.2006125114858; 
16, -401.6964516848675; 
16, -274.2817638751003; 
16, -310.4738994517829; 
16, -254.66078467742773; 
16, -281.2415952773881; 
16, -297.1696077896049; 
16, -184.11673042958137; 
16, -384.6557297803229; 
16, -410.2046489857603; 
16, -404.796891817532; 
16, -393.2027371212025; 
16, -417.26082622178365; 
16, -392.02043047896586; 
16, -387.8030995413428; 
16, -391.4792544823722; 
16, -402.0205546696088; 
16, -400.8612174447626; 
16, -412.1012475725147; 
16, -373.8960195115651; 
16, -420.0056424845243; 
16, -402.06800334877335; 
16, -329.8730936329812; 
16, -229.86501975578722; 
16, -390.2127091754228; 
16, -388.88673810189357; 
16, -393.4504522745847; 
16, -237.24809367832495; 
16, -226.6563693995122; 
16, -400.51955781911965; 
16, -401.794165551255; 
16, -390.2839204844786; 
16, -397.3613979596412; 
16, -395.51088152459124; 
16, -409.33560984692303; 
16, -389.9143211017363; 
16, -399.84259160771035; 
16, -403.69274113775464; 
16, -421.793791691598; 
16, -384.8584419308463; 
16, -384.0472240197705; 
16, -390.11086813616566; 
16, -345.86227345251245; 
16, -313.66298034315696; 
16, -394.97098821238615; 
16, -241.1310309584951; 
16, -211.18021283112466; 
16, -395.2321346438257; 
16, -390.1708565694862; 
16, -419.1146779152914; 
16, -256.50989854877116; 
16, -262.9158376005362; 
16, -406.8471812448697; 
16, -396.8458701100899; 
16, -388.41213963215705; 
16, -324.4962727644015; 
16, -183.37194539420307; 
16, -167.5140454817447; 
16, -139.9354371718946; 
16, -142.05783974181395; 
16, -309.7153052915237; 
16, -296.48691409104504; 
16, -183.88829425966833; 
16, -276.33806525956606; 
16, -401.07601536496077; 
16, -403.1089628264308; 
16, -403.4586442161817; 
16, -330.1051035724231; 
16, -238.41928165359423; 
16, -311.08371093083406; 
16, -385.95385458832607; 
16, -410.01341826072894; 
16, -375.1647764702211; 
16, -395.59716733160894; 
16, -381.73984203708824; 
16, -394.4442386740702; 
16, -375.80616635771; 
16, -395.0347786498023; 
16, -392.87490483385045; 
16, -386.9457657185267; 
16, -368.1297664891463; 
16, -368.59114391874755; 
16, -389.9182285531424; 
16, -361.7713647343335; 
16, -408.1136582089239; 
16, -357.6896525512566; 
16, -291.25136765971547; 
16, -249.08396387891844; 
16, -192.94917744176928; 
16, -187.74988358840346; 
16, -396.57289636071073; 
16, -401.33470282371854; 
16, -391.12959970219526; 
16, -389.70426513050916; 
16, -373.2096279367688; 
16, -392.9601032512728; 
16, -390.1646714612143; 
16, -380.1509116665111; 
16, -382.1585197884124; 
16, -376.18369214824634; 
16, -393.6901823579101; 
16, -388.2220976584358; 
16, -390.0629062076914; 
16, -377.417067164788; 
16, -420.7854805989773; 
16, -387.09333714074455; 
16, -380.3799764267751; 
16, -389.27969264710555; 
16, -417.7141986875795; 
16, -399.1903683739947; 
16, -418.2205844526761; 
16, -422.06967822945444; 
16, -418.787265074905; 
16, -415.84779348707525; 
16, -381.31521763425553; 
16, -374.1588283585734; 
16, -387.34332435339456; 
16, -386.51106751855696; 
16, -383.0678838798194; 
16, -403.1489528858219; 
16, -406.4570843001129; 
16, -378.51423000043724; 
16, -392.8238615571754; 
16, -403.4809034902137; 
16, -397.94959800952347; 
16, -386.56979969353415; 
16, -392.404763116152; 
16, -404.8768943118048; 
16, -371.871762172319; 
16, -332.96205523912795; 
16, -384.6336116344319; 
16, -383.3928697577212; 
16, -215.3532405552687; 
16, -292.3545287173474; 
16, -368.33868129138136; 
16, -385.94068496703403; 
16, -375.8005471503129; 
16, -378.88007194100646; 
16, -394.65230920515023; 
16, -380.22430144588; 
16, -371.26125506835524; 
16, -390.6046170151094; 
16, -370.7115002288483; 
16, -397.7698779370985; 
16, -376.8851333184866; 
16, -385.5722773919115; 
16, -377.8994165385375; 
16, -404.4429115738021; 
16, -385.84129899920663; 
16, -408.0449443802936; 
16, -404.0436186307343; 
16, -427.0272402871633; 
16, -399.0300820611301; 
16, -388.1510046662879; 
16, -343.3902937131352; 
16, -378.47185840830207; 
16, -386.4274213380413; 
16, -411.0355568722589; 
16, -374.14914995996514; 
16, -380.33345989632653; 
16, -408.6808677658555; 
16, -305.59074815909844; 
16, -201.66035705560353; 
16, -198.85394003341207; 
16, -328.56072659621714; 
16, -391.63582750374917; 
16, -409.63101935904706; 
16, -410.04870145360474; 
16, -397.5185264875181; 
16, -394.37719905923586; 
16, -393.17408005002653; 
16, -365.46549717662856; 
16, -356.50904888188234; 
16, -381.37697428435786; 
16, -380.9792957249447; 
16, -381.5645651165396; 
16, -410.41700316761853; 
16, -393.51096110622166; 
16, -386.7713115857914; 
16, -385.1986347724451; 
16, -390.58060795394704; 
16, -381.7925244461512; 
16, -261.23949265270494; 
16, -351.8741255090572; 
16, -363.9300147232134; 
16, -405.37692101253197; 
16, -389.76066814980004; 
16, -390.17374977184227; 
16, -381.2748714258778; 
16, -387.389545413258; 
16, -394.13170486711897; 
16, -391.3501372426399; 
16, -380.73057039943524; 
16, -403.27465847996064; 
16, -409.2485969294794; 
16, -412.51343303971225; 
16, -392.84665843332186; 
16, -374.99455379578285; 
16, -379.23136873630574; 
16, -394.71184081194224; 
16, -266.59638639743207; 
16, -230.3381502594566; 
16, -387.7512565301731; 
16, -396.2430264673894; 
16, -385.3164162589819; 
16, -373.8216230054968; 
16, -311.180403020815; 
16, -232.4772440122906; 
16, -382.5270397477434; 
16, -370.9808822105988; 
16, -382.75971779291285; 
16, -379.36662616883405; 
16, -412.62374829297187; 
16, -392.0391933291685; 
16, -376.5660419719061; 
16, -401.6725156541215; 
16, -369.7111700223177; 
16, -375.63276640494587; 
16, -393.6998807057971; 
16, -380.8202522076899; 
16, -388.3247848711908; 
16, -385.5935128668207; 
16, -377.43752945930464; 
16, -392.8853284694487; 
16, -388.3486819881946; 
16, -383.01464116503485; 
16, -402.879122648912; 
16, -419.32015048491303; 
16, -409.66104698501294; 
16, -370.05836697656196; 
16, -404.4227116344264; 
16, -387.9670446864329; 
16, -419.14105616812594; 
16, -400.55187526973896; 
16, -389.2012313893065; 
16, -389.01378945662873; 
16, -386.045225440932; 
16, -392.9453062705579; 
16, -335.2689136865665; 
16, -321.316949838656; 
16, -416.31688105425565; 
16, -401.32993215788156; 
16, -402.12652998347767; 
16, -411.1137530084816; 
16, -249.01611351512838; 
16, -193.74200434220256; 
16, -342.75590751034906; 
16, -405.069919128262; 
16, -384.53572283830727; 
16, -333.5326000425266; 
16, -377.0030713909073; 
16, -386.04021045786794; 
16, -380.9767667815904; 
16, -395.62359924591146; 
16, -425.98284176917514; 
16, -407.6595256575383; 
16, -389.2299167861347; 
16, -372.49583870067727; 
16, -339.0561035199207; 
16, -298.9720131892245; 
16, -361.1359915761277; 
16, -382.0077171031735; 
16, -395.07678764197044; 
16, -349.4799041716615; 
16, -179.16671263542958; 
16, -325.9474537727656; 
16, -399.9937623118167; 
16, -385.58168595057214; 
16, -390.2214746492682; 
16, -373.6525407093577; 
16, -370.4298883768497; 
16, -395.56379302730784; 
16, -393.53191675944254; 
16, -404.71361699397676; 
16, -393.50693198264344; 
16, -395.46146890416276; 
16, -394.70551482302835; 
16, -403.5648864185787; 
16, -399.49220032873563; 
16, -419.453232042375; 
16, -392.4954313535709; 
16, -311.22861206845846; 
16, -229.54823704378214; 
16, -382.56032670498826; 
16, -387.1520697035012; 
16, -403.9441089394386; 
16, -413.7396859746077; 
16, -351.4967541442602; 
16, -319.7807157076895; 
16, -320.92638090334367; 
16, -390.9096650733263; 
16, -259.02389760047663; 
16, -235.15639412304154; 
16, -393.0404341399553; 
16, -278.17401491856435; 
16, -240.5679225284839; 
16, -206.93547169695375; 
16, -428.3388098918367; 
16, -403.34211735159624; 
16, -389.7352408032166; 
16, -379.95488427893724; 
16, -368.2277802035096; 
16, -386.7051192076178; 
16, -381.6230824228842; 
16, -384.88362892810255; 
16, -402.04184135608375; 
16, -389.92159679776523; 
16, -397.97305285267066; 
16, -400.4307253091829; 
16, -407.4258497437113; 
16, -383.2064481326961; 
16, -374.59367092099274; 
16, -393.97421439830214; 
16, -380.36310317885363; 
16, -415.8390626141918; 
16, -385.4695387313259; 
16, -390.60043401503935; 
16, -378.252554013161; 
16, -399.257565891603; 
16, -388.5485037082108; 
16, -379.2578845358803; 
16, -376.0170851458679; 
16, -391.77754835324595; 
16, -380.3110561761423; 
16, -385.06052149570314; 
16, -391.20217439479893; 
16, -387.94162516325014; 
16, -342.02703791635577; 
16, -354.825108380639; 
16, -375.7971480676788; 
16, -380.7983759471099; 
16, -384.53106743254466; 
16, -389.0592959622154; 
16, -398.4284897937323; 
16, -414.0234762740438; 
16, -402.46316333604045; 
16, -377.4234013170353; 
16, -386.4495951743447; 
16, -403.2111815632088; 
16, -405.22379728913074; 
16, -282.6106641521328; 
16, -233.0270174104371; 
16, -401.35738382005366; 
16, -387.02063859958434; 
16, -405.87040288967546; 
16, -411.1063075949787; 
16, -300.9808914709138; 
16, -338.96890962240286; 
16, -378.89996927790344; 
16, -378.5003912568791; 
16, -386.44361745612696; 
16, -379.20011664100457; 
16, -399.54651964997174; 
16, -401.27555825939635; 
16, -404.1289571879897; 
16, -363.37002964131534; 
16, -389.4290904131485; 
16, -385.34490608464694; 
16, -389.4091274839593; 
16, -378.26230696355924; 
16, -380.0685060186661; 
16, -399.6654236908071; 
16, -391.36685114353895; 
16, -373.08060695196036; 
16, -347.47397412057035; 
16, -375.50444735150086; 
16, -373.75844237511046; 
16, -383.56150214612717; 
16, -397.85245832579676; 
16, -405.77052948239725; 
16, -393.8358650446753; 
16, -400.30137609835947; 
16, -403.73433347814716; 
16, -410.5905546977301; 
16, -261.23255476146005; 
16, -241.28480879584095; 
16, -265.55279630445875; 
16, -256.16228721430525; 
16, -266.62614743987797; 
16, -180.45111383654876; 
16, -316.17836454173084; 
16, -220.0311841458315; 
16, -315.1383848625701; 
16, -262.40677177056205; 
16, -218.02071769430768; 
16, -316.70284819277003; 
16, -392.5985294273705; 
16, -389.11239968269365; 
16, -406.70248484180775; 
16, -389.66495105071226; 
16, -378.6872819517157; 
16, -391.639110223623; 
16, -383.464468700462; 
16, -371.25737184868194; 
16, -346.75958064442966; 
16, -319.5163366665365; 
16, -324.88709755649325; 
16, -348.14506632316625; 
16, -383.4312345190556; 
16, -232.61853063525632; 
16, -314.76600044680526; 
16, -267.2943149643834; 
16, -205.08395661885152; 
16, -384.9367699373979; 
16, -374.40625506296055; 
16, -395.11547110718675; 
16, -386.48701796337264; 
16, -403.44565212895395; 
16, -381.99862089031376; 
16, -373.0070293369354; 
16, -198.48559506534366; 
16, -309.8546827203827; 
16, -256.81655006838264; 
16, -269.9537563135964; 
16, -233.0031201702077; 
16, -381.817641811911; 
16, -317.2362082535401; 
16, -222.53294658567756; 
16, -386.370490649424; 
16, -403.2066662784782; 
16, -375.71682585880626; 
16, -395.01744162256364; 
16, -406.96343472856097; 
16, -410.76919209450716; 
16, -250.99251870327862; 
16, -291.9124181374209; 
16, -407.6443810215569; 
16, -410.84069103671936; 
16, -404.3957888659206; 
16, -394.4738501777174; 
16, -301.4155685202568; 
16, -239.35970943502616; 
16, -250.64246707432903; 
16, -384.5612509994535; 
16, -399.2693636446493; 
16, -348.4049582122825; 
16, -199.90703313727863; 
16, -234.44466251396807; 
16, -294.70256303751376; 
16, -401.5705047037918; 
16, -409.449676487071; 
16, -389.96826264169067; 
16, -400.7413408642169; 
16, -397.57029027916724; 
16, -421.8779325700016; 
16, -411.6059623778565; 
16, -419.84127144061495; 
16, -398.4135779402568; 
16, -384.61879441328347; 
16, -376.31620243220823; 
16, -372.2482392266975; 
16, -383.0981461305637; 
16, -377.5460433770204; 
16, -386.65457716799574; 
16, -385.47917203995166; 
16, -396.3768266327679; 
16, -343.74967120430665; 
16, -362.85351563821314; 
16, -372.03845682000974; 
16, -369.71767081622966; 
16, -388.1848335423274; 
16, -382.2933824994252; 
16, -397.80673578439746; 
16, -371.7379326534574; 
16, -390.3889317084104; 
16, -375.23138084926177; 
16, -365.3346791410004; 
16, -386.9566872299765; 
16, -391.57860360015184; 
16, -368.39609982899856; 
16, -392.9550430079107; 
16, -376.3829855983495; 
16, -388.759084570338; 
16, -395.43368653889047; 
16, -387.960542032728; 
16, -393.2354302973836; 
16, -386.85220123734325; 
16, -395.78861388971563; 
16, -367.26666475611273; 
16, -402.5767191599589; 
16, -392.1629127461929; 
16, -382.00001009285916; 
16, -395.62236105510965; 
16, -397.4651310254121; 
16, -390.364334792248; 
16, -371.524901363533; 
16, -401.08093749254476; 
16, -382.3601000714116; 
16, -388.5977429767372; 
16, -402.9792103666696; 
16, -386.7482548095286; 
16, -380.13983335270314; 
16, -228.617013592273; 
16, -285.2850812902907; 
16, -388.5078910138691; 
16, -373.97305861249333; 
16, -373.01568519562716; 
16, -392.31474877143046; 
16, -389.88692829030333; 
16, -382.12784683250356; 
16, -370.3129786654026; 
16, -395.3563451374648; 
16, -378.34941165946657; 
16, -359.17757712025195; 
16, -380.4253462438355; 
16, -384.6457844671095; 
16, -402.8679318255163; 
16, -380.2514983416768; 
16, -381.4475055690855; 
16, -376.61052939505316; 
16, -366.1674525356502; 
16, -391.6863687763107; 
16, -365.90355465875473; 
16, -382.92156899085967; 
16, -380.9817988058203; 
16, -376.2719955887296; 
16, -384.15141928044613; 
16, -374.12984119489556; 
16, -326.8773145219893; 
16, -274.8141335953842; 
16, -369.8926163262804; 
16, -388.0756074350793; 
16, -384.9149962583906; 
16, -373.548024178599; 
16, -382.56571554159746; 
16, -375.534205703123; 
16, -420.7931672417908; 
16, -387.5107121957699; 
16, -379.5217314118054; 
16, -381.0696797629935; 
16, -356.89890531252604; 
16, -394.0592714343802; 
16, -367.2848255173885; 
16, -374.4695686477353; 
16, -383.31979427544866; 
16, -386.7734800170292; 
16, -394.416332800698; 
16, -389.13673174614087; 
16, -383.88310134306084; 
16, -379.4881953414297; 
16, -380.3075289411936; 
16, -392.41889946942683; 
16, -388.5118373739533; 
16, -396.5908210950438; 
16, -399.7127155821072; 
16, -380.64163234631997; 
16, -372.23519940534607; 
16, -401.607034662622; 
16, -373.4622102836147; 
16, -388.93724471505266; 
16, -331.6831690870458; 
16, -384.4093426008476; 
16, -384.1555252945982; 
16, -382.2185584624531; 
16, -399.2762960680993; 
16, -400.8899196255952; 
16, -375.0685428546276; 
16, -401.12085536844097; 
16, -403.94642968522385; 
16, -378.29092073475476; 
16, -394.92987367883325; 
16, -376.90090948622674; 
16, -387.16344670637045; 
16, -378.1808760181302; 
16, -365.9682315051323; 
16, -389.5575062733842; 
16, -391.52088156039827; 
16, -379.1996737062; 
16, -403.41428451577667; 
16, -391.1904478799552; 
16, -382.50140929978807; 
16, -375.4462603034917; 
16, -360.32033678516746; 
16, -398.73342847428285; 
16, -396.2820682589663; 
16, -386.6515165196033; 
16, -393.3175693268422; 
16, -404.84396435983945; 
16, -385.4970972975716; 
16, -387.75611514935736; 
16, -379.79895985487383; 
16, -392.2124532980379; 
16, -374.24756754294503; 
16, -391.80265323410276; 
16, -390.8802485308843; 
16, -379.58631427644286; 
16, -390.2781691653654; 
16, -386.48104931332637; 
16, -391.8147533420706; 
16, -363.6638224620838; 
16, -377.16802197659854; 
16, -400.77119441714603; 
16, -391.1219975382555; 
16, -369.9980756366858; 
16, -368.4020041336771; 
16, -393.31211008050013; 
16, -382.7995688150404; 
16, -396.3657169020735; 
16, -382.46232019830495; 
16, -384.32934574922547; 
16, -376.76758822402917; 
16, -342.99504177621566; 
16, -373.2101412197808; 
16, -387.8015104503138; 
16, -394.81286237749737; 
16, -226.22552574949805; 
16, -295.10123426804785; 
16, -379.3624242498772; 
16, -393.8528377606999; 
16, -385.19164933857974; 
16, -388.79812164092436; 
16, -363.4428668097826; 
16, -394.07259238674305; 
16, -378.2446142354747; 
16, -393.1222739844816; 
16, -372.9213844866026; 
16, -398.1914932768559; 
16, -381.67083030194044; 
16, -403.7799156754045; 
16, -379.0220822794363; 
16, -379.74951576348394; 
16, -385.1717048147693; 
16, -385.9651138173649; 
16, -389.3375837478088; 
16, -396.1778551278403; 
16, -394.8257064120844; 
16, -392.90710157866124; 
16, -398.249285444268; 
16, -391.5347329719225; 
16, -380.56324442266487; 
16, -384.61362946103327; 
16, -372.4429143650923; 
16, -384.2520447772695; 
16, -400.7539677572204; 
16, -378.7139031792758; 
16, -387.189122557058; 
16, -395.6913036017213; 
16, -382.1404518187046; 
16, -393.900041382527; 
16, -384.9882070401218; 
16, -376.3843475319445; 
16, -358.8616587779252; 
16, -366.3982042800635; 
16, -375.1073034352157; 
16, -372.29102509398945; 
16, -383.1311811968917; 
16, -322.58500904019456; 
16, -292.0267901077168; 
16, -381.0101753512863; 
16, -390.16070158430375; 
16, -381.7300941145513; 
16, -393.0017401690129; 
16, -372.9565385901369; 
16, -383.66121625888627; 
16, -384.14317982294597; 
16, -382.48610703868326; 
16, -373.1247030631639; 
16, -382.7656188814435; 
16, -397.4758006683551; 
16, -388.1610429418506; 
16, -386.5537155113416; 
16, -380.9829607727006; 
16, -387.68547654058784; 
16, -399.3858107429696; 
16, -393.4532037904719; 
16, -393.8341602908913; 
16, -414.3615465264302; 
16, -371.73658800311387; 
16, -403.0944579784991; 
16, -403.9462715439731; 
16, -393.7980695570586; 
16, -372.5325888179941; 
16, -390.4119306349894; 
16, -383.81765221070964; 
16, -379.91312204347923; 
16, -391.9115570225986; 
16, -392.5459814151982; 
16, -388.54541110107675; 
16, -380.01923569059; 
16, -250.99113834672607; 
16, -257.4361196431564; 
16, -380.177739958046; 
16, -401.22029560722876; 
16, -375.6843969398178; 
16, -398.4098926417064; 
16, -362.59890227171127; 
16, -363.2856045200024; 
16, -370.4147087339079; 
16, -379.4248617903795; 
16, -380.1263394751586; 
16, -373.08221282053273; 
16, -383.4255578221055; 
16, -393.2137831210857; 
16, -380.3357112992089; 
16, -231.01698216190562; 
16, -345.2455845908262; 
16, -408.15997755608987; 
16, -409.06629306066316; 
16, -210.46878348465543; 
16, -239.04159840685315; 
16, -363.12492492597084; 
16, -242.33086660073604; 
16, -366.0890743768541; 
16, -395.262445148197; 
16, -392.1154232629342; 
16, -384.5641189144226; 
16, -387.6269561329391; 
16, -396.16730342642404; 
16, -388.1907775293803; 
16, -391.3773210364161; 
16, -366.13163307122886; 
16, -375.9463490305934; 
16, -294.53999429172836; 
16, -315.1015431266278; 
16, -379.3614613034297; 
16, -377.618664065958; 
16, -394.6298558777198; 
16, -386.8015830286313; 
16, -397.4990756077459; 
16, -385.56636982492637; 
16, -402.6879677568795; 
16, -385.5216040406376; 
16, -369.4553490834078; 
16, -383.98603177582845; 
16, -378.1247107827803; 
16, -387.94611092377454; 
16, -380.1162708681077; 
16, -372.89591164153535; 
16, -396.379367717891; 
16, -364.116325310315; 
16, -355.70452490239404; 
16, -380.6557961589424; 
16, -373.3086378999287; 
16, -373.32370870083105; 
16, -371.7348641145509; 
16, -385.4230744433589; 
16, -383.75360563315917; 
16, -366.88208658923395; 
16, -363.8793655531481; 
16, -384.45309560128953; 
16, -371.5836835571099; 
16, -385.45622778101824; 
16, -363.4586751110619; 
16, -386.3090029290179; 
16, -374.70413379964884; 
16, -366.28765769081656; 
16, -397.79870849393774; 
16, -381.8149409526959; 
16, -365.90567698853556; 
16, -391.0252376573626; 
16, -385.0360110804904; 
16, -372.89519292803016; 
16, -338.78783213708084; 
16, -374.63408509723376; 
16, -381.2818632972194; 
16, -379.71865350648295; 
16, -387.89671056030784; 
16, -356.93289196444675; 
16, -361.0699961397331; 
16, -393.29081101715565; 
16, -363.44223107991274; 
16, -372.2399848474888; 
16, -373.6037933144253; 
16, -405.8672302494524; 
16, -371.2342594265938; 
16, -375.5818472743267; 
16, -373.74017826421186; 
16, -364.02817261533346; 
16, -382.5037634187611; 
16, -378.2317360981833; 
16, -390.8674356547417; 
16, -355.8291333607631; 
16, -206.1871462292038; 
16, -352.11908675637096; 
16, -398.0177585516358; 
16, -366.7574794179527; 
16, -374.9046916133957; 
16, -364.87342027947307; 
16, -385.0301161275711; 
16, -372.424580671126; 
16, -378.61242601950653; 
16, -387.20705736381933; 
16, -358.3990110728191; 
16, -362.76693114603404; 
16, -360.88623368984554; 
16, -360.4319320890354; 
16, -374.7058670130791; 
16, -366.7345452515874; 
16, -378.732259821496; 
16, -385.3581131194951; 
16, -390.88935725740157; 
16, -369.624813206261; 
16, -370.20678846002556; 
16, -398.02629495738074; 
16, -368.6222963404143; 
16, -381.41157022386324; 
16, -373.1224390466232; 
16, -372.4817739870632; 
16, -385.5062987053534; 
16, -390.91026108094957; 
16, -381.6076642978005; 
16, -388.29338145814836; 
16, -345.3574291096302; 
16, -385.3035889926832; 
16, -372.590960041387; 
16, -354.6677823974751; 
16, -373.9872385347262; 
16, -281.4095681810286; 
16, -330.3765752156032; 
16, -389.94046847277787; 
16, -372.129737455165; 
16, -398.3386607574066; 
16, -380.94810030271765; 
16, -383.84406062739436; 
16, -366.99618143425323; 
16, -369.67128512612544; 
16, -381.6552692503901; 
16, -372.00901993887965; 
16, -374.6455014322419; 
16, -394.45225440559443; 
16, -386.1729835625738; 
16, -378.8518870988628; 
16, -370.8503214479424; 
16, -364.458033125964; 
16, -246.57299260795116; 
16, -308.3290417798562; 
16, -367.18761982535943; 
16, -200.08070059900638; 
16, -259.41917449526954; 
16, -338.1858594958903; 
16, -252.86636753333732; 
16, -242.39026524452493; 
16, -276.42808439873625; 
16, -204.22917104547378; 
16, -314.978688118048; 
16, -309.0634393382352; 
16, -358.5682927503949; 
16, -389.4350951606175; 
16, -359.6527196946554; 
16, -228.84165622491855; 
16, -363.24858270783443; 
16, -388.46227867528796; 
16, -391.082259550225; 
16, -311.38718791585416; 
16, -306.7508535357192; 
16, -384.75155419681687; 
16, -388.1029924065806; 
16, -382.01589431159664; 
16, -394.10051526059397; 
16, -392.8401419732254; 
16, -366.115743865259; 
16, -382.25428240792826; 
16, -398.354755993234; 
16, -384.76432861946523; 
16, -392.6730694171274; 
16, -350.69438760716; 
16, -282.4554177058162; 
16, -369.59395371971186; 
16, -265.58341054013; 
16, -348.5882259196369; 
16, -367.1077005426632; 
16, -228.01839574042242; 
16, -351.80167913169134; 
16, -357.31615438719746; 
16, -341.49678654177114; 
16, -206.49588570860215; 
16, -390.38633345102426; 
16, -267.55889986199327; 
16, -243.75877635041252; 
16, -247.30302197113633; 
16, -391.88619274052326; 
16, -422.75211676361505; 
16, -409.1988880073186; 
16, -410.1000954826595; 
16, -313.02336522738915; 
16, -220.29513603448868; 
16, -296.2852778539527; 
16, -294.3090241138125; 
16, -222.63584740657825; 
16, -302.55518799403217; 
16, -256.1788068553433; 
16, -359.5841774373548; 
16, -384.17227734602056; 
16, -196.11304590082727; 
16, -294.2244332691189; 
16, -390.9311946404632; 
16, -397.92111755127553; 
16, -408.62736266327556; 
16, -417.0452050071908; 
16, -353.31274457403924; 
16, -231.92686489608604; 
16, -306.6942093219841; 
16, -214.7770150557626; 
16, -244.33558647683822; 
16, -253.699068417307; 
16, -249.5726126136724; 
16, -253.33749697601888; 
16, -264.2067999189021; 
16, -255.10481427866034; 
16, -310.20593398297206; 
16, -313.2635280638933; 
16, -374.2121561967069; 
16, -357.0179769449169; 
16, -304.2885299664922; 
16, -318.40035794652067; 
16, -311.7779936804436; 
16, -290.38142450293526; 
16, -270.6615752559155; 
16, -299.77885876386426; 
16, -240.66093372227624; 
16, -241.8000201707473; 
16, -202.96505741693545; 
16, -241.26412318903022; 
16, -204.39990688464604; 
16, -217.47097438119818; 
16, -159.4549496487016; 
16, -212.8588073553983; 
16, -198.58005498244893; 
16, -155.87039230531082; 
16, -365.70436201256234; 
16, -359.3537276381394; 
16, -238.10205687547568; 
16, -326.5197182070697; 
16, -328.50045556225814; 
16, -337.72621955291834; 
16, -124.29044572473504; 
16, -351.6270670032827; 
16, -401.9187707052333; 
16, -406.5980288358405; 
16, -404.02281984721776; 
16, -367.8976743641542; 
16, -405.49344999180175; 
16, -384.850352336769; 
16, -379.2839511105558; 
16, -390.1481613513315; 
16, -334.21804643177893; 
16, -223.97968857118394; 
16, -216.72148759535048; 
16, -191.58862821199; 
16, -101.07017469638959; 
16, -104.57891705306247; 
16, -87.02222161972895; 
16, -183.67553617444355; 
16, -249.6320706739789; 
16, -294.84747180109844; 
16, -395.84994049405213; 
16, -375.1067617976805; 
16, -407.01791013462935; 
16, -400.51541706966236; 
16, -417.97932124405634; 
16, -397.8864531250438; 
16, -383.4503051423235; 
16, -408.45731001649983; 
16, -395.2361423880793; 
16, -410.0310812459793; 
16, -399.76098468736745; 
16, -301.65465200447943; 
16, -192.89675705262925; 
16, -296.82005079626106; 
16, -271.77245595736895; 
16, -199.15854896686506; 
16, -246.20292681455612; 
16, -247.1700090841623; 
16, -321.58124275517184; 
16, -243.8030579277547; 
16, -192.94197449914645; 
16, -286.5232149894582; 
16, -307.5842740772059; 
16, -194.22605017840397; 
16, -419.99837168410886; 
16, -325.61084706161637; 
16, -215.71817247231957; 
16, -172.001439957181; 
16, -294.239192884299; 
16, -342.3495188250672; 
16, -204.40521758596878; 
16, -336.66558503743727; 
16, -335.7137874062173; 
16, -432.02548603795003; 
16, -403.15888651355635; 
16, -416.501551813446; 
16, -387.07035839546006; 
16, -292.3551180586219; 
16, -251.1376600137446; 
16, -397.00514628505334; 
16, -254.91649394331034; 
16, -341.03498912102077; 
16, -280.8468668584246; 
16, -298.9455413091928; 
16, -262.8574997666292; 
16, -160.08589491958264; 
16, -339.6850403439021; 
16, -192.91617760411464; 
16, -248.94201290304773; 
16, -323.7905426332727; 
16, -351.61127722472884; 
16, -208.55641434621066; 
16, -402.39695022953674; 
16, -393.60639236762654; 
16, -334.51578760670964; 
16, -257.9722504117526; 
16, -269.1458512453828; 
16, -305.415978115052; 
16, -359.31379625643604; 
16, -396.74577960546594; 
16, -389.81236992392223; 
16, -398.3345879940316; 
16, -296.41077119577676; 
16, -237.62065122788772; 
16, -203.17155941063538; 
16, -409.93044091842603; 
16, -397.795133426087; 
16, -326.59027944190893; 
16, -178.998447884107; 
16, -357.7789824598003; 
16, -369.2664961294504; 
16, -396.091138392454; 
16, -402.7134442979004; 
16, -417.43010848155245; 
16, -405.6824480885407; 
16, -392.4618482005317; 
16, -405.64712113165297; 
16, -391.79843049973715; 
16, -401.981601835927; 
16, -393.75557708961423; 
16, -407.0454031394329; 
16, -396.0119294801261; 
16, -398.6261164173484; 
16, -388.98276364721823; 
16, -399.10896891879383; 
16, -408.30805860599503; 
16, -331.8678989355685; 
16, -227.15172812493984; 
16, -382.0876750253374; 
16, -387.2978669666918; 
16, -403.61878843663726; 
16, -410.76790721481666; 
16, -318.77527393517084; 
16, -205.18538544047624; 
16, -247.69382909720298; 
16, -232.0753397210501; 
16, -350.93214884167537; 
16, -399.6281675421633; 
16, -374.6641901466064; 
16, -190.30623393226415; 
16, -330.1560095769819; 
16, -388.471094701672; 
16, -386.7505055612419; 
16, -396.41827063355595; 
16, -402.2918163073482; 
16, -372.6595375253819; 
16, -380.9988508489914; 
16, -395.49185411585495; 
16, -381.15494050539564; 
16, -381.7434223284945; 
16, -345.95126083423384; 
16, -358.580980928964; 
16, -181.11308763106354; 
16, -316.02566535561346; 
16, -332.2435632700799; 
16, -220.92690024990588; 
16, -250.14052189223003; 
16, -335.14805102779064; 
16, -339.35040372854564; 
16, -166.06900032248814; 
16, -195.98380141868256; 
16, -217.53390435059555; 
16, -399.513337424607; 
16, -398.9231338246027; 
16, -371.1069335141219; 
16, -303.6175185474567; 
16, -308.6998374806717; 
16, -389.31952150783036; 
16, -319.46395801671315; 
16, -200.65151308348868; 
16, -314.8053604111774; 
16, -210.82040352514014; 
16, -372.9804226849228; 
16, -245.93588294449728; 
16, -170.06670599151403; 
16, -319.80760960734915; 
16, -281.70067555992864; 
16, -284.93499611108564; 
16, -353.56922099459916; 
16, -421.27452001161873; 
16, -309.3707987474045; 
16, -213.77332903433125; 
16, -414.347486282466; 
16, -398.12438580114394; 
16, -406.6872561543714; 
16, -402.9815713954158; 
16, -307.00151838362217; 
16, -295.5643512464594; 
16, -314.8472346831113; 
16, -327.8477615334559; 
16, -324.03641809732653; 
16, -181.10559718322475; 
16, -289.90079185180366; 
16, -285.9023232072359; 
16, -359.9731894605793; 
16, -394.15185763989575; 
16, -250.47248134948313; 
16, -344.852256103768; 
16, -351.08119895879645; 
16, -202.20895228045993; 
16, -314.60079196852166; 
16, -356.1564594525844; 
16, -398.1341479466064; 
16, -330.65327319083735; 
16, -310.170095355832; 
16, -309.3717109708814; 
